lat,lon,t_start,t_end,climb_rate_ms,alt_gain_m,duration_s,circle_id,seg_id,avg_speed_kmh,turn_radius_m,circle_diameter_m,bank_angle_deg,bank_std_deg,bank_range_deg,bank_masd_deg
-32.13343148148148,116.96743703703704,447.0,479.0,2.408333333333313,77.06666666666601,32.0,0,,114.47334376037365,161.94665343752214,323.8933068750443,32.474622116767655,2.433900322115745,6.827986656952536,1.840134561399305
-32.133218518518525,116.96751666666667,479.0,511.0,2.35416666666666,75.33333333333312,32.0,2,,117.93836369656276,166.84865388869068,333.69730777738135,33.25335770527395,2.431470006525948,6.8709589606876875,2.180187464802199
-32.132610416666665,116.96730625000001,511.0,539.0,2.5684523809524107,71.9166666666675,28.0,4,,114.65350100303002,141.9263333244074,283.8526666488148,36.07384618817056,2.521909425955312,7.209946528359808,1.929773357263052
-32.1317462962963,116.96656481481483,539.0,571.0,0.9791666666666594,31.3333333333331,32.0,6,,123.5876744893963,174.84079377972938,349.68158755945876,34.493794578052146,3.1205985532464724,10.306628121555487,2.197983255800368
-32.13171041666667,116.96666041666667,571.0,599.0,2.166666666666671,60.666666666666785,28.0,8,,119.80336848774466,148.301208952434,296.602417904868,37.279699214421086,2.47243163006628,7.893744200276636,1.7608769944051221
-32.13116481481482,116.96602962962963,599.0,631.0,1.3041666666666647,41.73333333333327,32.0,10,,115.44037456251074,163.31472216891981,326.62944433783963,32.693330882563,3.443549965927245,9.432228900796702,3.6983261875864804
-32.13024074074073,116.96547407407405,667.0,699.0,1.2416666666666483,39.733333333332745,32.0,12,,126.624758293223,179.1373884460703,358.2747768921406,35.14581576624278,4.213072716196782,10.662131420645231,1.8238201147566286
-32.13045185185185,116.96355555555556,699.0,731.0,1.8583333333333167,59.466666666666136,32.0,14,,120.79874616226616,170.89526729802472,341.79053459604944,33.885927345106055,5.188424345890551,13.131066847620161,3.25854317392854
-32.13041481481481,116.9615574074074,731.0,763.0,1.074999999999994,34.39999999999981,32.0,16,,123.7659775028078,175.09304094375267,350.18608188750534,34.53235935339396,2.174130146052741,7.034589861725394,2.374838724455061
-32.130914583333336,116.96051666666666,763.0,791.0,1.3035714285714664,36.50000000000106,28.0,18,,127.93735386009979,158.37003990058113,316.74007980116227,39.108343594185904,3.7598474036623166,9.997708392966274,3.229401579561378
-32.132320370370365,116.95978518518518,827.0,859.0,1.7249999999999805,55.19999999999938,32.0,20,,116.3006282975994,164.53173225116538,329.06346450233076,32.8869940397478,2.21546266104447,6.1886829924077205,2.1300919956634923
-32.1323,116.95862222222223,859.0,891.0,0.2749999999999762,8.799999999999239,32.0,22,,118.77577449903966,168.0333478319151,336.0666956638302,33.439509950260074,2.89898310211654,8.766534863195766,2.6377871372427544
-32.13221875,116.958225,891.0,919.0,0.5565476190476255,15.583333333333513,28.0,24,,120.58384732234941,149.2673416763691,298.5346833527382,37.45916500357134,3.186865327022898,10.491017770525247,2.856597011651703
-32.132052083333335,116.95777083333334,919.0,947.0,0.2797619047619331,7.833333333334126,28.0,26,,120.98394897241673,149.7626162179603,299.5252324359206,37.55083309728079,3.769465736298167,9.975638206017898,3.715079046438612
-32.14643541666666,117.09442291666667,1394.0,1422.0,3.273809523809537,91.66666666666704,28.0,28,,121.35818475228506,150.22587212877727,300.45174425755454,37.636371411009115,2.2911269773961083,6.898866982599195,1.572239168622378
-32.14652083333334,117.09368333333333,1422.0,1450.0,3.7529761904762053,105.08333333333375,28.0,30,,124.80174010303888,154.4885521189785,308.977104237957,38.41427422883027,1.7930442597086445,5.162642022274554,1.3594119556629423
-32.146458333333335,117.09265833333333,1450.0,1478.0,3.7559523809524076,105.16666666666741,28.0,32,,121.41184330058537,150.29229453145274,300.5845890629055,37.6486199230696,2.1384124954848995,6.180398799831131,2.336360461102371
-32.14678333333333,117.09177708333333,1478.0,1506.0,4.517857142857143,126.50000000000001,28.0,34,,112.52006675062708,139.28541526971804,278.5708305394361,35.56316186093668,3.8993589251900165,10.44331302008506,1.95264510938709
-32.14674074074074,117.09101666666668,1506.0,1538.0,3.812499999999984,121.99999999999949,32.0,36,,112.670407169042,159.3960199211516,318.7920398423032,32.06400807089942,2.4454041867893865,6.749324618884934,1.8937038985796875
-32.14666458333333,117.09067291666668,1538.0,1566.0,3.895833333333331,109.08333333333326,28.0,38,,115.68111788103549,143.19839125793476,286.3967825158695,36.31748972602343,1.4967473935260058,4.878065118986953,1.7009633553766268
-32.14676851851852,117.09066296296298,1566.0,1598.0,3.549999999999987,113.59999999999958,32.0,40,,114.90070724812553,162.5512490959462,325.1024981918924,32.571408488050885,1.9356529850752415,6.012982358764102,2.0839799830831245
-32.14739074074075,117.09041296296294,1598.0,1630.0,4.150000000000016,132.80000000000052,32.0,42,,120.12069655891008,169.93602333326368,339.87204666652735,33.73681544935529,3.717871082816596,10.624693591294719,2.650524396263885
-32.1476537037037,117.0901222222222,1630.0,1662.0,2.470833333333333,79.06666666666666,32.0,44,,124.76622123145722,176.5080963545191,353.0161927090382,34.74803865486837,2.1855190766754182,7.426647231939903,1.837916316353594
-32.21895416666666,117.38099583333334,2374.0,2402.0,2.502976190476214,70.08333333333398,28.0,46,,111.63884960319581,138.19458143121005,276.3891628624201,35.350301787683065,0.9645336385147992,2.7629007994305397,1.4329163478632836
-32.21865,117.38175208333334,2402.0,2430.0,2.9553571428571397,82.74999999999991,28.0,48,,114.873018650306,142.19806802509532,284.39613605019065,36.12602028113507,3.0721592134997073,8.491635578188763,3.1091713067762305
-32.21867037037037,117.38252777777777,2430.0,2462.0,2.5749999999999713,82.39999999999908,32.0,50,,116.70936945748517,165.10998270486257,330.21996540972515,32.978715755101746,2.336452978464454,7.587762740433313,2.3577031331766327
-32.21895555555555,117.38306666666666,2462.0,2494.0,3.2499999999999805,103.99999999999937,32.0,52,,117.31261596540159,165.96340193719877,331.92680387439754,33.11373717930663,4.0852030570068,12.19241335503747,3.640406934181318
-32.218839583333335,117.38315833333333,2494.0,2522.0,3.2172619047619273,90.08333333333397,28.0,54,,117.02823713584678,144.8659521672263,289.7319043344526,36.63459404657476,2.563888413534351,7.363931269542469,2.0861575359170423
-32.21869583333333,117.38301666666666,2522.0,2550.0,3.8363095238095575,107.41666666666761,28.0,56,,117.71976106931994,145.72197012939324,291.4439402587865,36.79636857477203,2.683867654691197,8.16611540772351,2.473126180123581
-32.21844629629629,117.38312037037036,2550.0,2582.0,3.5041666666666655,112.1333333333333,32.0,58,,126.43856328182662,178.8739763888011,357.7479527776022,35.10613887158525,1.5956020349152475,4.326927858565718,2.007172246289991
-32.21830625,117.38298333333334,2582.0,2610.0,5.0505952380952674,141.41666666666748,28.0,60,,121.00286153910089,149.7860275505385,299.572055101077,37.55516062309265,3.684888439543209,9.172902073854551,2.5208515037151784
-32.217346296296306,117.38287037037038,2610.0,2642.0,3.7833333333333177,121.06666666666617,32.0,62,,120.10853635388312,169.9188201622499,339.8376403244998,33.73413651695818,2.4635799218445817,7.533684568319089,2.0989781289127003
-32.21690555555555,117.3828925925926,2642.0,2674.0,3.354166666666674,107.33333333333357,32.0,64,,121.37306749701378,171.70776578112,343.41553156224,34.011821698850035,1.8816058088586316,5.112871205839127,1.1642540981740106
-32.216609259259265,117.38215000000001,2674.0,2706.0,3.166666666666633,101.33333333333226,32.0,66,,115.34142322679232,163.1747346648742,326.3494693297484,32.6710005318874,1.0733312365512393,3.0115232647990453,1.2279773211157428
-32.29194583333333,117.65575208333334,3462.0,3490.0,2.0625000000000004,57.750000000000014,28.0,68,,114.3914066566499,141.6018941294298,283.2037882588596,36.01146184241936,3.5565927135628796,11.330353965502493,3.922194401569602
-32.29233518518519,117.65466111111111,3490.0,3522.0,2.5541666666666565,81.73333333333301,32.0,70,,117.34068091931871,166.00310572514152,332.00621145028305,33.120008730669234,3.554568880591966,11.709015011063876,3.0386944219344056
-32.312983333333335,117.77349791666667,3826.0,3854.0,2.050595238095269,57.416666666667524,28.0,72,,121.48012947916185,150.3768240648495,300.753648129699,37.66420161016531,2.1235139494764566,6.696366895187346,2.4059175774386445
-32.313250000000004,117.77255925925925,3854.0,3886.0,1.3833333333333122,44.26666666666599,32.0,74,,116.51296506769705,164.83212733170947,329.66425466341894,32.934666255554454,3.723751230826474,10.3979703969039,2.897427453337535
-32.31432916666667,117.7714,3886.0,3914.0,3.9583333333333734,110.83333333333445,28.0,76,,115.32166889259028,142.75343949893136,285.5068789978627,36.232438322838085,4.378012828144136,10.643570052554765,2.5985405215181827
-32.31464444444444,117.77037222222222,3914.0,3946.0,3.391666666666644,108.5333333333326,32.0,78,,111.96991145047186,158.4050211991503,316.8100423983006,31.903468963471727,2.507095455766479,8.10848219208371,2.582609384420885
-32.314904166666665,117.76916875,3946.0,3974.0,3.0803571428571295,86.24999999999963,28.0,80,,123.66728290246832,153.08423956522407,306.16847913044813,38.15982221431427,4.146009844969364,10.096066608627396,1.8117375749950675
-32.31519791666666,117.76825,3974.0,4002.0,3.3571428571429083,94.00000000000144,28.0,82,,126.44347621841203,156.520810925755,313.04162185151,38.77935695813734,2.081704168602558,5.34367796020333,2.4336256051145724
-32.15044523809524,117.76480714285715,4674.0,4698.0,2.767857142857173,66.42857142857216,24.0,84,,125.53240005357507,133.1940132447719,266.3880264895438,42.940589312129084,2.0556513803510454,5.881075642911412,1.729600305071817
-32.15024791666667,117.7650625,4698.0,4726.0,3.035714285714328,85.0000000000012,28.0,86,,125.8106499103292,155.73745309758854,311.4749061951771,38.63907129485877,1.2781563371047788,3.6076487178316796,0.8729431768919795
-32.15081458333333,117.76523958333333,4726.0,4755.0,2.841448189762825,82.40199750312193,29.0,88,,129.85566563955064,166.48554477101757,332.97108954203514,38.54281792817973,3.5740634860701674,10.105439541249254,3.1410215830526966
-32.150995238095234,117.7654261904762,4755.0,4780.0,1.7944890929965909,44.86222732491477,25.0,90,,128.98135257531857,142.55569325722578,285.11138651445157,42.548816470978224,5.170442250312222,15.252642723163504,5.894584430118338
-32.15184791666667,117.76592916666667,4780.0,4808.0,2.214285714285732,62.0000000000005,28.0,92,,135.00094804566092,167.11386380545954,334.2277276109191,40.623064649435776,3.503722071282966,7.963823034805628,1.85058164542194
-31.949247916666664,117.67578125,5365.0,5393.0,2.1369047619047845,59.83333333333397,28.0,94,,111.99387563678887,138.63405813921952,277.26811627843904,35.436194653602946,3.9798492120493956,11.727812813546212,4.174220790771471
-31.949245238095237,117.67639761904762,5393.0,5418.0,2.6923076923077103,67.30769230769276,25.0,96,,109.33130435682364,120.83762168800662,241.67524337601324,37.88504422236901,1.969149600378502,5.591268665759415,2.8608165138020665
-31.94882619047619,117.67663095238096,5418.0,5442.0,1.964285714285701,47.142857142856826,24.0,98,,113.19702325242801,120.10577195941424,240.21154391882848,40.00120795059004,3.6803651174193157,9.701311508717403,1.9402623017434806
-31.948783333333335,117.67696666666667,5442.0,5471.0,3.2853575887283966,95.2753700731235,29.0,100,,113.61554335925761,145.6643846647847,291.3287693295694,34.87744590798883,6.971028397609069,20.27905614769105,4.688726430108901
-31.9458625,117.67724166666667,5582.0,5611.0,2.4387372926699147,70.72338148742753,29.0,102,,114.2604549693615,146.491213900217,292.982427800434,35.02972975430714,2.142091966674576,6.1262850642533095,2.186905344544082
-31.945404166666666,117.67758125,5611.0,5639.0,2.699404761904795,75.58333333333427,28.0,104,,115.56340286203113,143.05267515787375,286.1053503157475,36.28965686733387,3.928432633187439,11.454384428507879,2.8517112190173357
-31.774678571428574,117.61237857142858,6143.0,6168.0,4.321366024518418,108.03415061296045,25.0,106,,113.4316863692624,125.3695388119283,250.7390776238566,38.91186065618394,2.14254982867701,5.552380918632068,2.9858345321525777
-31.77493095238095,117.6131357142857,6168.0,6193.0,3.9141993957704444,97.85498489426111,25.0,108,,114.25432139193293,126.27875013289031,252.55750026578062,39.114368101240835,2.125069150570552,4.910571099790168,1.2762079526852943
-31.775133333333336,117.61375238095236,6193.0,6217.0,3.6875000000000164,88.5000000000004,24.0,110,,119.41111953739755,126.69913289676013,253.39826579352027,41.5152856648655,2.044641210110657,5.241551443379322,1.9857988744249113
-31.775188888888888,117.61435833333333,6217.0,6238.0,3.8053191489361144,79.9117021276584,21.0,112,,118.92371116537703,110.40922948301504,220.81845896603008,45.214877628181036,2.789378431391924,6.8368656915610515,3.036753053265505
-31.775252380952377,117.61484047619047,6238.0,6262.0,3.330357142857187,79.9285714285725,24.0,114,,117.5193073148441,124.69185778595316,249.38371557190632,41.06162692690362,1.2395552258547426,3.1707630748731006,1.3470091561193727
-31.77532857142857,117.61559285714286,6262.0,6287.0,3.4193455797933767,85.48363949483442,25.0,116,,118.33324524725803,130.78695078615726,261.5739015723145,40.101475982349854,3.6851738520578516,10.687308539413294,3.664775806479237
-31.77549761904762,117.61620476190477,6287.0,6311.0,3.669642857142875,88.071428571429,24.0,118,,118.45176972742179,125.68123113401406,251.3624622680281,41.28602094364651,1.9929603393396185,5.437081302135695,1.8346175778090015
-31.77571666666667,117.61674047619047,6311.0,6336.0,3.6160120845921018,90.40030211480254,25.0,120,,115.53544373744145,127.69470120228728,255.38940240457455,39.42743833410802,3.438690406828806,9.717811410536498,4.148397161149428
-31.775816666666667,117.61737916666667,6336.0,6365.0,3.626809742803655,105.177482541306,29.0,122,,112.78526165702381,144.59989586617118,289.19979173234236,34.6805563256191,2.785515311590472,8.1659847364403,3.1853243699423914
-31.775795238095238,117.61789047619048,6365.0,6389.0,2.8482142857142976,68.35714285714315,24.0,124,,117.14028734271486,124.28970510532035,248.5794102106407,40.96997682087386,3.8343129832286094,9.05818422191971,3.316196563855351
-31.402472222222222,117.47435000000002,7271.0,7303.0,1.5499999999999985,49.59999999999995,32.0,126,,121.71300517111362,172.18867921379692,344.37735842759383,34.086162488689176,5.068401985493705,16.134019020434476,4.057598784506111
-31.402022916666667,117.47488958333332,7303.0,7332.0,1.9752095594792374,57.281077224897885,29.0,128,,116.75398099715831,149.6881174553594,299.3762349107188,35.61322007866081,2.5314233191175965,7.170711732177864,3.5109911490755366
-31.400722916666666,117.47747708333333,7398.0,7426.0,1.6398809523809612,45.91666666666691,28.0,130,,113.67590461608224,140.71619434516225,281.4323886903245,35.840652502232714,2.036510545903487,4.611616684079074,2.8425991232617505
-31.402131249999996,117.47782916666667,7459.0,7488.0,2.0185658320558724,58.5384091296203,29.0,132,,108.57646800657325,139.20387944845822,278.40775889691645,33.66798816534896,2.461950846879272,6.2520533974355885,3.270631930519599
-31.402333333333335,117.47781875,7488.0,7517.0,2.029106029105993,58.84407484407379,29.0,134,,107.2066446354278,137.44765426519783,274.89530853039565,33.333175368709725,1.9340765985786834,5.831008058302139,2.3643291521221173
-31.402553703703706,117.47799814814815,7517.0,7549.0,1.9833333333333096,63.46666666666591,32.0,136,,106.36844174188695,150.48056259736535,300.9611251947307,30.599483769625053,5.161066208392923,14.741860309675282,3.619171258118936
-31.30709375,117.43717083333334,7996.0,8025.0,2.266937669376728,65.74119241192511,29.0,138,,116.02056888386903,148.74782336328983,297.49564672657965,35.44247387628248,5.213510953542854,15.239017778790409,6.568699047767587
-31.179278985507253,117.38393768115945,8358.0,8383.0,1.8143804363325002,45.35951090831251,25.0,140,,115.35472068276925,127.49495837255293,254.98991674510586,39.38344404753899,7.557725338470996,31.967255853148338,8.935206600602081
-31.179492753623194,117.38387173913043,8383.0,8408.0,1.809019066733518,45.22547666833795,25.0,142,,118.26467905479926,130.71116850519334,261.4223370103867,40.085114591791516,7.058621791032348,24.352144420677895,7.491888395732812
-31.18011428571429,117.38429523809523,8408.0,8432.0,2.1428571428571512,51.42857142857163,24.0,144,,113.22156626685802,120.13181290651364,240.2636258130273,40.00732442711385,6.480349126201752,17.91586000654855,4.462963624283138
-31.341216666666668,117.31326458333334,9158.0,9186.0,3.869047619047637,108.33333333333383,28.0,146,,124.86918321552217,154.5720380446502,309.1440760893004,38.42934518631568,1.9171891045968599,5.471076653736326,2.320041642271909
-31.55016296296296,117.19557592592592,9900.0,9932.0,2.024999999999971,64.79999999999907,32.0,148,,133.25231329845496,188.5134607989245,377.026921597849,36.533077418360584,5.630788370801192,14.635786784379675,4.297902606163572
-31.55044791666667,117.19623125,9965.0,9994.0,1.2691194004428508,36.80446261284267,29.0,150,,132.90727748450763,170.39795981995027,340.79591963990055,39.19305413279986,3.8816442728461125,10.586664755951915,2.9076802337572167
