lat,lon,t_start,t_end,climb_rate_ms,alt_gain_m,duration_s,circle_id,seg_id,avg_speed_kmh,turn_radius_m,circle_diameter_m,bank_angle_deg,bank_std_deg,bank_range_deg,bank_masd_deg
-32.93893958333334,117.10767500000001,123.0,146.0,1.3139130434782675,30.220000000000155,23.0,0,,98.41866781635704,100.07438942675736,200.14877885351473,37.28215663251426,7.9783398744302385,29.230759472960845,12.027885098745326
-32.93808735632184,117.10707758620688,146.0,174.0,2.697044334975336,75.51724137930941,28.0,2,,94.80818938349664,117.360382113147,234.720764226294,31.06541385713024,10.012601077176901,48.87215196276586,13.710915516474543
-32.93779494949495,117.10653131313131,174.0,206.0,0.9682486631015467,30.983957219249493,32.0,4,,98.53019316949631,139.39170921533014,278.7834184306603,28.714244070156017,8.666899324170902,41.24827883853937,9.877921142653538
-32.97855641025641,116.98953782051282,638.0,663.0,3.257777777777804,81.4444444444451,25.0,6,,94.75265117870387,104.72467226495016,209.44934452990032,33.99218920773595,9.021331629132014,30.383648967347064,10.2201739718323
-32.977691666666665,116.99084615384616,663.0,688.0,2.7562393162393564,68.9059829059839,25.0,8,,96.14904260969122,106.26802364503907,212.53604729007813,34.381793559898576,9.11299913010485,40.106239837115794,10.806945760521694
-32.97665416666667,116.99264702380954,688.0,715.0,2.7416529830323277,74.02463054187285,27.0,10,,97.45285147038935,116.3257727243456,232.6515454486912,32.70670804710469,8.212091963521813,39.78077696773094,9.17223089310909
-33.01670681818182,117.03038333333335,1606.0,1627.0,2.1626199887069166,45.41501976284525,21.0,12,,93.53521291974401,86.83845035442599,173.67690070885197,38.394572655787904,8.221895769317527,32.1102138685126,9.375723988323674
-33.01549933333334,117.03032333333334,1627.0,1651.0,1.5984615384615088,38.363076923076214,24.0,14,,90.02040062560468,95.51461159118489,191.02922318236978,33.716213737569475,5.814858170786172,19.090405631470855,8.414287693110936
-33.01437068965517,117.03030459770116,1651.0,1679.0,1.5256157635468042,42.717241379310515,28.0,16,,90.8961270324661,112.51775052875647,225.03550105751293,30.008931709034382,10.192877317942362,38.94430231239977,11.93264572168042
-33.01238620689656,117.03079770114942,1679.0,1707.0,1.3620689655172284,38.1379310344824,28.0,18,,97.40793667688719,120.57853592173609,241.15707184347218,31.7547931408382,8.736570902462582,36.14903667320519,8.6711529251462
-33.011677536231886,117.0311420289855,1707.0,1729.0,1.4466403162054968,31.826086956520932,22.0,20,,96.33812331425818,93.69976326126017,187.39952652252035,37.9215587307363,5.236642742562714,22.810573861515145,6.79349913387406
-33.010694871794875,117.03145833333335,1729.0,1754.0,0.9172649572649813,22.931623931624532,25.0,22,,98.70919328805195,109.09761139171391,218.19522278342782,35.086776862491725,7.019492123626708,29.43965834000676,8.680539892738242
-33.009080128205134,117.03200384615387,1754.0,1779.0,1.125811965811997,28.145299145299923,25.0,24,,104.13253324095362,115.09171806929773,230.18343613859545,36.54075409656593,7.013605138265199,28.996229168275093,8.532720028581501
-33.00800961538461,117.03269038461539,1779.0,1804.0,0.607521367521396,15.1880341880349,25.0,26,,100.82747630694249,111.43882815090872,222.87765630181744,35.66102327698547,5.609678577145201,24.843823463588755,4.835371737289049
-33.038799999999995,117.09021594202898,2065.0,2087.0,3.1630434782608448,69.58695652173859,22.0,28,,101.51612333779507,98.73595620005702,197.47191240011404,39.384542707312235,6.370615010247957,22.838032830628784,7.50369803657809
-33.038224666666665,117.09024533333336,2087.0,2111.0,2.906153846153861,69.74769230769266,24.0,30,,98.79793403457016,104.82786379245897,209.65572758491794,36.21883643082898,7.095166408578146,23.445661611850614,9.373887630439038
-33.03790333333333,117.090172,2111.0,2135.0,2.639230769230783,63.34153846153879,24.0,32,,97.42527042988058,103.37142247320106,206.74284494640213,35.83752090700584,5.931417869516468,19.557376933122836,7.020271079290922
-33.0378619047619,117.0901285714286,2135.0,2162.0,2.273125342090853,61.374384236453025,27.0,34,,98.29081300004025,117.32601562108148,234.65203124216296,32.93014461385571,11.763122203674895,46.78052439006675,9.135416461768935
-33.03822756410257,117.09020320512819,2162.0,2187.0,2.406495726495756,60.162393162393904,25.0,36,,100.82667864148138,111.43794653701241,222.87589307402482,35.660808573732496,7.307208561765166,30.61958393829756,5.653410943735159
-33.037359770114946,117.08916896551726,2187.0,2215.0,2.9748768472906373,83.29655172413784,28.0,38,,102.69846066395559,127.12752626464413,254.25505252928826,33.126485702628514,8.735479829695933,32.71383563425289,7.469165903877753
-33.03685897435898,117.08848525641027,2215.0,2240.0,2.3600000000000088,59.00000000000022,25.0,40,,97.02901107834501,107.24060233636722,214.48120467273444,34.62546583712811,6.136868655598115,21.63139723299028,7.543701856306882
-33.03586266666667,117.08750800000001,2240.0,2264.0,1.9438461538461655,46.65230769230797,24.0,42,,99.21064737781447,105.26576625017438,210.53153250034876,36.332764318730064,6.523795693908026,27.636584183533493,8.09763112234671
-33.03528444444445,117.08607,2264.0,2293.0,2.9450500556173553,85.40645161290331,29.0,44,,99.52053418741309,127.59343436030831,255.18686872061662,31.40625928789436,7.1163185571176175,28.85731449711957,9.18687496170971
-33.0349796875,117.08502708333333,2293.0,2324.0,2.232587976539656,69.21022727272933,31.0,46,,92.05810061290694,126.16570963612516,252.33141927225032,27.849023065332503,8.554773021607339,36.197990684081134,9.818372915844117
-32.94275303030303,117.2894053030303,3373.0,3394.0,1.575381140598474,33.08300395256795,21.0,48,,99.37120089999728,92.25660397457213,184.51320794914426,40.09331692061276,7.989451505789258,31.92845201151089,9.210234698472807
-32.94172608695652,117.29009927536232,3394.0,3416.0,1.7233201581027267,37.913043478259986,22.0,50,,95.28864434999409,92.67902580949932,185.35805161899864,37.61770771806298,8.70767669586263,34.55451105038541,7.626068579401926
-32.928870833333335,117.26394027777779,3539.0,3562.0,3.0130434782608604,69.29999999999978,23.0,52,,94.90862613677582,96.50529744715448,193.01059489430895,36.28434252301119,6.801732263537955,21.605753546476258,7.452846760066791
-32.927855072463764,117.26430797101446,3562.0,3584.0,2.820158102766743,62.04347826086834,22.0,54,,93.26032212609972,90.70625214879084,181.41250429758168,37.02334874093769,6.188463287381726,26.860301104842268,8.230580994595954
-32.92699066666667,117.26493133333334,3584.0,3608.0,2.8792307692307726,69.10153846153854,24.0,56,,94.79803452632459,100.58383860173814,201.16767720347627,35.09735763726111,7.087197085798661,30.84553287094874,7.841214082247881
-32.92595466666667,117.26557533333333,3608.0,3632.0,2.3876923076923178,57.30461538461563,24.0,58,,98.02977013683247,104.0128165829277,208.0256331658554,36.00590124670952,6.373968216112375,24.369735805960087,7.674341023018406
-32.96683733333333,117.01176133333333,4854.0,4878.0,4.548461538461574,109.16307692307777,24.0,60,,103.65279661711185,109.97903297941492,219.95806595882985,37.53808819075922,8.756773325254606,28.572889403912384,11.351263523616467
-32.96622777777778,117.01204097222222,4878.0,4901.0,4.676521739130448,107.5600000000003,23.0,62,,100.3780073274137,102.06669139140688,204.13338278281375,37.82790977606888,5.412029913109333,24.20024688074775,6.730584818551605
-32.96567407407407,117.01265925925927,4901.0,4927.0,2.86813186813185,74.5714285714281,26.0,64,,99.89430720335682,114.82374784222742,229.64749568445484,34.35489491423997,10.840744504460895,50.322540887752766,10.67390696556876
-33.03337847222222,116.99403333333332,5811.0,5834.0,4.83956521739129,111.30999999999968,23.0,66,,97.65446896584395,99.29733426981875,198.5946685396375,37.06712417993032,6.897500413941475,26.61449210836859,8.939488136396276
-33.032028787878794,116.99426616161617,5834.0,5866.0,2.7987967914438117,89.56149732620197,32.0,68,,110.0776399000544,155.7280045687405,311.456009137481,31.466988773941814,11.445069895669514,44.317033932355,9.215546069055321
-33.03092111111111,116.99374611111112,5866.0,5895.0,3.149054505005527,91.32258064516029,29.0,70,,110.60256944989155,141.80150659773105,283.6030131954621,34.15846915575533,8.676937526803242,41.651969425239834,10.431893174896818
-33.05049642857143,117.17437857142856,6451.0,6478.0,1.1814449917898067,31.89901477832478,27.0,72,,96.40634139204234,115.0765933346125,230.153186669225,32.42608390152553,10.761500406077067,37.946756352489196,9.39596795853615
-32.942404301075264,117.06328225806452,8123.0,8153.0,-0.84596774193549,-25.379032258064697,30.0,74,,103.37183599151292,137.10115562111648,274.20231124223295,31.50999374464168,7.848454921130036,34.15248436003877,10.272809098927844
