lat,lon,t_start,t_end,climb_rate_ms,alt_gain_m,duration_s,circle_id,seg_id,avg_speed_kmh,turn_radius_m,circle_diameter_m,bank_angle_deg,bank_std_deg,bank_range_deg,bank_masd_deg
-32.12688703703704,116.9567648148148,244.0,276.0,2.2249999999999877,71.1999999999996,32.0,0,,106.11384102175201,150.12037625848328,300.24075251696655,30.53935801143507,6.174101853657044,16.121210772100774,4.962659570123705
-32.12513333333334,116.9543388888889,276.0,308.0,2.4458333333333266,78.26666666666645,32.0,2,,101.55130959599306,143.6657146636242,287.3314293272484,29.449244248008604,2.681810668731353,7.594652219864269,2.8903903456155104
-32.12439565217392,116.95273405797104,308.0,332.0,2.4693551033803915,59.2645224811294,24.0,4,,102.10591574825985,108.33774140173438,216.67548280346875,37.12268320652216,7.5451157522811645,37.00804809248751,6.492937554807221
-32.12376217948718,116.95093717948717,332.0,361.0,2.2655829596412618,65.7019058295966,29.0,6,,102.11009506919416,130.91346242375639,261.82692484751277,32.0646489164214,6.512649021961395,23.854419135481074,8.862648034484643
-32.122601190476196,116.94917797619048,361.0,388.0,3.2703886152162074,88.3004926108376,27.0,8,,106.46056829793154,127.077942667411,254.155885334822,35.05001347145233,5.759771199145747,21.05667568463654,7.172818728505321
-32.12181277777777,116.94706388888889,388.0,417.0,2.9933259176863176,86.80645161290322,29.0,10,,109.72739854391007,140.67946618207057,281.35893236414114,33.94729934611486,6.436452340577749,22.038954913378408,8.916440725144897
-32.12150333333333,116.94505000000001,417.0,446.0,3.5717463848720827,103.5806451612904,29.0,12,,113.40203716457185,145.3906523254279,290.7813046508558,34.82690566914317,6.944425610548779,30.4520489245337,7.60172925156385
-32.121111904761904,116.96072857142859,609.0,633.0,2.2767857142857117,54.64285714285708,24.0,14,,104.75042614670747,111.14365408154009,222.28730816308018,37.830071336258094,3.851659111858857,10.855964720488238,4.9082241589154165
-32.11761666666667,116.96235000000001,709.0,741.0,1.8083333333333036,57.866666666665715,32.0,16,,100.70300012876973,142.46560226379978,284.93120452759956,29.243920243033866,14.835818102594445,38.88856593681112,11.958992743868981
-32.023175,116.96035,1225.0,1253.0,1.6815476190476468,47.08333333333411,28.0,18,,106.24712992099936,131.5203237930856,263.0406475861712,34.023250978942016,3.5783156541341996,9.978104909948687,3.2343716339397326
-31.959280952380954,116.94366666666666,1442.0,1466.0,1.5982142857143016,38.35714285714324,24.0,20,,109.14868864852086,115.81035553606895,231.6207110721379,38.977188724510114,1.9618540209145583,5.18952605417747,2.404936442730947
-31.903653703703704,116.92993888888888,1639.0,1671.0,1.5624999999999778,49.99999999999929,32.0,22,,110.05100073601618,155.69031786086032,311.38063572172064,31.460814750264074,14.223956454608366,39.84744939589151,11.907592268986933
-31.702613888888887,116.89480555555558,2283.0,2303.0,1.821428571428552,36.42857142857104,20.0,24,,104.3921629811308,92.30293754723186,184.60587509446373,42.8809392177628,1.785389484343258,4.2083345807426085,2.4204775338832327
-31.702238095238094,116.89371666666668,2303.0,2327.0,1.4375000000000047,34.500000000000114,24.0,26,,106.15163474271897,112.63038257726066,225.26076515452132,38.19948037428937,2.3921822758548363,7.207549140113194,2.79681925545123
-31.701922916666668,116.89134791666666,2327.0,2355.0,1.9791666666666867,55.416666666667226,28.0,28,,107.55851161733598,133.14364618726944,266.2872923745389,34.349938832071885,8.864990974877607,24.988628984004137,7.137357576002613
-31.701222222222224,116.88998888888888,2355.0,2375.0,1.8285714285714536,36.571428571429074,20.0,30,,108.68080130183188,96.09492636874799,192.18985273749598,44.032567973494764,2.9374436027114146,7.934216539880602,3.99622756286848
-31.7003,116.88862083333333,2375.0,2403.0,2.1875000000000093,61.25000000000026,28.0,32,,111.78533223213945,138.37590814378152,276.75181628756303,35.38576308792916,7.76160673634854,17.872035567762047,4.668078559692204
-31.657847619047622,116.87771904761905,2535.0,2559.0,2.517857142857157,60.42857142857177,24.0,34,,105.24469061641135,111.66808497186054,223.33616994372107,37.96080247003022,3.1254772969313254,8.518361684127996,2.2672051156166093
-31.65700208333333,116.87641041666667,2559.0,2587.0,2.205357142857174,61.75000000000087,28.0,36,,103.52794652597353,128.15432340481635,256.3086468096327,33.33777048072454,7.748906641404239,19.6056020921445,7.195164951074297
-31.577816666666667,116.85750238095238,2919.0,2943.0,3.348214285714329,80.3571428571439,24.0,38,,104.72737075078267,111.1191915466976,222.2383830933952,37.8239619288482,4.2836891497293115,11.830381110476843,4.327419579996311
-31.576722916666668,116.85621666666667,2943.0,2971.0,2.96726190476191,83.08333333333348,28.0,40,,106.55758258497262,131.90462438472088,263.80924876944175,34.100818792689694,5.178718693693452,13.828656661565446,4.067108870271286
-31.387057142857145,116.82989523809523,3531.0,3555.0,2.330357142857148,55.92857142857156,24.0,42,,104.24325803317262,110.60553199988901,221.21106399977802,37.695443962524,6.103045953662638,17.770830681633612,6.30121935921329
-31.38598125,116.8282625,3555.0,3584.0,2.3333333333333077,67.66666666666592,29.0,44,,108.05471620077519,138.53495111794805,277.0699022358961,33.54076672101501,4.235403083676607,12.838713850193162,5.422630910085058
-31.38503958333333,116.82609583333334,3584.0,3612.0,2.0505952380952497,57.41666666666699,28.0,46,,105.29246045946549,130.33856540780343,260.67713081560686,33.783832613241756,4.33284205973563,13.273029320291798,3.058818095987462
-31.30739523809524,116.9081476190476,4327.0,4351.0,3.4375000000000124,82.5000000000003,24.0,48,,104.13919036674041,110.49511277636417,220.99022555272833,37.66775864957754,4.862052124329589,13.619347873893297,5.120748624836153
-31.30685625,116.90618125,4351.0,4379.0,3.053571428571445,85.50000000000045,28.0,50,,109.31022738442573,135.31204570123657,270.62409140247314,34.78238181612237,4.663049702750383,13.54360736966624,5.751089130535658
-31.305772222222224,116.90398333333334,4379.0,4411.0,2.04583333333331,65.46666666666592,32.0,52,,106.41349055188554,150.54429362662475,301.0885872532495,30.610114603243506,4.937626767135401,12.947402680131233,3.565577680991249
-31.346347916666666,116.97757083333333,4807.0,4835.0,3.056547619047628,85.58333333333358,28.0,54,,104.43479733001642,129.2768884234519,258.5537768469038,33.567594279237056,3.1694615507036503,9.059003926352727,2.7394070641007424
-31.345225925925927,116.97658888888888,4835.0,4867.0,2.6416666666666315,84.53333333333221,32.0,56,,104.14746741341706,147.33852666086594,294.6770533217319,30.072473587605156,3.754057489361901,10.565001247988988,3.72249030149194
-31.34251851851852,116.97337037037038,4907.0,4939.0,2.095833333333339,67.06666666666685,32.0,58,,100.37541162275262,142.0021593301757,284.0043186603514,29.16440961216935,4.906708449293159,13.848999604079456,3.966832335636372
-31.399380952380948,117.05746190476191,5315.0,5339.0,3.517857142857125,84.428571428571,24.0,60,,106.0913065517003,112.56637237853789,225.13274475707578,38.183652318434085,4.467381200539657,11.954855206558548,4.339640593242763
-31.398402083333334,117.05535208333333,5339.0,5367.0,2.9642857142857655,83.00000000000144,28.0,62,,107.61680245626344,133.21580277178717,266.43160554357434,34.36440138186254,5.234721107611101,14.293598766816622,4.128115570588556
-31.479030555555553,117.19422222222222,5964.0,5984.0,3.849999999999985,76.9999999999997,20.0,64,,114.10116718378205,100.88758205474261,201.77516410948522,45.426670482071394,3.141542061721017,8.016879791034988,4.104719463562127
-31.478495833333334,117.193025,5984.0,6012.0,3.270833333333345,91.58333333333366,28.0,66,,119.79770807274264,148.29420208444213,296.58840416888427,37.27839450278831,5.065180383333074,12.891150555275743,5.909938157867242
-31.478105555555555,117.19149722222222,6012.0,6032.0,4.242857142857119,84.85714285714238,20.0,68,,109.224075109334,96.57528587939419,193.15057175878837,44.17534634687929,4.7245108317838405,10.464202940466969,6.910248242065178
-31.477211904761905,117.19075952380953,6032.0,6056.0,3.767857142857153,90.42857142857167,24.0,70,,109.83536583630912,116.53894266103524,233.07788532207047,39.15301202850172,4.31325887678655,11.832742782971287,4.2120847057502955
-31.476647916666668,117.18960625,6056.0,6084.0,3.592261904761944,100.58333333333444,28.0,72,,109.99098694114079,136.15473874518963,272.30947749037927,34.94922786370781,6.898492576080957,19.332304897218982,8.150846980857382
-31.475660416666667,117.18821666666668,6084.0,6112.0,2.985119047619094,83.58333333333464,28.0,74,,118.16805165230605,146.2768963911338,292.5537927822676,36.90087765404616,3.980271912001204,10.70891628802628,3.438042715589537
-31.47483125,117.18710625,6112.0,6140.0,2.6458333333333584,74.08333333333404,28.0,76,,117.37908332772683,145.30025476713604,290.6005095342721,36.71675585569273,2.869965517365512,6.86209282511593,2.0283217520890404
-31.47448148148148,117.18691296296295,6140.0,6172.0,1.504166666666653,48.1333333333329,32.0,78,,112.69940303627133,159.4370406820297,318.8740813640594,32.0706412159134,9.196292173486787,28.40822309261351,7.706950247951612
-31.54283541666667,117.29395416666668,6576.0,6604.0,2.535714285714274,70.99999999999967,28.0,80,,107.75751485588036,133.38998668031326,266.7799733606265,34.3992929947861,7.9857218026287615,22.98343968876945,6.691793564883905
-31.542529166666668,117.29177291666667,6604.0,6632.0,2.5595238095238235,71.66666666666706,28.0,82,,110.85165580602,137.2201364446071,274.4402728892142,35.159199596510334,2.6099184582391954,7.423358431029449,3.006417214190948
-31.649714285714285,117.49360952380952,7417.0,7441.0,1.0357142857143107,24.857142857143458,24.0,84,,102.31903918316702,108.56387238942906,217.12774477885813,37.18018923427374,3.2974318047728515,7.744902499623258,3.0432613165739766
-31.65003125,117.49230208333333,7441.0,7469.0,1.6011904761904585,44.83333333333284,28.0,86,,96.53747821080482,119.50101995125566,239.0020399025113,31.52510017995059,10.491323443093792,26.21799880865727,6.330347587311394
-31.649447619047617,117.49156904761905,7469.0,7493.0,1.4375000000000167,34.5000000000004,24.0,88,,98.40702789541984,104.4130994969207,208.8261989938414,36.11062146016038,3.216053973001091,8.97042805210232,2.9436826204818503
-31.648955555555556,117.49050370370371,7493.0,7525.0,0.7874999999999905,25.199999999999697,32.0,90,,95.56019605579912,135.1900228009873,270.3800456019746,27.981467949552336,7.788544000576576,20.002523442640427,5.405069973427851
-31.664440476190475,117.51571428571428,7649.0,7673.0,2.142857142857163,51.428571428571914,24.0,92,,107.31787096520452,113.8677976414033,227.7355952828066,38.50411163484992,6.97094780416532,18.68911343135957,3.906352565070167
-31.664047619047615,117.51480476190477,7673.0,7697.0,2.1250000000000098,51.000000000000234,24.0,94,,112.5641615286213,119.43428481516426,238.86856963032852,39.843110644607165,4.363784569694068,12.058451583669097,4.295302337409245
-31.663183333333333,117.51337142857142,7697.0,7721.0,2.705357142857166,64.92857142857198,24.0,96,,112.80436248574831,119.68914594624538,239.37829189249075,39.90320202636454,2.465678677478827,7.466185516687396,2.423785531882879
-31.66216190476191,117.51195238095238,7721.0,7745.0,2.4285714285714497,58.28571428571479,24.0,98,,104.65751473459817,111.04507201149447,222.09014402298894,37.805444733421545,2.9516987042457705,8.973373776712336,3.7545885153837117
-31.6595875,117.50858333333333,7785.0,7813.0,1.6845238095238197,47.166666666666956,28.0,100,,114.29297134105309,141.4800438301361,282.9600876602722,35.98800648253977,6.3948012896969475,14.37590416389644,2.788298685623682
-31.658099999999997,117.5073380952381,7813.0,7837.0,1.9375000000000009,46.50000000000002,24.0,102,,122.85596740394128,130.3542300044935,260.708460008987,42.32531059548809,3.1775574132289885,8.371320601521077,2.561613034679071
-31.6570375,117.50573333333334,7837.0,7865.0,2.37202380952382,66.41666666666696,28.0,104,,116.68175295417406,144.4370491766546,288.8740983533092,36.553281406888,4.1560308320901465,10.313784349132668,3.3912430409611054
-31.771866666666664,117.71374999999999,8839.0,8863.0,0.9821428571428505,23.571428571428413,24.0,106,,103.94838033192913,110.29265704148584,220.58531408297168,37.616943403600224,4.137266566938605,12.845520768008239,3.268582733122982
-31.771033333333335,117.7129611111111,8863.0,8895.0,0.2416666666666541,7.733333333332931,32.0,108,,103.88810099945384,146.97159824438356,293.9431964887671,30.01055910394446,5.989156698225642,13.58094422045751,3.8612779773280197
-31.76907037037037,117.71147592592592,8895.0,8927.0,0.12083333333332905,3.8666666666665295,32.0,110,,108.40474212528684,153.36133834525882,306.72267669051763,31.077689133130995,7.8092911847634205,24.69524270042295,6.254943411773346
-31.767352083333332,117.70986041666666,8927.0,8955.0,0.8422619047619148,23.583333333333613,28.0,112,,110.310885784638,136.55073249588267,273.10146499176534,35.02739758020372,7.327850993289847,18.74900551104627,6.626814535505094
-31.76583541666667,117.70740208333333,8955.0,8983.0,1.4672619047619107,41.0833333333335,28.0,114,,114.89024980938454,142.2193979906485,284.438795981297,36.13011278288277,4.601051192127755,12.978992776020057,3.5446371163542274
-31.764376190476188,117.70564047619048,8983.0,9007.0,1.4553571428571521,34.92857142857165,24.0,116,,115.6964069142327,122.75770038914315,245.5154007782863,40.618490759269164,4.101251710584877,9.514205486431244,4.86309284299508
-31.7631,117.7037380952381,9007.0,9031.0,1.1250000000000178,27.000000000000426,24.0,118,,117.9745931700285,125.17493108176927,250.34986216353855,41.17138203137746,2.420664433126292,6.385219392817795,1.9733611721101085
-31.761175925925922,117.70215555555556,9031.0,9063.0,1.470833333333319,47.06666666666621,32.0,120,,118.38842377036738,167.48535864810677,334.97071729621354,33.35350275133654,4.893320702057981,16.997206450665246,5.584329825369214
-31.759020833333334,117.70001458333333,9063.0,9091.0,1.1636904761904947,32.583333333333854,28.0,122,,114.49424840993603,141.72919903358766,283.4583980671753,36.035952276206146,6.041010294530606,15.486110158022278,4.601519621712405
-31.75718125,117.69823541666668,9091.0,9119.0,0.9761904761904915,27.333333333333762,28.0,124,,111.46710413927454,137.98198256814698,275.96396513629395,35.308685033485645,4.134050528693302,10.842047720994891,3.1882458707206225
-31.75504444444444,117.69607407407408,9119.0,9151.0,0.49999999999997924,15.999999999999336,32.0,126,,109.87033122761558,155.43472279127866,310.8694455825573,31.41892040806929,7.663645412095569,21.16390793803258,7.802481291270063
-31.752390740740744,117.69438518518518,9151.0,9183.0,0.537499999999981,17.19999999999939,32.0,128,,108.99816948271075,154.20086632125862,308.40173264251723,31.21615322002178,7.0417712424795145,20.7539896294913,5.134591506567803
-31.813797916666665,117.58859791666667,9535.0,9563.0,2.458333333333331,68.83333333333326,28.0,130,,105.0328334299236,130.0171804347112,260.0343608694224,33.71848890740632,2.4652583696820725,6.855996994427919,2.0449774088346615
-31.812631481481485,117.58601666666667,9563.0,9595.0,2.849999999999987,91.19999999999959,32.0,132,,103.30829303637083,146.15133776999508,292.30267553999016,29.871870768431712,4.637863465072169,12.721446717077804,4.266158692150363
-31.811452083333336,117.58375833333334,9595.0,9623.0,2.5773809523809597,72.16666666666687,28.0,134,,103.90533814741968,128.6214858428634,257.2429716857268,33.433561083960726,2.0179248730050356,6.457637377336141,2.616302183115309
-31.8106,117.58127708333333,9623.0,9651.0,2.3065476190476137,64.58333333333319,28.0,136,,105.81512586584105,130.9855581645308,261.9711163290616,33.91507669342385,5.081807770685812,13.140602500827395,3.210685577453845
-31.8098375,117.5793875,9651.0,9679.0,2.97916666666668,83.41666666666704,28.0,138,,105.70839630211873,130.85344064954953,261.70688129909905,33.88830909107918,1.1978627613207353,2.7897659110002166,1.296318197601271
-31.80894444444444,117.57730370370372,9679.0,9711.0,3.441666666666657,110.13333333333303,32.0,140,,104.14105373163979,147.32945315723686,294.6589063144737,30.07094348289926,1.8955273941611797,5.851369010734455,1.849006036005483
-31.807691666666667,117.57533541666666,9711.0,9739.0,3.529761904761911,98.8333333333335,28.0,142,,100.11899363549534,123.93447682369518,247.86895364739036,32.46291365792262,3.3300646703328236,9.574091352885759,2.7128039701270406
-31.807087037037036,117.5734074074074,9739.0,9771.0,3.1750000000000007,101.60000000000002,32.0,144,,97.26153485112538,137.59692483787782,275.19384967575564,28.402470176340113,3.5087831710887114,9.346792568009597,2.333108768666842
-31.805231481481485,117.56991111111113,9807.0,9839.0,2.2291666666666354,71.33333333333233,32.0,146,,99.85481776980942,141.26566968538307,282.53133937076615,29.037799948259668,3.0645600124853902,8.14511358106088,2.1806960049631883
-31.804727777777778,117.56855000000002,9839.0,9871.0,2.8333333333333086,90.66666666666588,32.0,148,,101.36751204588174,143.40569432026066,286.81138864052133,29.40482828119056,4.65630481639405,11.638023420517346,4.762290573196482
-31.803938095238095,117.56695714285713,9871.0,9895.0,2.830357142857144,67.92857142857146,24.0,150,,101.10829112874877,107.27922880476532,214.55845760953065,36.852334292974554,3.3716863908269854,8.095016586467665,1.9066120649554619
-31.968414583333335,117.29562708333333,10708.0,10736.0,3.1517857142857304,88.25000000000045,28.0,152,,111.35778470114707,137.84665912072686,275.6933182414537,35.282172809774,6.790701908504031,18.499344966195817,4.40096813439964
-31.967110416666667,117.29381666666666,10736.0,10764.0,2.6696428571428794,74.75000000000063,28.0,154,,110.33493889987119,136.5805071684414,273.1610143368828,35.03326910855588,2.5126367221521284,6.76876002677734,2.217921196753386
-31.96580476190476,117.29255952380952,10764.0,10789.0,3.4395770392749223,85.98942598187305,25.0,156,,103.16163299001131,114.01863769300168,228.03727538600336,36.284364471523624,5.730642374317087,15.152067576225615,4.733360517567393
-31.965007142857143,117.29139285714284,10789.0,10813.0,3.285714285714311,78.85714285714346,24.0,158,,103.71253663722798,110.04241910942754,220.08483821885508,37.55403897854798,5.032597788457328,14.042587102227074,4.847257171286449
