lat,lon,t_start,t_end,climb_rate_ms,alt_gain_m,duration_s,circle_id,seg_id,avg_speed_kmh,turn_radius_m,circle_diameter_m,bank_angle_deg,bank_std_deg,bank_range_deg,bank_masd_deg
-32.93963263888889,117.06016944444444,386.0,409.0,1.7465217391304422,40.17000000000017,23.0,0,,97.36271812396434,99.00067523130868,198.00135046261735,36.984707310830544,7.042200430928113,24.36198934765888,7.966769800925058
-32.939713636363635,117.06135757575761,409.0,430.0,1.5239977413890282,32.00395256916959,21.0,2,,98.88476502610368,91.80499504391233,183.60999008782466,39.95485254008112,6.172800196535885,26.878501795365153,8.650721181343394
-32.925413636363636,117.04344015151514,624.0,645.0,2.5906267645397505,54.40316205533476,21.0,4,,102.22162122717566,94.90294513683912,189.80589027367824,40.893472885439294,8.848012195812547,31.073096981006874,7.936958095203115
-32.92547416666666,117.04484333333332,645.0,664.0,4.365413533834552,82.94285714285648,19.0,6,,102.09251907157895,85.75612560998954,171.51225121997908,43.710748094077886,4.951998132291544,15.7545302235063,5.79044685387177
-32.92535133333333,117.046474,664.0,688.0,3.083846153846155,74.01230769230772,24.0,8,,98.00509850739446,103.98663917106643,207.97327834213286,35.999043117836095,7.601854699222477,26.310688669460458,10.112508638920898
-32.925034999999994,117.047855,688.0,707.0,2.9007518796992176,55.11428571428513,19.0,10,,99.5521151029673,83.62222585108915,167.2444517021783,42.99008907779296,7.343125987831396,28.527820934980852,8.892343285132341
-32.92479259259259,117.0487175925926,707.0,724.0,3.9525283797729487,67.19298245614013,17.0,12,,103.02016755536428,77.42635316057108,154.85270632114216,47.153789879281334,7.050045812541314,24.836927144362846,9.362959041340394
-32.924480158730155,117.04968412698413,724.0,744.0,2.3792207792207556,47.58441558441511,20.0,14,,97.68196051236302,86.36981592472168,172.73963184944336,40.98887449586054,6.660965273740172,21.425359180194704,7.2829388796375865
-32.92402258064516,117.05097526881721,744.0,774.0,1.2326612903225542,36.97983870967663,30.0,16,,88.9629049654718,117.9907173089113,235.9814346178226,27.815653926647744,7.7841215150231235,36.39846752503672,8.035466375742612
-32.9827811594203,117.07042898550722,2386.0,2408.0,2.2974308300395303,50.54347826086967,22.0,18,,91.01052253356866,88.51806660029531,177.03613320059063,36.35303509489445,4.992926547076898,18.43285673481161,4.6384535046376625
-32.98269696969698,117.07097803030305,2408.0,2429.0,2.5307735742517967,53.14624505928773,21.0,20,,94.47058939326413,87.70685745933278,175.41371491866556,38.67240342996542,6.968273365335677,23.69455807937969,9.044186033153633
-32.982470666666664,117.07193066666667,2429.0,2453.0,3.243076923076907,77.83384615384577,24.0,22,,92.40659663308223,98.04644418969288,196.09288837938576,34.411729097816014,4.670702693786727,17.229837829744845,4.942469119105367
-32.98228958333333,117.07312152777779,2453.0,2476.0,2.7752173913043525,63.830000000000105,23.0,24,,92.91023962652099,94.4732915859739,188.9465831719478,35.70458104364837,6.8042531797601695,22.507705884390916,9.69197852710446
-32.981441975308634,117.0737864197531,2476.0,2502.0,3.268009768009774,84.96825396825413,26.0,26,,84.48550837175398,97.11206755608475,194.2241351121695,30.03302227066682,13.170811828171248,49.58453842571328,8.322730134525774
-32.981254166666666,117.07463916666666,2502.0,2521.0,3.623308270676643,68.84285714285622,19.0,28,,94.59024826830053,79.45433500655635,158.9086700131127,41.53226022307141,9.108007400720497,34.72432749980143,10.88861939709259
-32.98090579710146,117.0759543478261,2521.0,2543.0,3.38339920948615,74.4347826086953,22.0,30,,91.3842851964287,88.88159322735699,177.76318645471397,36.4652057019241,6.3656910697443045,25.39591682942882,5.07385485185241
-32.980356944444445,117.07706666666667,2543.0,2566.0,2.1413043478260585,49.249999999999346,23.0,32,,90.63101650670023,92.15572453142877,184.31144906285755,35.032896260443835,10.56977366696308,36.13746143133854,10.250032273674046
-32.98034275362319,117.0781210144928,2566.0,2588.0,3.82806324110669,84.21739130434717,22.0,34,,95.03000832542297,92.42747290978075,184.8549458195615,37.54244192418988,6.041284065341698,22.405776172239477,7.8011140190758965
-32.9804630952381,117.07942738095235,2588.0,2615.0,2.672140120416005,72.14778325123213,27.0,36,,92.71871161447612,110.67480952916851,221.34961905833703,31.42321480313224,6.423566611334297,29.615335612428403,7.445478459096628
-32.9803203125,117.08283072916666,2651.0,2682.0,1.5573680351906536,48.27840909091026,31.0,38,,88.54198764075842,121.34687364734845,242.6937472946969,26.93761385400788,6.929023207070293,27.258051600290145,7.7705556146146275
-33.03713253968254,117.02298333333337,3237.0,3257.0,1.420779220779179,28.41558441558358,20.0,40,,94.81308931648383,83.83317685850984,167.6663537170197,40.14513300949218,4.450578525105714,20.180985231535367,4.893147927395941
-32.92673533333333,117.07837266666665,3877.0,3901.0,2.37538461538461,57.00923076923064,24.0,42,,97.46647803293658,103.41514509799659,206.83029019599317,35.84902185582285,7.1808530338693,30.59062684378797,9.469322863244972
-32.92628405797101,117.07981159420291,3901.0,3923.0,1.661067193675828,36.54347826086821,22.0,44,,103.59645441355177,100.75931437434477,201.51862874868954,39.95563966039548,5.362357390832979,20.238073214772886,6.427320870887216
-32.926004166666665,117.08134444444444,3923.0,3946.0,2.854347826086944,65.64999999999971,23.0,46,,107.22799755445781,109.03192069962927,218.06384139925854,39.673912714687646,5.846153831782877,20.998101614743238,5.79014727028479
-32.92608765432098,117.08270185185187,3946.0,3972.0,1.8876678876679267,49.07936507936609,26.0,48,,101.154477139661,116.2722531580507,232.5445063161014,34.690273850705466,6.626690901000961,26.79382720294426,8.162954037697162
-32.92555677083334,117.08419791666667,3972.0,4003.0,2.6312316715542736,81.56818181818248,31.0,50,,103.68143343375063,142.0954977146878,284.1909954293756,30.75442498677418,8.46339930619927,35.38149915999128,10.39577049238615
-32.92466666666666,117.08585555555555,4003.0,4032.0,0.9210233592880835,26.709677419354424,29.0,52,,98.2172844797019,125.92256203839335,251.8451240767867,31.07136818772508,6.921639524267814,27.170651496267126,7.523923583087139
-32.92389130434783,117.08741811594201,4032.0,4054.0,1.7460474308299831,38.41304347825963,22.0,54,,103.03157152687852,100.20990162962103,200.41980325924206,39.80149971885993,8.568445840264904,29.564815039942882,6.417206311635351
