lat,lon,t_start,t_end,climb_rate_ms,alt_gain_m,duration_s,circle_id,seg_id,avg_speed_kmh,turn_radius_m,circle_diameter_m,bank_angle_deg
-31.63297307692308,117.17127948717948,317.0,342.0,1.7429059829059907,43.572649572649766,25.0,0,,111.49990275806968,123.23444915425307,246.46889830850614,38.4317374082443
-31.63291954022989,117.17324367816094,342.0,370.0,1.154679802955661,32.33103448275851,28.0,1,,113.61274621485181,140.63801234263423,281.27602468526845,35.82553945420731
-31.632236559139788,117.1759134408602,370.0,400.0,1.7544354838709764,52.63306451612929,30.0,2,,118.6154598350071,157.31863966549628,314.63727933099256,35.12417004494851
-31.63195648148148,117.17863796296297,400.0,435.0,0.7667953667953815,26.837837837838354,35.0,3,,115.9476961502777,179.41047621810657,358.82095243621313,30.514653571072493
-31.628465384615385,117.18533173076922,435.0,486.0,2.4994023734312383,127.46952104499316,51.0,4,,123.79785784912872,279.1264144624189,558.2528289248378,23.35798444594728
-31.627674999999996,117.19090833333333,486.0,517.0,1.9981671554252367,61.94318181818234,31.0,5,,118.3233221364598,162.16221934256666,324.3244386851333,34.179401489701945
-31.62799827586207,117.19263678160918,517.0,545.0,1.8418719211822696,51.57241379310355,28.0,6,,115.45416775937571,142.9174561069545,285.834912213909,36.26381124855662
-31.627766666666663,117.19345287356323,545.0,573.0,1.8418719211822696,51.57241379310355,28.0,7,,115.76088132724631,143.29712817704305,286.5942563540861,36.33633792230113
-31.626476785714292,117.19433273809524,573.0,600.0,2.528461959496459,68.26847290640438,27.0,8,,123.2942714020918,147.17169561417464,294.3433912283493,39.091542548544936
-31.6254640625,117.19669270833333,600.0,631.0,2.112719941348997,65.49431818181891,31.0,9,,122.48016576284932,167.85917726889943,335.71835453779886,35.104555974379075
-31.625144117647057,117.19937549019609,631.0,664.0,1.4797555385791132,48.831932773110736,33.0,10,,122.8118282636264,179.17267076783327,358.34534153566653,33.50921250086243
-31.624288725490192,117.20083088235295,664.0,697.0,1.095798319327747,36.16134453781565,33.0,11,,122.35969645581665,178.51304648986496,357.0260929797299,33.412007188737704
-31.62878333333333,117.09245333333331,1183.0,1219.0,1.6666666666666674,60.00000000000003,36.0,12,,115.48948764439209,183.8072283375537,367.6144566751074,29.715699701939823
-31.62833888888889,117.09540185185185,1219.0,1251.0,0.9791666666666515,31.33333333333285,32.0,13,,112.59158706064449,159.2845122778938,318.5690245557876,32.04597218283345
-31.62772583333333,117.19010125,1731.0,1770.0,0.973639774859279,37.97195121951188,39.0,14,,117.85021693165545,203.1948161655224,406.3896323310448,28.263293441897066
-31.627870833333333,117.19257864583332,1770.0,1801.0,1.1101539589443006,34.414772727273316,31.0,15,,114.60281899371265,157.06326644126906,314.12653288253813,33.33377506436075
-31.627809770114936,117.1944540229885,1801.0,1829.0,1.351231527093605,37.83448275862094,28.0,16,,118.566595607782,146.7702427065491,293.5404854130982,36.99354966823537
-31.627100000000002,117.19683693693693,1829.0,1865.0,0.41512565196773854,14.944523470838588,36.0,17,,116.53498836191639,185.4711944095549,370.9423888191098,29.93850269954652
-31.627047916666662,117.19818999999998,1865.0,1904.0,0.8912757973733465,34.75975609756051,39.0,18,,116.32699235145765,200.56850501726552,401.13701003453104,27.953535581178365
-31.626080180180182,117.20043378378378,1904.0,1940.0,1.1673779042199912,42.025604551919685,36.0,19,,116.6748537619014,185.6937971073063,371.3875942146126,29.968233581212278
-31.64059375,117.20917291666666,2391.0,2419.0,2.913690476190483,81.58333333333353,28.0,20,,112.51055207443662,139.2736373205698,278.5472746411396,35.56086958088344
-31.640091666666663,117.21122291666666,2419.0,2447.0,2.5476190476190537,71.3333333333335,28.0,21,,113.78306595885357,140.84884634724332,281.69769269448665,35.86628175742842
-31.639561111111107,117.21322592592593,2447.0,2479.0,1.854166666666649,59.33333333333277,32.0,22,,117.17872619077211,165.77398665309443,331.54797330618885,33.08380509334681
-31.63909074074074,117.2159722222222,2479.0,2511.0,2.4999999999999836,79.99999999999947,32.0,23,,112.94333920497074,159.78213976689557,319.56427953379114,32.12640638411124
-31.63858958333333,117.21850416666666,2511.0,2539.0,1.8035714285714437,50.500000000000426,28.0,24,,111.03062635720055,137.4416790392936,274.8833580785872,35.20272633665722
-31.637874074074073,117.22082962962963,2539.0,2571.0,1.3583333333333216,43.46666666666629,32.0,25,,115.03692999499047,162.74396486061383,325.48792972122766,32.60221547263024
-31.636684848484848,117.22443787878787,2571.0,2611.0,0.7795454545454604,31.181818181818418,40.0,26,,118.09025863531387,208.82942658678422,417.65885317356845,27.710504093371632
-31.636968333333336,117.22936999999999,2611.0,2647.0,1.3696969696969838,49.30909090909142,36.0,27,,117.70261462945801,187.3295293311868,374.6590586623736,30.18615708875434
-31.637522727272724,117.23326363636365,2647.0,2687.0,1.0068181818181847,40.27272727272739,40.0,28,,115.85370860055684,204.8743377700739,409.7486755401478,27.261952817027684
-31.639371666666666,117.23562,2687.0,2723.0,-0.1818181818181818,-6.545454545454545,36.0,29,,106.03525539980092,168.76035038889904,337.5207007777981,27.655886812936068
-31.647698148148145,117.20732222222222,2868.0,2900.0,1.8041666666666518,57.73333333333286,32.0,30,,108.59266580872963,153.62719597320512,307.25439194641024,31.12158102726184
-31.648257407407407,117.20960925925925,2900.0,2932.0,1.7916666666666405,57.3333333333325,32.0,31,,107.07989350693957,151.48706095451718,302.97412190903435,30.767103004509444
-31.648105555555553,117.2108537037037,2932.0,2964.0,2.3374999999999813,74.7999999999994,32.0,32,,107.92286239205366,152.67961797619336,305.3592359523867,30.96495478120109
-31.44218333333334,117.16132166666667,3661.0,3697.0,1.353030303030307,48.70909090909105,36.0,33,,121.36652945814502,193.16083089171912,386.32166178343823,30.955232826667135
-31.440608333333337,117.16398749999999,3697.0,3725.0,2.4494047619047774,68.58333333333377,28.0,34,,124.72098807386023,154.38859146091252,308.77718292182504,38.3962209629139
-31.440669047619046,117.1670238095238,3725.0,3750.0,2.740785498489412,68.51963746223531,25.0,35,,119.25808299849668,131.80912092273797,263.61824184547595,40.32139516762024
-31.440147619047618,117.17024761904761,3750.0,3775.0,3.304531722054369,82.61329305135922,25.0,36,,117.54951826508544,129.9207422913846,259.8414845827692,39.913992023490586
-31.43995208333333,117.17271041666666,3775.0,3803.0,4.827380952380973,135.16666666666725,28.0,37,,114.92465037588991,142.26198148112786,284.5239629622557,36.138281843593326
-31.439979166666667,117.17576041666666,3803.0,3831.0,3.726190476190492,104.33333333333377,28.0,38,,113.45060581503786,140.4373033173709,280.8746066347418,35.78671483401849
-31.440018518518514,117.17867777777776,3831.0,3863.0,4.083333333333316,130.66666666666612,32.0,39,,119.85356066541036,169.55810335168366,339.1162067033673,33.67792601324335
-31.236159523809526,117.1312642857143,4367.0,4391.0,3.633928571428592,87.2142857142862,24.0,40,,111.8326304018123,118.65810618278269,237.31621236556538,39.65945289176809
-31.235310416666668,117.13363333333334,4391.0,4419.0,3.2142857142857157,90.00000000000004,28.0,41,,109.53039099039314,135.5845800159594,271.1691600319188,34.8364153692078
-31.234245833333333,117.135925,4419.0,4447.0,3.4315476190476537,96.08333333333431,28.0,42,,107.814784727437,133.46087943813475,266.9217588762695,34.413485537821515
-31.2335875,117.13703749999999,4447.0,4475.0,3.2142857142857255,90.00000000000031,28.0,43,,106.11364767433274,131.3550898868589,262.7101797737178,33.98985625593628
-31.233483333333332,117.13877708333334,4475.0,4503.0,2.139880952380967,59.91666666666708,28.0,44,,109.6269245853742,135.70407622897014,271.4081524579403,34.860084742026444
-31.232689583333332,117.14075208333333,4503.0,4531.0,3.8720238095238484,108.41666666666775,28.0,45,,115.72412953131433,143.25163416600913,286.50326833201825,36.32765456239122
-31.23115925925926,117.14212407407406,4531.0,4563.0,1.1708333333333283,37.466666666666505,32.0,46,,112.92212080130405,159.75212186620158,319.50424373240315,32.12155844238895
-31.102116666666664,117.08840624999999,4943.0,4971.0,2.8095238095238124,78.66666666666674,28.0,47,,115.99525411026107,143.5872516310442,287.1745032620884,36.39166774477316
-31.101553333333335,117.09077000000002,4971.0,5007.0,1.836363636363649,66.10909090909136,36.0,48,,121.5873087615055,193.51221206634116,387.0244241326823,31.001186093878946
-31.040861666666665,117.06345666666668,5195.0,5231.0,2.0333333333333465,73.20000000000047,36.0,49,,116.58593482467253,185.55227822336178,371.10455644672356,29.949334336272592
-31.039047916666668,117.06469583333333,5231.0,5259.0,1.6875000000000224,47.250000000000625,28.0,50,,115.19547332426096,142.59722556618544,285.1944511323709,36.202534458555455
-30.97834090909091,117.0771196969697,5423.0,5465.0,0.7772013188518113,32.642455391776075,42.0,51,,126.78022692697829,235.40649768697605,470.8129953739521,28.237795089199388
-30.884966666666667,117.10825238095238,5802.0,5826.0,2.5625000000000107,61.500000000000256,24.0,52,,108.44061820106752,115.05906945760569,230.11813891521138,38.79496874273293
-30.8697875,117.13418333333334,6053.0,6081.0,4.244047619047615,118.83333333333323,28.0,53,,114.3880199106708,141.5977017721576,283.1954035443152,36.01065507370279
-30.868953703703703,117.13616111111111,6081.0,6113.0,3.2291666666666736,103.33333333333356,32.0,54,,119.02598285617344,168.38732024827726,336.7746404965545,33.494975638871786
-30.868359259259257,117.13847037037037,6113.0,6145.0,3.5208333333333366,112.66666666666677,32.0,55,,117.70298000943461,166.51565409020498,333.03130818040995,33.200889719362166
-30.86653,117.14101833333334,6145.0,6181.0,2.4348484848485126,87.65454545454645,36.0,56,,119.74336862666601,190.57749019408877,381.15498038817753,30.616027215726128
-31.126175,117.4567625,7136.0,7164.0,2.6577380952381096,74.41666666666707,28.0,57,,119.58434336595347,148.03008393514443,296.06016787028886,37.229181470831705
-31.124601851851853,117.45982592592593,7164.0,7196.0,2.6374999999999877,84.39999999999961,32.0,58,,117.26469941435009,165.8956138842587,331.7912277685174,33.10302740920474
-31.122766666666667,117.46313666666667,7196.0,7232.0,2.8606060606060395,102.98181818181742,36.0,59,,120.66605961626702,192.04599851350227,384.09199702700454,30.809143234928033
-31.12059259259259,117.46583888888888,7232.0,7265.0,2.276697968988817,75.13103297663096,33.0,60,,117.47960470971323,171.3933815186337,342.7867630372674,32.348907585043314
-31.366569047619045,117.73055952380953,8125.0,8149.0,3.6071428571428563,86.57142857142856,24.0,61,,113.14435585466238,120.04989011478632,240.09978022957264,39.98807876849394
-31.365435714285717,117.73299285714286,8149.0,8173.0,3.151785714285738,75.64285714285771,24.0,62,,117.10172597254365,124.24879022081939,248.49758044163877,40.960638069030935
-31.363975,117.73397916666666,8173.0,8201.0,2.9940476190476235,83.83333333333346,28.0,63,,116.14309989018079,143.7702657497403,287.5405314994806,36.426530146790014
-31.363645238095238,117.7350880952381,8201.0,8225.0,3.0000000000000235,72.00000000000057,24.0,64,,112.63288568032078,119.50720340484939,239.01440680969878,39.860314207844056
-31.363139583333332,117.73642916666668,8225.0,8253.0,2.6934523809523907,75.41666666666694,28.0,65,,114.5587385875093,141.8090296044672,283.6180592089344,36.051302012325
-31.486150000000002,117.93237708333334,8837.0,8865.0,2.6160714285714426,73.2500000000004,28.0,66,,117.64382466689123,145.62797059978215,291.2559411995643,36.77863736560533
-31.485266666666668,117.93455333333334,8865.0,8901.0,1.8712121212121364,67.36363636363691,36.0,67,,121.99693604522992,194.16415413664163,388.32830827328326,31.086329194701605
-31.484631481481486,117.93767777777778,8901.0,8933.0,1.937499999999996,61.99999999999987,32.0,68,,117.9268776191324,166.83240441313708,333.66480882627417,33.25079887246053
-31.596449999999997,118.20902407407408,9641.0,9673.0,3.008333333333314,96.26666666666605,32.0,69,,120.26847121334413,170.14508170408033,340.29016340816065,33.769357314256865
-31.59616666666667,118.21163541666667,9673.0,9701.0,4.26190476190477,119.33333333333356,28.0,70,,120.01985221253021,148.5691880460895,297.138376092179,37.32956424102548
-31.595581250000002,118.21421458333333,9701.0,9729.0,3.758928571428581,105.25000000000027,28.0,71,,120.15513326121678,148.73664863857377,297.47329727714754,37.360691416549955
-31.594888888888892,118.21620925925926,9729.0,9761.0,3.4333333333333376,109.8666666666668,32.0,72,,119.61776795849866,169.2245249085724,338.4490498171448,33.62587898872715
-31.59498888888889,118.2199685185185,9761.0,9793.0,2.9708333333333043,95.06666666666574,32.0,73,,118.81029130506704,168.0821791234618,336.1643582469236,33.44716578821526
-31.59570333333333,118.22156499999998,9793.0,9829.0,2.5848484848485156,93.05454545454656,36.0,74,,109.27923824273272,173.92330943647798,347.84661887295596,28.37179093693335
-31.594816666666667,118.22275757575757,9829.0,9869.0,2.429545454545464,97.18181818181856,40.0,75,,114.98226477737965,203.33328674690114,406.6665734938023,27.086192058530063
-31.705090000000002,118.04119333333333,11284.0,11320.0,2.275757575757591,81.92727272727328,36.0,76,,113.42647672116308,180.52384447670903,361.04768895341806,29.273144781102744
-31.70406060606061,118.04383787878788,11320.0,11360.0,2.4159090909091003,96.63636363636401,40.0,77,,112.64546085777792,199.20091013755518,398.40182027511037,26.612155435492014
-31.703151388888887,118.04667916666666,11360.0,11404.0,1.930069930069916,84.92307692307631,44.0,78,,116.37886670023848,226.38332330503667,452.76664661007334,25.200551420112223
-31.704248333333332,118.05027166666666,11404.0,11440.0,1.9772727272727328,71.18181818181839,36.0,79,,115.05954347782755,183.12295094393102,366.24590188786203,29.62378753659429
-31.695264583333334,117.79607291666666,12308.0,12336.0,2.946428571428591,82.50000000000055,28.0,80,,101.28939226254859,125.38328025501121,250.76656051002243,32.76522803814515
-31.694960416666667,117.7975125,12336.0,12364.0,3.2916666666666825,92.16666666666711,28.0,81,,103.29526165168974,127.86628936539982,255.73257873079964,33.278604527655915
-31.695033333333335,117.79938333333332,12364.0,12392.0,2.9136904761904927,81.5833333333338,28.0,82,,110.98597325285078,137.38640422154734,274.7728084430947,35.191870791203826
-31.69558148148148,117.80248518518518,12392.0,12424.0,2.324999999999978,74.3999999999993,32.0,83,,116.07055768192299,164.20624891120897,328.41249782241795,32.835282394265874
-31.694970833333333,117.80577708333334,12424.0,12452.0,3.050595238095262,85.41666666666734,28.0,84,,112.87071525662385,139.71947315985162,279.43894631970323,35.64754882465505
-31.693892592592597,117.80746666666667,12452.0,12484.0,2.420833333333336,77.46666666666675,32.0,85,,106.75385747333888,151.02581432008492,302.05162864016984,30.690360600570862
-31.678138333333333,117.64232999999999,12984.0,13020.0,1.7015151515151348,61.254545454544854,36.0,86,,112.2568952069528,178.66239768335433,357.32479536670866,29.020530144040315
-31.678579629629628,117.64571666666666,13020.0,13052.0,1.0458333333333196,33.46666666666623,32.0,87,,110.69729673501617,156.60463966478355,313.2092793295671,31.61037377758069
-31.675170833333333,117.61552916666668,13184.0,13212.0,2.2827380952381406,63.916666666667936,28.0,88,,111.29208303246442,137.76532887919174,275.5306577583835,35.266230439331366
