lat,lon,t_start,t_end,climb_rate_ms,alt_gain_m,duration_s,circle_id,seg_id,avg_speed_kmh,turn_radius_m,circle_diameter_m,bank_angle_deg
-31.621039666666665,117.24230599999999,181.0,230.0,3.180024009603844,155.82117647058834,49.0,0,,139.564862312151,302.33595784083656,604.6719156816731,26.873325790228286
-31.61305041666667,117.23764250000002,322.0,361.0,1.3229831144465272,51.59634146341456,39.0,1,,117.28323844356926,202.2172440179608,404.4344880359216,28.148203623565898
-31.612618840579707,117.23648007246372,361.0,406.0,0.9931544865864939,44.691951896392226,45.0,2,,119.00876694948415,236.7604191410223,473.5208382820446,25.19775576234256
-31.60922142857143,117.23156523809523,473.0,507.0,2.403081232493025,81.70476190476285,34.0,3,,126.94029258047391,190.80776428285319,381.61552856570637,33.59394072006224
-31.610161956521743,117.22975326086959,507.0,552.0,2.474498920752367,111.35245143385652,45.0,4,,127.43102168323564,253.5159625517181,507.0319251034362,26.73964656858587
-31.610708130081303,117.2283048780488,552.0,592.0,3.237108013937302,129.48432055749208,40.0,5,,124.1774686107832,219.5939772227202,439.1879544454404,28.912770847407582
-31.61126333333333,117.2266075,592.0,631.0,2.2654784240150017,88.35365853658506,39.0,6,,131.18906359821156,226.19336947190104,452.3867389438021,30.899197152877377
-31.610557894736846,117.2253701754386,631.0,668.0,2.953277163803463,109.27125506072814,37.0,7,,129.80023399065206,212.32191877821845,424.6438375564369,31.969941879797013
-31.61086472868217,117.2243562015504,668.0,710.0,2.3107822410148326,97.05285412262297,42.0,8,,130.10058710945427,241.57176793898591,483.14353587797183,28.85960067633603
-31.610933333333335,117.22331972789114,710.0,758.0,1.9861224489796039,95.33387755102099,48.0,9,,128.57663568060386,272.8480951292516,545.6961902585032,25.48119523120897
-31.611355974842763,117.22201132075472,758.0,810.0,1.4645218513142981,76.1551362683435,52.0,10,,127.33563819817746,292.7325014033493,585.4650028066986,23.54118332991612
-31.54303552631579,117.34828991228069,1364.0,1401.0,2.223219170587567,82.25910931173998,37.0,11,,132.0802089709394,216.05140868511492,432.10281737022984,32.41976587297249
-31.542667171717174,117.34702626262627,1401.0,1433.0,3.1761363636363065,101.6363636363618,32.0,12,,127.72463661258514,180.6933979689689,361.3867959379378,35.37940454065654
-31.542499404761905,117.34637916666667,1433.0,1460.0,3.3240284619595113,89.7487684729068,27.0,13,,135.09308508701363,161.2554920184917,322.5109840369834,41.67482928235586
-31.61546973684211,117.27820789473687,1756.0,1793.0,2.510340299813986,92.88259109311748,37.0,14,,134.1685993320887,219.46751230068378,438.93502460136756,32.827893935480404
-31.615996551724137,117.27753160919539,1793.0,1821.0,2.4024630541871903,67.26896551724133,28.0,15,,131.76424214572097,163.1072369130473,326.2144738260946,39.937282660102554
-31.61571527777778,117.2772347222222,1821.0,1856.0,1.808751608751644,63.30630630630754,35.0,16,,128.00836011550237,198.07242067539912,396.14484135079823,33.05192321525273
-31.616986111111114,117.2769527777778,1856.0,1897.0,1.3467304108256954,55.215946843853516,41.0,17,,130.50130377464217,236.54639738959003,473.09279477918005,29.522469920593462
-31.61802674418605,117.27333527131785,1897.0,1939.0,2.1236786469344757,89.19450317124799,42.0,18,,126.1172922139586,234.175555427526,468.351110855052,28.112768061665705
-31.615937202380955,117.26921577380952,1939.0,1994.0,1.443301435406685,79.38157894736769,55.0,19,,118.8805075190397,289.0619784697395,578.123956939479,21.034402391782802
-31.56635815602837,117.22318475177305,2220.0,2266.0,1.118871415356167,51.46808510638368,46.0,20,,127.69477534085331,259.6860323097972,519.3720646195944,26.283961049986512
-31.56729,117.219014,2266.0,2290.0,2.9,69.6,24.0,21,,124.86495821437626,132.4858354585396,264.9716709170792,42.78828961934711
-31.565604385964917,117.21717324561402,2290.0,2327.0,2.8906882591093224,106.95546558704493,37.0,22,,130.3930885712081,213.29168607547288,426.58337215094576,32.08733607994437
-31.566209722222226,117.21803159722224,2327.0,2374.0,1.8861267911419901,88.64795918367354,47.0,23,,121.83860174181436,253.16309420857903,506.32618841715805,24.75945814565865
-31.56586396396397,117.22567702702703,2694.0,2730.0,1.2083926031294183,43.50213371265906,36.0,24,,124.85804691542236,198.71775351389246,397.4355070277849,31.676780938497526
-31.56557172619048,117.2236330357143,2730.0,2785.0,0.7852699931647296,43.18984962406012,55.0,25,,126.60336349836875,307.8403642237217,615.6807284474434,22.27081194838059
-31.6114101010101,117.23091212121213,3165.0,3197.0,3.0661764705882075,98.11764705882264,32.0,26,,122.67663429808432,173.55193555926104,347.1038711185221,34.296190058050975
-31.611890650406504,117.23015325203252,3197.0,3237.0,2.215853658536591,88.63414634146365,40.0,27,,121.40700479313031,214.69472154231244,429.3894430846249,28.36895549954157
-31.611633695652177,117.22836449275358,3237.0,3282.0,1.8617946345975465,83.7807585568896,45.0,28,,125.46140451758768,249.5975337028241,499.1950674056482,26.382688450193502
-31.611008333333334,117.2264839506173,3282.0,3335.0,1.0459691252144254,55.43636363636455,53.0,29,,119.91910398015122,280.98418416343844,561.9683683268769,21.927297837928293
-31.586564761904757,117.26374809523811,3752.0,3786.0,1.5689075630252534,53.34285714285861,34.0,30,,128.90367551051983,193.75898410201094,387.5179682040219,34.00044685804065
-31.586829166666668,117.26234958333332,3786.0,3825.0,1.5896810506566337,61.997560975608714,39.0,31,,124.15657432951144,214.06810232056242,428.13620464112483,29.52666302078707
-31.609490598290595,117.20726282051284,4109.0,4147.0,1.9287449392712392,73.29230769230709,38.0,32,,130.14240187290892,218.63518039699025,437.2703607939805,31.354678641250192
-31.609123170731714,117.20738089430894,4147.0,4187.0,1.1418118466899225,45.6724738675969,40.0,33,,133.018382945765,235.22814631010192,470.45629262020384,30.61040148231863
-31.60940075757576,117.20569734848483,4187.0,4230.0,0.9627202255109778,41.39696969697204,43.0,34,,131.72035981957535,250.402692766257,500.805385532514,28.59017954684011
-31.60843484848485,117.20490984848485,4230.0,4273.0,0.18329809725162519,7.881818181819883,43.0,35,,133.30115944437742,253.4078203206952,506.8156406413904,28.8783152740541
-31.608276595744684,117.20473120567371,4273.0,4319.0,0.28758094357077574,13.228723404255684,46.0,36,,138.66171937344865,281.98891960323795,563.9778392064759,28.20462152331992
-31.60849457364341,117.20537015503876,4319.0,4361.0,-0.18967079432191922,-7.966173361520607,42.0,37,,136.48475598816344,253.4259416757527,506.8518833515054,30.03450763238557
-31.608094166666664,117.20681194444445,4361.0,4420.0,-0.31975548763547906,-18.865573770493263,59.0,38,,133.64091379548103,348.5853082672922,697.1706165345844,21.949011182676426
-31.622852150537632,117.20272580645161,4893.0,4923.0,1.4318548387096663,42.95564516128999,30.0,39,,128.26302508737118,170.1141204881242,340.2282409762484,37.258669625795434
-31.638448837209307,117.24294147286824,5089.0,5131.0,0.8594080338266589,36.095137420719674,42.0,40,,127.77849727293406,237.26009372148675,474.5201874429735,28.425513543941303
-31.638808095238094,117.24257714285714,5131.0,5165.0,1.3736694677871373,46.70476190476267,34.0,41,,132.08676695429355,198.54358440147308,397.08716880294617,34.651304074203125
-31.638431770833332,117.24234947916668,5165.0,5196.0,0.9888196480939139,30.65340909091133,31.0,42,,136.13051014037904,186.56698650787334,373.1339730157467,37.99950740882837
-31.637710648148147,117.24206898148148,5196.0,5231.0,1.0729729729729789,37.55405405405426,35.0,43,,130.52471082170035,201.96607008388432,403.93214016776864,33.56379547633453
-31.637162612612613,117.24179369369371,5231.0,5267.0,0.6024182076813345,21.68705547652804,36.0,44,,131.9461003440226,209.99874091450428,419.99748182900856,33.10765952756652
-31.636161111111107,117.24026851851852,5267.0,5311.0,0.439262187088314,19.327536231885816,44.0,45,,131.51020928296657,255.8172206875241,511.6344413750482,28.00223065448385
-31.63727641509434,117.23714842767295,5311.0,5363.0,0.1695694242863785,8.817610062891681,52.0,46,,125.33103392654172,288.1241071543922,576.2482143087844,23.210077097045712
-31.638739351851843,117.23329953703703,5363.0,5398.0,2.647232947232985,92.65315315315448,35.0,47,,125.97652599347987,194.9284830247899,389.8569660495798,32.634217907136986
-31.639267028985504,117.23288550724635,5398.0,5443.0,2.38359543632436,107.2617946345962,45.0,48,,127.91223652382999,254.47330905884024,508.9466181176805,26.826519965917
-31.640200854700854,117.23044444444447,5443.0,5481.0,2.4797570850202137,94.23076923076812,38.0,49,,133.35497915348347,224.0322101364875,448.064420272975,31.97894312440661
-31.641307364341085,117.2289465116279,5481.0,5523.0,2.3329809725159087,97.98520084566817,42.0,50,,133.69092735384615,248.2383392405478,496.4766784810956,29.523694745802317
-31.64304746376812,117.22737500000002,5523.0,5568.0,0.6893617021276403,31.02127659574381,45.0,51,,127.58691874746165,253.82610990653166,507.6522198130633,26.767805123604916
-31.270684090909096,117.44238863636362,6771.0,6792.0,4.929418407679262,103.5177865612645,21.0,52,,134.632034215481,124.99289683948074,249.98579367896147,48.758201698207756
-31.27059130434783,117.44209420289856,6792.0,6814.0,3.68675889328058,81.10869565217276,22.0,53,,136.31004060000524,132.576991277792,265.153982555584,47.78677257344099
-31.270374691358025,117.44135061728394,6814.0,6840.0,3.5085470085470503,91.22222222222331,26.0,54,,123.85588777992508,142.3664433476289,284.7328866952578,40.282054419840115
-31.270026436781603,117.44079712643679,6840.0,6868.0,3.3325123152709457,93.31034482758648,28.0,55,,125.25848041725388,155.05393806455254,310.1078761291051,38.51621538490045
-31.154663793103445,117.3607120689655,7240.0,7268.0,2.523645320197051,70.66206896551742,28.0,56,,130.09291271071967,161.0383453710383,322.0766907420766,39.57769047657932
-31.154233950617282,117.35899259259261,7268.0,7294.0,2.7264957264957967,70.88888888889072,26.0,57,,127.36444728820726,146.39936537839407,292.79873075678813,41.07318530976552
-31.131569999999996,117.33407666666668,7387.0,7411.0,4.503846153846137,108.09230769230729,24.0,58,,123.2302561445852,130.75136269260761,261.50272538521523,42.41208821721419
-31.131404487179488,117.33372884615385,7411.0,7436.0,4.365811965812055,109.14529914530138,25.0,59,,126.17534365874045,139.45437249727203,278.90874499454407,41.921642911746
-31.13154821428571,117.33321547619049,7436.0,7463.0,3.715654077723044,100.32266009852218,27.0,60,,126.04681139544095,150.45729820917202,300.91459641834405,39.71201916117
-31.131875925925925,117.33239444444442,7463.0,7489.0,3.7789987789987887,98.25396825396851,26.0,61,,130.1699124662082,149.62411396715152,299.24822793430303,41.69238342268193
-31.13217654320988,117.3319172839506,7489.0,7515.0,4.222222222222241,109.77777777777827,26.0,62,,134.7321651886673,154.8682061568069,309.7364123136138,42.67443763655688
-30.969725,117.22642500000002,7924.0,7953.0,4.785761957730815,138.78709677419363,29.0,63,,128.8734013223575,165.22620187556808,330.45240375113616,38.33097755233551
-30.66063045977012,117.06072126436781,8907.0,8935.0,2.7251231527093602,76.30344827586208,28.0,64,,126.56442883658792,156.67053475846413,313.34106951692826,38.80610724557896
-30.660823999999998,117.06116933333332,8935.0,8959.0,3.0446153846153847,73.07076923076923,24.0,65,,126.70590935000033,134.43914528004103,268.87829056008206,43.20654973783908
-30.661221428571427,117.06072976190477,8959.0,8986.0,2.8916256157635476,78.07389162561579,27.0,66,,127.52573398121577,152.22263200899434,304.4452640179887,40.04085961089663
-30.66226565656566,117.05990101010102,8986.0,9018.0,2.3262032085561186,74.4385026737958,32.0,67,,127.82124554057289,180.83007164395607,361.66014328791215,35.39985774504962
-30.494662962962966,116.94335308641975,9503.0,9529.0,5.104395604395639,132.7142857142866,26.0,68,,132.17295416439137,151.92651498787677,303.85302997575354,42.127310115115385
-30.493795161290326,116.9420940860215,9529.0,9559.0,4.028629032258023,120.8588709677407,30.0,69,,129.06489653877668,171.17763553158636,342.3552710631727,37.430875326301084
-30.492665476190474,116.9416113095238,9559.0,9586.0,3.7378215654078133,100.92118226601096,27.0,70,,131.47429351283384,156.93587776561662,313.87175553123325,40.90350209298071
-30.409721111111107,116.88137666666668,9820.0,9849.0,3.9908787541713324,115.73548387096864,29.0,71,,127.26364878375318,163.16236794875294,326.3247358975059,37.981113646101804
-30.40935555555555,116.87891706349204,9849.0,9890.0,3.754963131026683,153.953488372094,41.0,72,,131.83311753849387,238.96044030503103,477.92088061006206,29.772569953492997
-30.408063793103448,116.87890057471265,9890.0,9918.0,3.1300492610837645,87.6413793103454,28.0,73,,136.16329250811825,168.552697213714,337.105394427428,40.86595887053765
-30.229622448979594,116.74830034013605,10382.0,10430.0,2.2128571428571706,106.21714285714418,48.0,74,,136.30925134698813,289.25721521371673,578.5144304274335,26.80445141596691
-30.060357738095238,116.55573333333334,11435.0,11462.0,2.257525998905304,60.95320197044321,27.0,75,,125.4187377936807,149.70759057157946,299.4151811431589,39.57140994834368
-30.060473563218395,116.55567471264365,11462.0,11490.0,2.1694581280788205,60.74482758620697,28.0,76,,128.38984882190064,158.93017064420724,317.8603412884145,39.2073921400138
-30.05997058823529,116.55683725490196,11490.0,11523.0,2.532009167303313,83.55630252100933,33.0,77,,132.5037568562553,193.31242225093015,386.6248445018603,35.540838210545665
-30.059562068965512,116.55728678160919,11523.0,11551.0,2.9029556650246167,81.28275862068926,28.0,78,,129.5180189011662,160.32670054792322,320.65340109584645,39.45313020317741
-30.272547863247866,116.63243632478631,12164.0,12202.0,3.443927125506058,130.8692307692302,38.0,79,,119.76766905835312,201.20595250632877,402.41190501265754,29.28125192514011
-30.274669918699185,116.63164471544717,12202.0,12242.0,3.4162020905923667,136.64808362369467,40.0,80,,128.19544061963296,226.69931173842366,453.3986234768473,29.691432871409337
-30.275227450980392,116.63236029411763,12242.0,12275.0,3.513521772345313,115.94621848739533,33.0,81,,126.96451974929214,185.2311167243938,370.4622334487876,34.391845715711995
-30.272896666666668,116.63274750000001,12275.0,12314.0,3.345497185741082,130.4743902439022,39.0,82,,124.28038380424671,214.28157196120782,428.56314392241563,29.551158154026872
-30.27167643678161,116.63067931034483,12314.0,12342.0,3.3487684729063907,93.76551724137894,28.0,83,,129.4023439929965,160.18350984349172,320.36701968698344,39.42801330015957
-30.271378888888886,116.62965388888891,12342.0,12371.0,3.383759733036694,98.12903225806413,29.0,84,,132.54715109567087,169.93624844419614,339.8724968883923,39.116936560477235
-30.27104623655914,116.62933172043007,12371.0,12401.0,3.1447580645161324,94.34274193548397,30.0,85,,137.14859318563194,181.8989711966063,363.7979423932126,39.12324616513488
-30.27101149425288,116.62895057471265,12401.0,12429.0,3.4078817733989824,95.4206896551715,28.0,86,,136.91755803274935,169.4863812209828,338.9727624419656,41.022630167482355
-30.27076851851852,116.6281087962963,12429.0,12464.0,3.066666666666694,107.3333333333343,35.0,87,,136.9539269174937,211.91425154632933,423.82850309265865,34.84444710315969
-30.270598387096776,116.6283505376344,12464.0,12494.0,3.1552419354838293,94.65725806451488,30.0,88,,134.29982428766093,178.12067409795182,356.24134819590364,38.53582821328261
-30.575356410256408,116.7020532051282,13401.0,13426.0,3.646837606837608,91.1709401709402,25.0,89,,130.46099321497258,144.1910552141743,288.3821104283486,42.87454319923943
-30.575419444444446,116.70106249999999,13426.0,13449.0,4.441304347826129,102.15000000000097,23.0,90,,129.22539750853156,131.39938835818097,262.79877671636194,44.98868060640034
-30.575254166666667,116.70016309523807,13449.0,13476.0,3.7307060755336425,100.72906403940834,27.0,91,,126.71098426642386,151.25009617530552,302.50019235061103,39.86008905223674
-30.575234000000002,116.69983533333334,13476.0,13500.0,3.543076923076868,85.03384615384483,24.0,92,,125.13706511462392,132.77454984669848,265.54909969339695,42.850470861362766
-30.575257142857147,116.6990357142857,13500.0,13527.0,4.06102900930488,109.64778325123176,27.0,93,,124.6668161074452,148.81005017271167,297.62010034542334,39.402321050745606
-30.57529066666667,116.69856800000001,13527.0,13551.0,3.639230769230744,87.34153846153785,24.0,94,,127.0276012120521,134.7804709466942,269.5609418933884,43.2790546622064
-30.574959420289854,116.69850144927537,13551.0,13573.0,3.560276679841884,78.32608695652145,22.0,95,,131.6052689664872,128.0010666791685,256.002133358337,46.7837688031796
-30.574645454545454,116.69840227272725,13573.0,13594.0,3.552795031055861,74.60869565217308,21.0,96,,133.9682412063414,124.37662886434667,248.75325772869334,48.61777794385665
-30.57438260869565,116.69838985507248,13594.0,13616.0,3.6422924901184714,80.13043478260637,22.0,97,,131.8366476082428,128.2261086792653,256.4522173585306,46.833990890663124
-30.57417361111111,116.69852152777777,13616.0,13639.0,4.405652173913028,101.32999999999964,23.0,98,,131.2773448536935,133.4858561214523,266.9717122429046,45.43998429283996
-30.573908333333335,116.69853205128204,13639.0,13664.0,3.601025641025671,90.02564102564178,25.0,99,,129.96139677277213,143.6388799132901,287.2777598265802,42.764944606527266
-30.573401785714285,116.6984238095238,13664.0,13691.0,3.287629994526575,88.76600985221752,27.0,100,,135.41674670993902,161.64183462232464,323.2836692446493,41.7429310982121
-31.2138337962963,116.87690879629629,15443.0,15478.0,1.824453024453044,63.85585585585654,35.0,101,,118.62757537000529,183.5571597916653,367.1143195833306,31.0904821097544
-31.213729523809526,116.87681666666667,15478.0,15512.0,2.333893557423,79.35238095238199,34.0,102,,118.99523185460733,178.86530501025425,357.7306100205085,31.909346047605535
-31.212989285714286,116.87715178571429,15512.0,15539.0,2.6185002736727108,70.69950738916319,27.0,103,,124.16055605806106,148.20574675259093,296.41149350518185,39.28801159502572
-31.212078571428574,116.87756488095238,15539.0,15566.0,2.6954022988505986,72.77586206896616,27.0,104,,122.55064269789986,146.2840542334459,292.5681084668918,38.92201339053612
-31.21093275862069,116.87773505747127,15566.0,15594.0,3.205911330049232,89.76551724137849,28.0,105,,122.53358982028726,151.68087289206028,303.36174578412056,37.9037550016455
-31.21012388888889,116.8782033333333,15594.0,15623.0,3.4545050055617486,100.18064516129071,29.0,106,,125.41952606133866,160.7980523484001,321.5961046968002,37.57617111192106
-31.209517361111114,116.87830902777777,15623.0,15646.0,4.534347826086967,104.29000000000025,23.0,107,,123.77908780982848,125.86145404328313,251.72290808656626,43.755502092403084
-31.20853563218391,116.87861954022988,15646.0,15674.0,3.883251231527063,108.73103448275776,28.0,108,,127.73004172795982,158.11341406263557,316.22682812527114,39.06287094363982
-31.207277083333334,116.87889895833334,15674.0,15705.0,3.996151026392961,123.88068181818178,31.0,109,,128.349941018285,175.9037095325032,351.8074190650064,36.376029747162974
-31.20615860215053,116.87898010752686,15705.0,15735.0,3.747983870967761,112.43951612903284,30.0,110,,132.33981812637816,175.52113518912913,351.04227037825825,38.126017545664745
-31.2055421875,116.878871875,15735.0,15766.0,3.8154325513196983,118.27840909091064,31.0,111,,129.51806889136833,177.50462983253195,355.0092596650639,36.624236642347874
-31.204179310344824,116.8788603448276,15766.0,15794.0,3.9216748768472898,109.80689655172411,28.0,112,,135.84782386647734,168.16218748487685,336.3243749697537,40.8002109681373
-31.203198039215682,116.87945637254903,15794.0,15827.0,3.9239113827349645,129.48907563025384,33.0,113,,136.4055285429097,199.00479621611143,398.00959243222286,36.33093769258308
-31.2021024691358,116.87944135802469,15827.0,15853.0,4.3131868131868485,112.14285714285806,26.0,114,,139.3645375774545,160.1928975628806,320.3857951257612,43.64080922810729
-31.201331481481482,116.87926666666665,15853.0,15879.0,3.2857142857143344,85.4285714285727,26.0,115,,135.66102034400677,155.93588091350284,311.8717618270057,42.87066594195757
-31.200645238095237,116.87953095238096,15879.0,15906.0,4.1198686371100335,111.2364532019709,27.0,116,,135.47693584952725,161.71368011546897,323.42736023093795,41.75557962336162
