lat,lon,t_start,t_end,climb_rate_ms,alt_gain_m,duration_s,circle_id,seg_id,avg_speed_kmh,turn_radius_m,circle_diameter_m,bank_angle_deg,bank_std_deg,bank_range_deg,bank_masd_deg
-32.15034277777777,116.97494666666665,365.0,394.0,3.133036707452715,90.85806451612874,29.0,0,,97.05408039374873,124.43123961533225,248.8624792306645,30.7704577163456,7.256048864198179,30.0255103859891,8.846937117069398
-32.15002111111111,116.97350222222222,394.0,423.0,3.2838709677419384,95.23225806451622,29.0,2,,97.75479614516044,125.32961430717843,250.65922861435686,30.95195332070785,5.711774715708947,18.336044541437225,7.979331962442804
-32.15033636363636,116.97246313131313,423.0,455.0,3.250334224598903,104.0106951871649,32.0,4,,98.53547520441495,139.3991817661469,278.7983635322938,28.715538273710195,8.755023113096975,34.860412505019504,8.45411022926115
-32.15069807692308,116.97101282051281,455.0,480.0,3.226324786324807,80.65811965812017,25.0,6,,102.77643393741252,113.59289926733909,227.18579853467818,36.18217388530665,5.507523298018731,19.181781587309892,8.062867554796263
-32.15100111111111,116.9702072222222,480.0,509.0,2.9735261401557316,86.23225806451622,29.0,8,,98.5808158500445,126.38863887789638,252.77727775579277,31.16502227408543,5.78423207366602,24.614135067782513,6.0601119030018555
-32.151041666666664,116.96680357142858,555.0,582.0,2.782703886152196,75.1330049261093,27.0,10,,95.08584592021346,113.50036797207227,227.00073594414454,32.06948211963407,7.882255426782254,25.969084054026297,7.78802895769385
-32.15057291666667,116.96618645833334,582.0,613.0,2.095307917888619,64.95454545454719,31.0,12,,93.29536314255911,127.86137904512302,255.72275809024603,28.166153401647936,13.558155035403004,50.69363497292828,10.44510689965015
-32.14984691358024,116.96591790123456,613.0,639.0,1.783272283272288,46.36507936507949,26.0,14,,96.87410400224631,111.35216812457013,222.70433624914025,33.54007540731763,6.660609210729376,25.097221165270966,7.058861972468836
-32.10816811594203,116.97233985507246,879.0,901.0,2.8606719367588638,62.934782608695,22.0,16,,101.281361421816,98.50762358163716,197.01524716327432,39.31950094334103,7.211222727747256,28.88307992529838,8.608188670072806
-32.108125,116.97207430555557,901.0,924.0,2.7643478260869734,63.58000000000039,23.0,18,,96.47797494143019,98.10104779521289,196.20209559042578,36.73368046728007,5.47907642192511,20.036312782242202,7.207705554495985
-32.1084858974359,116.97107884615386,924.0,949.0,2.9613675213675896,74.03418803418974,25.0,20,,103.67377798597444,114.58468219083022,229.16936438166044,36.41981962521132,8.534937754617962,31.981062111481066,7.197569076365711
-32.10820128205128,116.97021346153845,949.0,974.0,2.0598290598290703,51.49572649572676,25.0,22,,100.56615380754528,111.15000337646293,222.30000675292587,35.59062273784017,6.729386736097677,26.178104678851184,6.546907992179935
-32.107833908045976,116.969891954023,974.0,1002.0,1.0886699507388984,30.482758620689154,28.0,24,,99.6944894148213,123.40899502860015,246.8179900572003,32.35275932578617,9.701898500373595,41.01851460393449,6.826869159153322
-32.10805229885057,116.96859942528737,1002.0,1030.0,1.7201970443349783,48.16551724137939,28.0,26,,101.03519143189052,125.06861222038779,250.13722444077558,32.699741378308964,11.865665926615508,45.40870239800838,7.307615391398752
-32.050488888888886,117.02129166666667,1576.0,1599.0,1.2739130434782668,29.300000000000136,23.0,28,,101.30582265208737,103.0101155829511,206.0202311659022,38.08356271927123,5.29432524067714,21.927867751470348,5.924113055154454
-32.05096851851852,117.02030617283953,1599.0,1625.0,0.6929181929181951,18.015873015873073,26.0,30,,102.70395334630284,118.05330225103641,236.10660450207283,35.09895400445586,10.144635129486923,40.166722372217755,8.047336357674746
-31.94834523809524,117.06472222222222,2218.0,2238.0,1.2064935064934956,24.129870129869914,20.0,32,,99.26498761986983,87.76951919810044,175.53903839620088,41.44540417430657,5.314140574813141,19.38729635943469,5.488053229421877
-31.948600793650794,117.0634150793651,2238.0,2258.0,0.5441558441558099,10.883116883116198,20.0,34,,103.65088972720442,91.64750808865298,183.29501617730597,42.67740267980817,9.323373402353784,31.81727911523824,6.275644123741496
-31.948392361111114,117.06210486111111,2258.0,2281.0,0.9165217391304205,21.07999999999967,23.0,36,,99.43984757057581,101.11274874075555,202.2254974815111,37.56759272904367,6.4697588989003725,26.712174892822297,8.896841852555692
-31.948483333333332,117.06078799999999,2281.0,2305.0,1.0261538461538813,24.627692307693152,24.0,38,,97.47119915064697,103.42015435946678,206.84030871893356,35.85033929615427,5.559766629236376,21.472661092840905,6.467423876713179
-31.947955747126436,117.05882873563218,2305.0,2333.0,0.7738916256157358,21.6689655172406,28.0,40,,96.72999275293766,119.73932827012521,239.47865654025043,31.57599785608813,10.373389957816222,44.707165684101064,7.127356985890356
-31.947858974358972,117.05782500000001,2333.0,2358.0,0.9425641025641266,23.564102564103166,25.0,42,,95.17573394857244,105.19228139107234,210.38456278214468,34.110612813484686,5.974810573061183,27.476310424260877,7.511828562488976
-31.948377083333337,117.05701388888889,2358.0,2381.0,0.9869565217391169,22.699999999999687,23.0,44,,96.90134672956502,98.53154207173739,197.06308414347478,36.85400886413469,7.245422166350541,29.74727520425097,8.869009533118716
-31.945978333333336,117.05506999999997,2417.0,2436.0,1.97969924812029,37.61428571428551,19.0,46,,95.11695077694777,79.89675690878192,159.79351381756385,41.690224618424814,5.193559126168737,18.409741448009505,6.844349190329333
-31.946064999999997,117.05423083333332,2436.0,2455.0,1.864661654135285,35.428571428570415,19.0,48,,95.08398765093686,79.86906839643649,159.73813679287298,41.680361261158446,4.19392137270601,17.90896280002873,4.582514107381893
-31.94608913043478,117.05335507246376,2455.0,2477.0,1.3507905138339598,29.717391304347114,22.0,50,,89.65989498860037,87.20442796105336,174.4088559221067,35.94498950826521,4.135432452354648,18.281474646989352,5.613999870240248
-31.945598076923076,117.05214871794873,2477.0,2502.0,1.3466666666666682,33.66666666666671,25.0,52,,93.41783547433094,103.2493770047582,206.4987540095164,33.61639429526656,11.559232243219629,39.70495728136246,6.1589074215617785
-31.944958333333336,117.05145961538462,2502.0,2527.0,1.5815384615384835,39.53846153846209,25.0,54,,92.63539601684106,102.38459153719114,204.76918307438228,33.39457536280952,12.319629036245829,45.34248645369525,8.468089244726215
-31.945231333333332,117.05125933333335,2527.0,2551.0,1.14615384615385,27.507692307692402,24.0,56,,92.23348172021214,97.86276356231822,195.72552712463644,34.36165424782206,6.6829231818543,24.19109769448313,8.69276594800942
-31.944022222222223,117.05056717171716,2551.0,2583.0,2.121991978609571,67.90374331550628,32.0,58,,88.86010998302159,125.71133997766545,251.4226799553309,26.291377364905504,14.334355462419277,45.532380983393445,6.27982523855476
-31.943842424242426,117.05040681818181,2583.0,2604.0,2.3483907396950774,49.31620553359662,21.0,60,,92.24050746028179,85.63644084105071,171.27288168210143,38.00645919050163,6.513481290547412,26.374814106016053,7.48793421377855
-31.943940666666666,117.05010933333335,2604.0,2628.0,2.182307692307703,52.375384615384874,24.0,62,,92.3074315189059,97.94122673566997,195.88245347133994,34.38305213762163,5.84332392244036,23.606561857013354,6.924078618010746
-31.943508641975306,117.04972777777778,2628.0,2654.0,2.3376068376068417,60.777777777777885,26.0,64,,95.44802251201732,109.71295538041268,219.42591076082536,33.1498979732949,11.369076903934607,36.40185739744132,8.710246596162666
-31.94274166666667,117.04909230769232,2654.0,2679.0,1.8844444444444677,47.11111111111169,25.0,66,,89.81801243459286,99.27069901149147,198.54139802298295,32.586415987050245,12.554697713223893,51.64035522497064,8.385828436513217
-31.942767948717954,117.04851153846154,2679.0,2704.0,1.935726495726569,48.393162393164225,25.0,68,,91.10576241831342,100.69397522937783,201.38795045875565,32.95764039481782,5.7062282265257185,24.951317573847803,6.520239645589219
-31.94299523809524,117.04784285714285,2704.0,2731.0,1.7764094143404483,47.96305418719211,27.0,70,,88.30496833387704,105.40629157432365,210.8125831486473,30.194057148947554,6.654377146574604,28.196213722344226,9.476896835487555
-31.94091474358974,117.0461467948718,2767.0,2792.0,2.458119658119677,61.452991452991924,25.0,72,,97.99949516935152,108.3132227549487,216.6264455098974,34.89255311279514,6.6900196417244455,28.260803352998646,7.856366702475099
-31.904023456790124,117.1304037037037,3221.0,3247.0,0.7271062271062674,18.904761904762953,26.0,74,,96.55773017100589,110.9885114754652,221.9770229509304,33.45381692177119,5.655347227608248,22.66413794040873,7.734933766392276
-31.900714367816096,117.10825747126437,3474.0,3502.0,4.21822660098517,118.11034482758475,28.0,76,,102.92513851339979,127.40812437753235,254.8162487550647,33.1843259671902,6.066982438604423,27.710999266587237,6.708397255920314
-31.900406547619045,117.10657797619048,3535.0,3562.0,3.0566502463054315,82.52955665024665,27.0,78,,101.1928486775181,120.79006554432877,241.58013108865754,33.695284599491515,3.6239891791487597,12.414615337391517,4.608991042669155
-31.924661494252874,117.22389712643677,4213.0,4241.0,0.43300492610836583,12.124137931034243,28.0,80,,97.06283439502296,120.15134354593954,240.30268709187908,31.66386474288558,12.67601438147795,45.155339539609656,7.647233583317349
-31.925305747126433,117.2244448275862,4241.0,4269.0,0.847783251231511,23.73793103448231,28.0,82,,95.75325778438022,118.53025561639592,237.06051123279184,31.317191274601246,12.476292671460955,43.666017679288714,9.317827360270089
-31.94599141414141,117.36538282828282,5054.0,5086.0,1.6838235294116837,53.88235294117388,32.0,84,,101.42249766838843,143.48348306355777,286.96696612711554,29.418120014652814,9.370136805672077,40.78823283637557,9.935186743767296
-31.937841666666667,117.36665902777777,5199.0,5222.0,1.1208695652173242,25.779999999998456,23.0,86,,96.80625633089089,98.43485194374848,196.86970388749697,36.82701570565073,5.396166282658641,21.67585456614723,6.1963688767252085
-31.937839655172414,117.36632701149425,5222.0,5250.0,0.5088669950738748,14.248275862068494,28.0,88,,96.58253990919383,119.55680055603241,239.11360111206483,31.537018728579216,5.9543940869270005,23.643873692159755,7.530587193212451
-31.91701777777778,117.46221499999999,5645.0,5674.0,0.4424916573971232,12.832258064516573,29.0,90,,102.05560508592525,130.8436018250339,261.6872036500678,32.05089131352611,14.730669462371367,60.61972944499582,9.426079497873564
-31.91317638888889,117.45787083333333,5721.0,5744.0,1.2886956521738817,29.63999999999928,23.0,92,,102.93975820737202,104.67153924053292,209.34307848106585,38.529471052160694,4.47319208289615,19.342482389850854,5.136043869013399
-31.91309935897436,117.45695064102564,5744.0,5769.0,1.9374358974359234,48.435897435898084,25.0,94,,99.26806894889448,109.71530461391418,219.43060922782837,35.23907685424676,3.9652649832329128,16.496576883386954,4.936074966721088
-31.913184444444443,117.45598166666663,5769.0,5798.0,1.7650723025584385,51.187096774194714,29.0,96,,97.26192419474586,124.6977123045743,249.3954246091486,30.82436397336355,4.967897622201362,20.401232918242854,6.504976706805478
-31.912902380952378,117.45462976190478,5798.0,5825.0,2.0432402846195887,55.1674876847289,27.0,98,,98.38639004955203,117.44010232015103,234.88020464030205,32.95555818177938,6.8475368066354365,26.278230002721692,8.474182266338797
-31.912666049382715,117.45350493827162,5825.0,5851.0,1.6935286935286937,44.03174603174604,26.0,100,,98.04108292248628,112.69355480641626,225.38710961283252,33.85676428155369,7.337009026322023,28.80892044918055,8.760333485793828
-31.91251923076923,117.45230576923078,5851.0,5876.0,1.7295726495726933,43.23931623931733,25.0,102,,100.4935378481782,111.06974512034743,222.13949024069487,35.571037909533054,7.554938268240244,30.037614164925806,5.343104288079168
-31.912496153846156,117.45126794871796,5876.0,5901.0,1.37914529914532,34.478632478632996,25.0,104,,101.84502612654882,112.56346762057964,225.1269352411593,35.93397257053132,4.3734060710388025,17.699834613840903,5.5114715445306155
-31.912504022988507,117.44991551724141,5901.0,5929.0,1.8458128078817784,51.682758620689796,28.0,106,,103.14422817545527,127.67932928739373,255.35865857478746,33.24015750611204,11.49389761155038,50.02773792829131,7.449554210069802
-31.912087037037033,117.44793888888888,5929.0,5955.0,1.1770451770451829,30.603174603174754,26.0,108,,101.48184597391945,116.64854803939738,233.29709607879477,34.77695756504304,10.393449576127818,44.040382576176576,9.745271744905075
-31.948773118279572,117.55222150537632,6395.0,6425.0,1.035887096774163,31.076612903224888,30.0,110,,103.14172494808359,136.79596137093472,273.59192274186944,31.45312810450425,13.59800076024416,56.15704732672424,8.139495825502058
-31.947498809523804,117.54945892857143,6425.0,6452.0,2.193486590038344,59.22413793103529,27.0,112,,101.10776070633082,120.68849926023789,241.37699852047578,33.6730415561519,13.129909448889727,52.736592817823706,10.384745440438573
-31.94670208333333,117.54827708333335,6452.0,6475.0,1.9721739130434408,45.35999999999914,23.0,114,,99.20326758725278,100.87218871381208,201.74437742762416,37.501658444728115,6.040636020334442,26.180444969685226,7.3966643637148985
-31.94628269230769,117.54713076923078,6475.0,6500.0,1.6704273504273857,41.76068376068464,25.0,116,,100.64494863300189,111.23709077897323,222.47418155794645,35.61186319763058,8.031505156880497,35.49350531371856,8.405752555186508
-31.945825925925924,117.54606913580245,6500.0,6526.0,1.345543345543425,34.98412698412905,26.0,118,,99.52785153736373,114.40252450963362,228.80504901926724,34.25685983672754,5.9643371112701775,19.109922771592803,7.536110170809659
-31.94560297619048,117.5446005952381,6526.0,6553.0,1.2153804050355808,32.81527093596068,27.0,120,,100.16475825516521,119.56287299935704,239.12574599871408,33.425757836444966,10.612354318907485,45.13322906753265,7.510109840408845
-31.972454000000003,117.57083666666668,6778.0,6802.0,1.9530769230769562,46.87384615384695,24.0,122,,106.68527861039385,113.1965963065349,226.3931926130698,38.33919099363604,4.825787320183527,20.154196449569913,7.040162645010741
-31.97267499999999,117.56938928571428,6802.0,6829.0,1.9189928845101365,51.812807881773686,27.0,124,,104.15277662804475,124.3232192782451,248.6464385564902,34.46189834773614,10.103356310085523,44.45157273972939,7.257322643131023
-31.973116666666666,117.56762756410255,6829.0,6854.0,1.2673504273504372,31.68376068376093,25.0,126,,101.68221542450313,112.38352228711553,224.76704457423105,35.890425929056846,5.773569683351522,20.75518092328461,8.4017629253616
-32.089541666666676,117.45544500000001,7607.0,7636.0,2.7430478309232256,79.54838709677354,29.0,128,,97.0402634823377,124.41352520901823,248.82705041803646,30.766872026316495,14.082104124148211,46.5671790828765,8.425898243606694
-32.089328645833334,117.45595885416667,7636.0,7667.0,1.8277126099707546,56.65909090909339,31.0,130,,98.90840473527456,135.55405759320445,271.1081151864089,29.5813667425552,13.770086691133827,59.38374694640341,9.199982235702283
-32.08923866666667,117.454498,7667.0,7691.0,2.005384615384667,48.12923076923201,24.0,132,,103.8381453335089,110.17569407548379,220.35138815096758,37.58755466642431,4.773393646737069,15.966646202664581,6.8802187658875384
-32.08970666666667,117.452864,7691.0,7715.0,1.376923076923049,33.046153846153175,24.0,134,,103.31742000456342,109.62318734151827,219.24637468303655,37.44841469884838,5.298577010305744,24.0322855417301,6.614219865059419
-32.09017435897436,117.45143589743591,7715.0,7740.0,0.7377777777778107,18.444444444445267,25.0,136,,101.74834650563847,112.45661317916206,224.91322635832412,35.908119653808384,4.378019019199598,16.884286717318645,5.940223878047628
-32.16028333333333,117.42289259259258,8047.0,8073.0,1.2747252747253,33.1428571428578,26.0,138,,92.24495998038101,106.03118757249563,212.06237514499125,32.26075605695654,4.769787744695345,19.354088963613904,5.552993067164263
-32.16062688172044,117.42215806451613,8073.0,8103.0,1.0830645161290215,32.49193548387065,30.0,140,,93.98135062344122,124.64663758477708,249.29327516955416,29.133153608319496,5.327146163247181,25.947088255746372,5.670743741240061
-32.16142760416667,117.42110416666668,8103.0,8134.0,0.7804252199414305,24.193181818184346,31.0,142,,93.76788958047146,128.5089769530108,257.0179539060216,28.286776592424335,7.594850146436742,29.769365633936367,7.088602161105272
-32.2313101010101,117.37181464646466,8467.0,8499.0,1.1915106951870864,38.128342245986765,32.0,144,,103.05311293565612,145.79033177526233,291.58066355052466,29.810709896982356,8.667810421951833,36.09322177441986,11.843570124779985
-32.32013076923077,117.13450576923077,9274.0,9299.0,1.7114529914529932,42.78632478632483,25.0,146,,104.4883031799004,115.48493018309551,230.96986036619103,36.634280475083585,5.505539187520025,21.14672234829834,7.106907454300601
-32.32035138888889,117.13327499999998,9299.0,9322.0,1.238695652173884,28.489999999999334,23.0,148,,103.68976775386797,105.43416638328058,210.86833276656117,38.73232115687854,5.538244376658123,20.28132182866219,7.887304250127188
-32.31988827160494,117.13156172839507,9322.0,9348.0,0.7185592185592089,18.68253968253943,26.0,150,,103.8201884942086,119.3363613836739,238.6727227673478,35.39085028098313,10.393870104168798,48.66558969297605,6.918688472441961
-32.34710064102564,117.08710256410258,9552.0,9577.0,1.7507692307693197,43.76923076923299,25.0,152,,108.32918845630623,119.73004044412932,239.46008088825863,37.62963723661873,5.547808491824251,18.892083690155097,7.855997038111074
-32.347729032258066,117.08551989247314,9577.0,9607.0,1.1862903225806585,35.58870967741976,30.0,154,,104.55237600803295,138.66689544734106,277.3337908946821,31.8006453545601,8.772902580640373,38.01376804181487,8.9354883845557
-32.16180000000001,116.92664516129032,10540.0,10570.0,0.02782258064516725,0.8346774193550175,30.0,156,,103.08446701921648,136.72002068418135,273.4400413683627,31.438967636030338,5.703414653846145,21.73186070064659,7.608043018705546
-32.16021222222223,116.92112944444443,10612.0,10641.0,0.47230255839816837,13.696774193546883,29.0,158,,90.73670553079407,116.33185026330229,232.66370052660457,29.103124941739928,5.14663582442038,19.02843942805314,6.296441356253186
-32.16002634408602,116.91997311827956,10641.0,10671.0,-0.0854838709677597,-2.564516129032791,30.0,160,,90.1704741970112,119.59230574495446,239.18461148990892,28.135680162147704,6.543260830170607,27.005959765792127,9.289099328559272
-32.11312430555556,116.89401180555556,10926.0,10949.0,1.7782608695652389,40.900000000000496,23.0,162,,99.53317101302983,101.20764218658249,202.41528437316498,37.59356969772473,5.711816399320157,20.064127414459488,7.051602905405588
-32.112245061728395,116.89310679012345,10949.0,10975.0,1.5097680097680337,39.25396825396888,26.0,164,,100.41301558213956,115.41997841588517,230.83995683177034,34.49326993302349,5.413564861645802,21.64079801894312,6.461698971400081
-32.06487321428571,116.94575595238096,11314.0,11341.0,2.395457033388126,64.6773399014794,27.0,166,,96.31417739887954,114.96658067146038,229.93316134292076,32.40128576129432,7.375522848047445,26.717258675979174,7.760287497652545
-32.064800000000005,116.94540677083333,11341.0,11372.0,2.5097140762463743,77.80113636363761,31.0,168,,96.52546775394306,132.28824031839417,264.57648063678835,28.98526816512608,6.65823411846898,29.37627349854768,8.778818972978723
-32.06431034482759,116.9449235632184,11372.0,11400.0,2.117733990147806,59.29655172413857,28.0,170,,96.63630077265424,119.62334961175718,239.24669922351436,31.551234174267186,7.511151538203931,31.355110904731674,10.042500322703914
-32.063954444444455,116.94423388888889,11400.0,11429.0,2.057842046718569,59.6774193548385,29.0,172,,97.12205325301142,124.51838635974465,249.0367727194893,30.78809377403871,5.3514162459207935,26.291932885572454,6.436733572337917
-32.06331919191919,116.94310353535353,11429.0,11461.0,1.6537433155080032,52.919786096256104,32.0,174,,97.72513550253912,138.25278559603888,276.50557119207775,28.516614553032216,6.773972870448258,27.264016423315077,8.074526808171154
-32.0613921875,116.93955572916667,11495.0,11526.0,1.0931085043988675,33.88636363636489,31.0,176,,95.31573699026434,130.63030321940977,261.26060643881954,28.67998968591744,13.068998552862125,46.93699717204361,8.044583139910973
-32.06068611111111,116.93835333333332,11526.0,11555.0,1.3170189098998875,38.19354838709673,29.0,178,,95.19532915328298,122.04816906281803,244.09633812563607,30.285684137226966,7.225655911708106,30.504209478366853,9.027110374844181
-32.06060459770115,116.93726609195404,11555.0,11583.0,1.5625615763546865,43.75172413793122,28.0,180,,98.86517329607483,122.38240800883347,244.76481601766693,32.13678447771482,8.949985639446686,43.303132770969384,7.3790560831418315
-32.05996551724138,116.93614827586207,11583.0,11611.0,1.3418719211822328,37.57241379310252,28.0,182,,96.10647168963622,118.96748914187592,237.93497828375183,31.41094780843797,5.7147741562151655,22.67416381484709,7.5582620332756525
-31.96798854166667,116.8507421875,12109.0,12140.0,1.4378665689150292,44.57386363636591,31.0,184,,99.93149513322325,136.95620390319473,273.91240780638947,29.835160887388973,5.8931022738446925,20.992521712029124,8.641692545281016
