lat,lon,t_start,t_end,climb_rate_ms,alt_gain_m,duration_s,circle_id,seg_id,avg_speed_kmh,turn_radius_m,circle_diameter_m,bank_angle_deg
-32.17192333333334,116.95976333333333,397.0,433.0,1.2742424242424268,45.87272727272737,36.0,0,,117.36754152684198,186.79624392540197,373.59248785080393,30.115214615239974
-32.17219814814815,116.95883703703703,433.0,465.0,1.8333333333333262,58.66666666666644,32.0,1,,116.34949438629647,164.60086362508275,329.2017272501655,32.89796962588167
-32.172225,116.9582125,465.0,493.0,2.0148809523809588,56.41666666666684,28.0,2,,115.93732696141004,143.5155452482086,287.0310904964172,36.377999846684986
-32.17215416666667,116.95793958333333,493.0,521.0,1.488095238095239,41.66666666666669,28.0,3,,114.89989950801683,142.2313430802671,284.4626861605342,36.13240445671819
-32.172041666666665,116.95750833333334,521.0,549.0,1.949404761904781,54.58333333333387,28.0,4,,118.20650292175583,146.32449413247562,292.64898826495124,36.909828420685514
-32.17205,116.9574277777778,549.0,581.0,2.2666666666666613,72.53333333333316,32.0,5,,118.66934921349505,167.8827868517872,335.7655737035744,33.41589628307549
-32.17185416666666,116.9576,581.0,609.0,2.351190476190482,65.8333333333335,28.0,6,,116.87962188632483,144.68198554382434,289.3639710876487,36.59973812188664
-32.17175625,116.95761875000001,609.0,637.0,2.321428571428576,65.00000000000013,28.0,7,,116.50585738501026,144.21931301542944,288.43862603085887,36.511936764253804
-32.17145625,116.9576625,637.0,665.0,2.3244047619047685,65.08333333333351,28.0,8,,115.0865731116749,142.46242106623234,284.9248421324647,36.176710599657454
-32.17135185185185,116.95762407407408,665.0,697.0,2.441666666666651,78.13333333333283,32.0,9,,117.29410123684829,165.9372089543609,331.8744179087218,33.10959928433259
-32.17103888888889,116.95713333333333,697.0,729.0,2.616666666666681,83.73333333333379,32.0,10,,118.24528529460673,167.28285912842722,334.56571825685444,33.32167725624578
-32.17052407407407,116.9573888888889,729.0,761.0,2.2499999999999902,71.99999999999969,32.0,11,,119.5551570284364,169.13594856180805,338.2718971236161,33.612048167509386
-32.170075,116.95748499999999,761.0,797.0,2.057575757575774,74.07272727272786,36.0,12,,122.87843743582917,195.56710717320414,391.13421434640827,31.269037261814887
-31.8097462962963,116.97591296296297,1670.0,1702.0,2.474999999999985,79.19999999999952,32.0,13,,124.32657161476848,175.8861193791905,351.772238758381,34.6533766124051
-31.80838333333333,116.97552499999999,1702.0,1730.0,2.791666666666686,78.16666666666721,28.0,14,,123.67107129290275,153.08892910683298,306.17785821366596,38.16067489908119
-31.806614814814818,116.97501111111112,1730.0,1762.0,2.629166666666652,84.13333333333287,32.0,15,,122.83108048342416,173.77043221560345,347.5408644312069,34.32975511868703
-31.804700000000004,116.97485208333333,1762.0,1790.0,3.11607142857144,87.25000000000031,28.0,16,,124.48619162168126,154.0979435588091,308.1958871176182,38.343677617011195
-31.80345625,116.97472499999999,1790.0,1818.0,3.2857142857142976,92.00000000000033,28.0,17,,122.86140460805628,152.0866655667763,304.1733311335526,37.977982569286986
-31.802235185185186,116.97466296296297,1818.0,1850.0,3.0208333333333095,96.6666666666659,32.0,18,,121.26153778165566,171.54998351000108,343.09996702000217,33.987402917627286
-31.801385185185186,116.97461111111112,1850.0,1882.0,2.804166666666658,89.73333333333305,32.0,19,,119.73403028870236,169.38900246010397,338.77800492020793,33.65154968654564
-31.8007,116.9744148148148,1882.0,1914.0,2.491666666666664,79.73333333333325,32.0,20,,119.65381564946877,169.275521959283,338.551043918566,33.63383994834431
-31.28856666666666,117.03203666666666,3092.0,3128.0,2.0863636363636515,75.10909090909145,36.0,21,,114.7549517858404,182.63817820988623,365.27635641977247,29.558571183465258
-31.287753703703704,117.02882407407408,3128.0,3160.0,2.5541666666666485,81.73333333333275,32.0,22,,124.87981640623761,176.66880065298741,353.33760130597483,34.77246190992627
-31.28661851851852,117.02744999999999,3160.0,3192.0,2.029166666666663,64.93333333333321,32.0,23,,121.79349076581033,172.3025430381851,344.6050860763702,34.10374475758686
-31.285435185185186,117.02584814814814,3192.0,3224.0,2.349999999999992,75.19999999999975,32.0,24,,124.97140833752123,176.79837672953073,353.59675345906146,34.79214388958559
-31.28344814814815,117.02465555555555,3224.0,3256.0,2.6624999999999943,85.19999999999982,32.0,25,,127.7777742458339,180.76857234226438,361.53714468452876,35.39065566323856
-31.2818574074074,117.02359444444444,3256.0,3288.0,3.120833333333312,99.86666666666598,32.0,26,,126.81825576583634,179.41113137266765,358.8222627453353,35.187007813900166
-31.280479629629628,117.02254814814813,3288.0,3320.0,3.008333333333314,96.26666666666605,32.0,27,,124.99207627500464,176.82761587987738,353.65523175975477,34.796583876482124
-31.27884814814815,117.02151111111112,3320.0,3352.0,3.2166666666666544,102.93333333333294,32.0,28,,122.3363912569058,173.07059012053944,346.14118024107887,34.222151922576344
-31.277458333333335,117.02072291666667,3352.0,3380.0,3.3035714285714426,92.5000000000004,28.0,29,,122.86732883098207,152.09399899515222,304.18799799030444,37.979322620466576
-31.276272916666667,117.02020208333333,3380.0,3408.0,2.901785714285732,81.2500000000005,28.0,30,,122.7069140074408,151.8954260120604,303.7908520241208,37.94301972398795
-31.275244444444443,117.01947592592592,3408.0,3440.0,2.7249999999999788,87.19999999999932,32.0,31,,125.60530158196045,177.69515222504236,355.3903044500847,34.92810246653233
-31.213466666666665,117.16265208333333,4012.0,4040.0,3.342261904761936,93.58333333333421,28.0,32,,121.53063674413339,150.43934558282277,300.87869116564553,37.67572225953322
-31.231444444444442,117.23370740740741,4230.0,4262.0,3.0208333333333175,96.66666666666616,32.0,33,,127.09618348959712,179.80431867096814,359.6086373419363,35.24610051627767
-31.25222051282051,117.38064871794872,4614.0,4662.0,1.9684065934066135,94.48351648351745,48.0,34,,130.65311785304846,277.25452715574164,554.5090543114833,25.839480136958432
-31.28284444444445,117.56117592592594,5098.0,5130.0,2.1958333333333093,70.2666666666659,32.0,35,,127.86206224987707,180.88781547548058,361.77563095096116,35.4084959877805
-31.28196666666667,117.56311666666667,5130.0,5182.0,2.3291208791208655,121.114285714285,52.0,36,,118.85700752470109,273.2409372140757,546.4818744281514,22.129533097902343
-31.28200185185185,117.56350555555554,5182.0,5214.0,2.1374999999999926,68.39999999999976,32.0,37,,121.74842332261439,172.23878564834376,344.47757129668753,34.09390056777265
-31.311611666666664,117.72403999999999,5690.0,5726.0,2.5878787878788105,93.16363636363718,36.0,38,,121.5877211196718,193.51286835474608,387.02573670949215,31.001271881196228
-31.31004791666667,117.72434375,5726.0,5754.0,3.2291666666666976,90.41666666666754,28.0,39,,124.94085168757103,154.6607544236868,309.3215088473736,38.44535345890716
-31.308557407407406,117.72430000000001,5754.0,5786.0,2.162499999999983,69.19999999999946,32.0,40,,124.06718198749341,175.51915812258966,351.0383162451793,34.597425162137306
-31.38953888888889,118.0984888888889,6666.0,6698.0,2.8125000000000093,90.0000000000003,32.0,41,,128.42897823127723,181.68983752665946,363.3796750533189,35.52828389906328
-31.386951851851855,118.09731296296296,6698.0,6730.0,2.216666666666672,70.93333333333351,32.0,42,,125.13030720318598,177.02317263995062,354.04634527990123,34.82626702500175
-31.385279629629636,118.09682777777779,6730.0,6762.0,3.1999999999999753,102.39999999999921,32.0,43,,124.11099934755092,175.58114700655756,351.1622940131151,34.60688205083942
-31.38422037037037,118.09584259259259,6762.0,6794.0,2.7666666666666404,88.5333333333325,32.0,44,,127.67821555328939,180.62772560407575,361.2554512081515,35.369572986439444
-31.382622222222224,118.0945611111111,6794.0,6826.0,3.208333333333311,102.66666666666595,32.0,45,,128.53824427529418,181.8444173579252,363.6888347158504,35.5513305338827
-31.39308148148148,118.31561851851853,7322.0,7354.0,3.166666666666665,101.33333333333329,32.0,46,,130.39182329431165,184.46669525381907,368.93339050763814,35.940277046766205
-31.39161111111111,118.31464259259259,7354.0,7386.0,2.916666666666616,93.33333333333171,32.0,47,,127.25380106396258,180.02730192499854,360.0546038499971,35.27957477748609
-31.390168518518514,118.31436481481481,7386.0,7418.0,3.012499999999998,96.39999999999993,32.0,48,,127.41094988752707,180.24962203229956,360.4992440645991,35.31292195999303
-31.38831481481482,118.31429444444444,7418.0,7450.0,3.2708333333333033,104.6666666666657,32.0,49,,126.50750030581989,178.97150232773953,357.94300465547906,35.12083339095569
-31.387050000000002,118.31362592592593,7450.0,7482.0,2.8499999999999797,91.19999999999935,32.0,50,,127.4089578487449,180.24680387390833,360.49360774781667,35.31249941875407
-31.387443333333334,118.48215333333333,7850.0,7886.0,4.560606060606081,164.18181818181893,36.0,51,,130.42852717363616,207.58344819879784,415.1668963975957,32.80511614910841
-31.386835,118.48269833333333,7886.0,7922.0,4.301515151515159,154.85454545454573,36.0,52,,135.50195885676644,215.65806550689007,431.31613101378014,33.80845959045125
-31.380201666666665,118.67248666666667,8294.0,8330.0,4.342424242424244,156.32727272727277,36.0,53,,127.87667591297888,203.52205077710897,407.04410155421795,32.29170202387779
-31.37921833333333,118.67241833333333,8330.0,8366.0,4.21212121212126,151.63636363636536,36.0,54,,126.72350335998705,201.68671965664348,403.37343931328695,32.05776358132422
-31.378651515151514,118.6724787878788,8366.0,8406.0,3.3272727272727223,133.0909090909089,40.0,55,,127.74093991399599,225.89557802796946,451.7911560559389,29.60394891903671
-31.450607575757576,118.8174924242424,9602.0,9642.0,2.3636363636363713,94.54545454545485,40.0,56,,129.3739261248291,228.7833316663583,457.5666633327166,29.917563704542754
-31.45031111111111,118.81469583333336,9642.0,9686.0,1.5445804195803967,67.96153846153746,44.0,57,,131.30619940793147,255.4203751535626,510.8407503071252,27.965372816650554
-31.448894444444445,118.81366851851853,9686.0,9718.0,1.5999999999999877,51.199999999999605,32.0,58,,128.7955281569905,182.2083995939238,364.4167991878476,35.60554512347647
-31.478868333333327,118.77709833333333,9850.0,9886.0,2.8075757575757345,101.07272727272644,36.0,59,,127.46334319805236,202.8642113298875,405.728422659775,32.20798942709232
-31.639564814814815,118.33721666666666,10975.0,11007.0,3.620833333333331,115.86666666666659,32.0,60,,129.4175833036172,183.08842760691394,366.1768552138279,35.73632089533655
-31.637585,118.33796666666665,11007.0,11043.0,2.8090909090909024,101.12727272727248,36.0,61,,128.2354634431517,204.09307886657635,408.1861577331527,32.364242433592906
-31.636379999999996,118.33838,11043.0,11079.0,2.9151515151515257,104.94545454545492,36.0,62,,128.02760384182142,203.76226003636808,407.52452007273615,32.32223111158889
-31.63480333333333,118.33895666666665,11079.0,11115.0,2.3666666666666787,85.20000000000043,36.0,63,,126.82381687532349,201.84637357489066,403.6927471497813,32.07816142455925
-31.633783333333334,118.33962592592593,11115.0,11147.0,2.0041666666666242,64.13333333333198,32.0,64,,126.65979263899902,179.18695190658804,358.37390381317607,35.15327702702738
-31.76923,118.10127333333332,11707.0,11743.0,2.8409090909091015,102.27272727272765,36.0,65,,124.54673820052295,198.2222903058542,396.4445806117084,31.612895497998494
-31.88792727272727,117.9239681818182,12287.0,12327.0,0.5136363636363708,20.54545454545483,40.0,66,,118.00920827385183,208.68609807938344,417.3721961587669,27.694312873743232
-31.907811111111112,117.91939444444445,12443.0,12475.0,2.4624999999999817,78.79999999999941,32.0,67,,121.07792055730235,171.29021827539984,342.5804365507997,33.947170408599725
-31.90568888888889,117.91869259259258,12475.0,12507.0,2.7749999999999995,88.79999999999998,32.0,68,,123.8011267759199,175.14276699319157,350.28553398638314,34.53995750232489
-31.9047625,117.91785,12507.0,12535.0,2.300595238095238,64.41666666666667,28.0,69,,123.22136104890683,152.53224548679177,305.06449097358353,38.05931542803162
-31.903572222222223,117.91795185185184,12535.0,12567.0,2.2958333333333196,73.46666666666623,32.0,70,,119.77547641668109,169.4476367369025,338.895273473805,33.66069728237952
-31.90222666666667,117.91746333333333,12567.0,12603.0,1.7530303030303125,63.10909090909125,36.0,71,,119.4100283886863,190.04696272802974,380.0939254560595,30.546070085957908
-31.953975000000003,117.8098433333333,12895.0,12931.0,3.0545454545454485,109.96363636363614,36.0,72,,129.52144952735034,206.13978928705237,412.27957857410473,32.623291299689896
-31.951642592592595,117.80922037037037,12931.0,12963.0,3.6125000000000194,115.60000000000062,32.0,73,,129.26813939528614,182.8770077249063,365.7540154498126,35.704942135654576
-31.95061833333333,117.810115,12963.0,12999.0,3.7969696969697253,136.6909090909101,36.0,74,,126.27067816232884,200.9660259710048,401.9320519420096,31.965572419878853
-31.949815,117.80976999999999,12999.0,13035.0,2.930303030303028,105.49090909090901,36.0,75,,129.30357718095726,205.79303467813747,411.58606935627495,32.57950807693141
-31.94839166666667,117.81005333333334,13035.0,13071.0,2.46969696969698,88.90909090909128,36.0,76,,125.55615690669556,199.82883007322212,399.65766014644424,31.81972494649527
-31.94768181818182,117.81018636363636,13071.0,13111.0,1.9431818181818374,77.7272727272735,40.0,77,,122.55624508469504,216.72702457790018,433.45404915580036,28.59522455059409
-31.948786111111108,117.80914305555558,13111.0,13155.0,2.885489510489504,126.96153846153818,44.0,78,,120.44655787039164,234.29590633138386,468.5918126627677,25.967178744611424
-32.08751041666666,117.63668333333334,13679.0,13707.0,3.7470238095238395,104.91666666666751,28.0,79,,121.71797286317225,150.67124367788142,301.34248735576284,37.718422185096024
-32.08665,117.63663125,13707.0,13735.0,4.026785714285734,112.75000000000055,28.0,80,,121.59881790999107,150.52374512393845,301.0474902478769,37.69126863281089
-32.08576481481482,117.63681851851851,13735.0,13767.0,4.054166666666665,129.7333333333333,32.0,81,,124.39887686877934,175.98841038885575,351.9768207777115,34.668959718130644
-32.0845,117.63708666666666,13767.0,13803.0,2.931818181818182,105.54545454545456,36.0,82,,124.0075192825324,197.36409674378558,394.72819348757116,31.502031518026868
-32.23346296296296,117.4514648148148,14387.0,14419.0,3.2999999999999696,105.59999999999903,32.0,83,,123.14619117942493,174.216222659067,348.432445318134,34.398153421355225
-32.232446296296295,117.45178703703704,14419.0,14451.0,2.437499999999991,77.99999999999972,32.0,84,,122.41743932399312,173.18524968058378,346.37049936116756,34.23980010530305
-32.230716666666666,117.4519537037037,14451.0,14483.0,2.4791666666666368,79.33333333333238,32.0,85,,122.54117096997301,173.36029415235797,346.72058830471593,34.266728354683366
-32.442924074074064,117.23293333333332,15235.0,15267.0,3.2874999999999903,105.19999999999969,32.0,86,,125.05444037036149,176.91584302696623,353.83168605393246,34.80997833684639
-32.44227962962963,117.23430185185185,15267.0,15299.0,2.4999999999999676,79.99999999999896,32.0,87,,125.38476676025991,177.3831592739532,354.7663185479064,34.88085273616414
-32.44084133333333,117.23437733333333,15299.0,15333.0,2.242334832666239,76.23938431065213,34.0,88,,126.8234147220832,190.63208166545604,381.2641633309121,33.56962004490802
-32.53953166666666,117.084375,15783.0,15819.0,2.5712121212121404,92.56363636363706,36.0,89,,125.42589832400706,199.62151710007194,399.2430342001439,31.79308687411019
-32.538228787878786,117.08467272727275,15819.0,15859.0,2.3545454545454585,94.18181818181834,40.0,90,,126.23715975974639,223.23631086272152,446.47262172544305,29.313412099136016
-32.536655555555555,117.08592037037036,15859.0,15891.0,2.1624999999999672,69.19999999999895,32.0,91,,128.4308743545936,181.69251999242405,363.3850399848481,35.52868394649921
-32.53705277777778,117.08489444444444,15891.0,15935.0,2.6153846153845772,115.0769230769214,44.0,92,,121.1797496315336,235.7221308016282,471.4442616032564,26.104314717987542
-32.536750000000005,117.08433703703703,15935.0,15967.0,2.920833333333339,93.46666666666685,32.0,93,,125.57576882269534,177.6533719173074,355.3067438346148,34.921778206435995
-32.53579393939395,117.0837984848485,15967.0,16007.0,2.620454545454554,104.81818181818215,40.0,94,,123.42699354467523,218.26684592896135,436.5336918579227,28.766016667475323
-32.29991458333333,116.88337916666666,17555.0,17584.0,3.946292446292397,114.4424809424795,29.0,95,,126.55943423208734,162.25950750987766,324.51901501975533,37.82700183337229
-32.29856296296296,116.88337222222223,17584.0,17616.0,4.075000000000013,130.4000000000004,32.0,96,,126.34464210909734,178.7411051096824,357.4822102193648,35.08611023588803
-32.29745185185185,116.88327037037035,17616.0,17648.0,4.05416666666665,129.7333333333328,32.0,97,,124.96291825973658,176.7863657264493,353.5727314528986,34.79031987120802
-32.29630370370371,116.88301481481481,17648.0,17680.0,3.791666666666621,121.33333333333188,32.0,98,,126.6637604927876,179.19256527142286,358.38513054284573,35.154121974158706
-32.29529833333333,116.88201500000002,17680.0,17716.0,3.7363636363636292,134.50909090909065,36.0,99,,127.83908965312999,203.46223038663612,406.92446077327224,32.28409602836739
-32.294023333333335,116.881315,17716.0,17752.0,3.0560606060606297,110.01818181818267,36.0,100,,124.59420108778073,198.29782983705908,396.59565967411817,31.622641301123952
-31.834038333333332,116.864345,18887.0,18923.0,2.1666666666666523,77.99999999999949,36.0,101,,123.50147387058375,196.55870045637957,393.11740091275914,31.397748314699882
-31.832344999999997,116.86342833333333,18923.0,18959.0,1.4606060606060578,52.58181818181808,36.0,102,,128.59472132343816,204.6648555414994,409.3297110829988,32.43676149000943
