lat,lon,t_start,t_end,climb_rate_ms,alt_gain_m,duration_s,circle_id,seg_id,avg_speed_kmh,turn_radius_m,circle_diameter_m,bank_angle_deg,bank_std_deg,bank_range_deg,bank_masd_deg
-32.13167916666667,116.96032916666667,431.0,459.0,1.1279761904761993,31.58333333333358,28.0,0,,100.01884122276971,123.81050097832288,247.62100195664576,32.43694940501928,8.957532861186147,21.410642329233422,5.024423964562234
-32.14137407407408,116.9444388888889,659.0,691.0,2.116666666666662,67.73333333333318,32.0,2,,96.59265746554044,136.65065690687135,273.3013138137427,28.237349766225194,10.613577049456016,28.179482991307722,9.019016466588258
-32.13995,116.94528148148149,691.0,723.0,1.695833333333326,54.26666666666643,32.0,4,,102.64466255085206,145.21249268415698,290.42498536831397,29.71265772179772,9.422707263595727,29.05179876999481,8.13058061704834
-32.1388619047619,116.94496904761904,723.0,747.0,2.7857142857142847,66.85714285714283,24.0,6,,104.70092927082221,111.09113626510846,222.18227253021692,37.81695400374396,2.330241406174319,5.933499753997253,3.700533782097793
-32.13795833333333,116.94480833333333,747.0,775.0,3.7380952380952475,104.66666666666693,28.0,8,,105.98208307296241,131.19222977962778,262.38445955925556,33.956915586808606,6.256241423688431,18.049402918163718,5.601768931129391
-32.1372880952381,116.94501190476191,775.0,799.0,2.919642857142857,70.07142857142857,24.0,10,,105.13951780548791,111.55649315361164,223.11298630722328,37.93302353044159,4.282080125285399,11.055059956807746,4.6275180888807155
-32.136972916666664,116.94493125,799.0,827.0,3.062500000000003,85.75000000000009,28.0,12,,104.67211398253316,129.57065601043237,259.14131202086475,33.62753658957008,3.903419957778664,10.52103484012391,3.7370337124585618
-32.13580185185185,116.94529999999999,827.0,859.0,3.320833333333324,106.26666666666637,32.0,14,,103.5946045754065,146.55638574067754,293.1127714813551,29.940403967314413,8.002295375874114,20.88707520883704,6.666947316599205
-32.13439814814815,116.9454777777778,859.0,891.0,1.612499999999983,51.599999999999454,32.0,16,,101.61972148978433,143.7624976952967,287.5249953905934,29.465766541501704,3.505462624148463,8.665047933923368,3.9481689012457406
-32.133403333333334,116.94548333333334,891.0,917.0,2.151408450704223,55.93661971830979,26.0,18,,109.46410140878541,125.82377044120507,251.64754088241014,36.83478765852579,10.506755320041375,45.431178295153636,9.108930452589926
-32.132654320987655,116.94518641975309,917.0,943.0,2.066544566544568,53.73015873015877,26.0,20,,111.60186166639534,128.28102402891193,256.56204805782386,37.367932640924494,6.326316374596451,23.75535019810663,8.08760559396672
-32.131884666666664,116.94502733333333,943.0,967.0,0.7538461538461628,18.09230769230791,24.0,22,,119.97565060382775,127.29811896176884,254.59623792353767,41.64944253872769,12.756036360678083,56.39536637902592,10.865895130002803
-32.13077962962963,116.94468888888888,967.0,993.0,1.7332112332112277,45.06349206349192,26.0,24,,111.2376214366679,127.86234723477712,255.72469446955424,37.277623115662024,6.981125119224249,25.237331127585232,7.410164796239542
-32.099000000000004,116.93312291666666,1529.0,1557.0,2.3154761904762204,64.83333333333417,28.0,26,,103.13954450790156,127.67353150750395,255.3470630150079,33.23896469254365,3.9809890996865485,10.531465683520736,3.5247470278755273
-32.09838958333333,116.9328375,1557.0,1585.0,2.0416666666666914,57.16666666666736,28.0,28,,103.42696683825564,128.02932349907718,256.05864699815436,33.31210372909877,4.333688697577526,13.890042254727621,5.016525086820132
-32.09804375,116.93276458333334,1585.0,1613.0,2.0684523809524142,57.916666666667595,28.0,30,,105.40664780457683,130.4799146999046,260.9598293998092,33.81254009747768,4.434878811828571,13.191349887459296,4.2993642899584765
-32.09838125,116.93249374999999,1613.0,1641.0,1.3749999999999907,38.49999999999974,28.0,32,,108.83480606268759,134.72353506363507,269.44707012727014,34.66545991630004,6.907386055171062,17.11786381886571,6.233727044217631
-32.098248148148144,116.93302222222223,1641.0,1673.0,1.7708333333333337,56.66666666666668,32.0,34,,110.80039271338006,156.75049063873476,313.5009812774695,31.63418685935817,9.91868979476122,26.081630075461984,5.618445295023101
-32.09328541666667,116.93794583333333,1725.0,1753.0,1.6517857142857213,46.2500000000002,28.0,36,,118.1339907369091,146.23473334517644,292.4694666903529,36.89294712891431,3.673449726239312,8.687363390228263,3.2198440831671404
-32.09092407407408,116.93593333333335,1797.0,1829.0,1.766666666666658,56.533333333333054,32.0,38,,112.6022596013279,159.2996108343837,318.5992216687674,32.048414726483244,7.441945818383712,21.715865444203086,4.960560833921956
-32.08861666666667,116.93409444444443,1909.0,1941.0,1.0166666666666135,32.53333333333163,32.0,40,,111.38199204240273,157.57328537751596,315.1465707550319,31.768296242615115,8.351254352541472,24.533500161410057,5.799530832513319
-32.09145416666667,116.93822708333335,2001.0,2029.0,2.02976190476195,56.8333333333346,28.0,42,,111.01198993689641,137.41860954052626,274.8372190810525,35.19819601881678,3.943238161368261,12.450627831969793,4.947529751411833
-32.08830555555556,116.94169444444444,2065.0,2097.0,2.0916666666666393,66.93333333333246,32.0,44,,111.36487183007053,157.54906523156527,315.09813046313053,31.764354078791452,8.727101204813604,24.22467723068396,7.776652010527046
-32.1278234375,116.95240208333333,2360.0,2391.0,1.7476173020528323,54.1761363636378,31.0,46,,121.86623220244815,167.01778077253735,334.0355615450747,34.969215590840214,8.794841132053389,38.14010249042933,9.066186627863576
-32.12463385416667,116.95340781249999,2436.0,2467.0,2.583577712610004,80.09090909091012,31.0,48,,123.43735983334128,169.17101260287956,338.3420252057591,35.314674038296175,14.776644815207069,62.87701672842266,11.55780008782775
-32.122125520833336,116.95275729166667,2467.0,2498.0,0.8432917888563625,26.142045454547237,31.0,50,,111.63097534597036,152.99035205080588,305.98070410161176,32.646288238537956,10.722408343469095,45.65475979903847,6.997318302931754
-32.2779625,117.0851875,3112.0,3140.0,2.7321428571428648,76.50000000000021,28.0,52,,113.21406887239645,140.14450091124138,280.28900182248276,35.7300078152295,3.099083098977975,8.55408733220262,3.0941523315805157
-32.277499999999996,117.08489047619047,3140.0,3164.0,3.767857142857153,90.42857142857167,24.0,54,,112.26761446055141,119.11963860354606,238.23927720709213,39.76877773203525,7.256177212891937,17.797167402182286,6.605306578704017
-32.27718571428572,117.0850619047619,3164.0,3188.0,2.491071428571445,59.785714285714675,24.0,56,,113.48679996681868,120.41323460266892,240.82646920533784,40.07335464502349,2.3453824115858284,5.060356348733144,1.9261572382743666
-32.277235714285716,117.08545000000001,3188.0,3212.0,2.0535714285714084,49.2857142857138,24.0,58,,118.6451463561482,125.88641010961574,251.77282021923148,41.332364197155734,5.904832066344721,15.113401911088232,7.851776917226912
-32.27692380952381,117.08686904761905,3212.0,3236.0,1.3482142857143453,32.35714285714429,24.0,60,,121.80731851795078,129.24157897933884,258.4831579586777,42.08090441397931,8.929641882713113,21.26823358346332,5.528558706500673
-32.41220476190476,117.20849761904763,3696.0,3720.0,3.1428571428571668,75.428571428572,24.0,62,,115.8137310071009,122.88218511796812,245.76437023593624,40.64719023371963,7.454883936564289,17.9583584502277,7.195708832534486
-32.41078333333333,117.2087880952381,3720.0,3744.0,4.080357142857176,97.92857142857223,24.0,64,,124.7249235845238,132.33725410157254,264.6745082031451,42.75624045522382,5.0893211033327965,14.347612387592847,4.443040708262534
-32.409822222222225,117.20877777777777,3744.0,3764.0,4.057142857142851,81.14285714285701,20.0,66,,122.01286140553236,107.88305563042675,215.7661112608535,47.34464674962694,3.314087231106311,8.410937166734605,4.133787514697977
-32.40934444444444,117.20887499999999,3764.0,3784.0,4.121428571428569,82.42857142857139,20.0,68,,118.11609237371685,104.43755533319977,208.87511066639954,46.416823634596454,2.340553948156473,5.234406300479101,3.3966649919766034
-32.408766666666665,117.20915476190476,3784.0,3808.0,4.83035714285714,115.92857142857136,24.0,70,,123.37925921997208,130.90945986583242,261.81891973166483,42.446567420538386,3.678213251530317,9.812395326908423,4.183015876645318
-32.408408333333334,117.20953888888887,3808.0,3828.0,3.7999999999999945,75.99999999999989,20.0,72,,120.35311387944547,106.41551661341968,212.83103322683937,46.95337967200425,4.435344377393298,10.984500555478412,5.477259176474979
-32.40751428571428,117.21031904761904,3828.0,3852.0,3.482142857142866,83.57142857142878,24.0,74,,115.55293016357811,122.60546682857355,245.2109336571471,40.58336035155433,9.550013070261876,28.395748494124405,10.532782067536825
-32.40656666666666,117.2110476190476,3852.0,3876.0,2.2500000000000355,54.00000000000085,24.0,76,,122.35017949559406,129.81757236602968,259.63514473205936,42.20766382794015,3.2780876430639347,9.671806775698329,3.5150976554803064
-32.40559375,117.2105,3876.0,3904.0,2.5744047619047863,72.08333333333401,28.0,78,,128.42303050444215,158.97124531262511,317.94249062525023,39.21464444892868,8.101809948137777,23.369136859882655,6.625781864674292
-32.405328571428576,117.2095976190476,3904.0,3928.0,1.6339285714285607,39.21428571428546,24.0,80,,107.70255648144101,114.27596165103593,228.55192330207186,38.604033684491796,6.25713845866506,16.23980834875388,7.493569274645952
-32.72181875,117.45841874999999,5008.0,5036.0,2.375000000000012,66.50000000000034,28.0,82,,112.27937141259213,138.9874653032824,277.9749306065648,35.505133122198345,7.42692918907858,23.527385490048225,6.924123890724146
-32.721980952380946,117.45878809523809,5036.0,5060.0,2.6428571428571472,63.42857142857153,24.0,84,,117.64571579371218,124.82598134769037,249.65196269538075,41.092136849985536,8.841371782345648,24.197684530210203,8.898225422115779
-32.721938095238094,117.45901904761907,5060.0,5084.0,2.1607142857143047,51.857142857143316,24.0,86,,117.70823379271047,124.89231500484233,249.78463000968466,41.10721571584992,4.701623165831276,12.52452644514441,5.2724666953624935
-32.72152619047619,117.45890714285714,5084.0,5108.0,4.285714285714314,102.85714285714354,24.0,88,,118.70639949768375,125.95140171131767,251.90280342263534,41.34702994994935,3.2577037233638495,8.883234572718152,5.558666121333866
-32.72047380952381,117.4588238095238,5108.0,5132.0,3.633928571428592,87.2142857142862,24.0,90,,123.59546286734131,131.13885906045448,262.27771812090896,42.496529381186676,2.5315357982092137,6.556373012912005,3.841216099060233
-32.71997142857143,117.45842619047619,5132.0,5156.0,2.80357142857142,67.28571428571408,24.0,92,,120.79133924041994,128.1635914853524,256.3271829707048,41.84230294144837,8.416064541749156,21.85682323078626,6.736396331909009
-32.720052777777774,117.45838055555556,5156.0,5176.0,1.9214285714285644,38.42857142857129,20.0,94,,118.60003235422288,104.86545222240716,209.7309044448143,46.533803320831105,5.418626542713286,14.010813170773346,7.83147818173321
-32.7188,117.45824791666666,5176.0,5204.0,2.741071428571452,76.75000000000065,28.0,96,,117.8312522570844,145.85998192440135,291.7199638488027,36.82238698756712,8.845259332683735,24.98641447917791,8.297170502072236
-32.718625,117.4570625,5204.0,5232.0,2.1220238095238506,59.416666666667815,28.0,98,,111.39620426713468,137.89421761724753,275.78843523449507,35.29149232831366,10.902476905807456,28.621547484211895,10.130141425440632
-32.7184619047619,117.45586904761906,5232.0,5256.0,-0.8482142857143136,-20.357142857143526,24.0,100,,119.26895599662022,126.54829269514575,253.0965853902915,41.481413546383195,2.2906612382071945,6.377649050683253,2.6875287559874836
-32.77702142857142,117.47719047619047,5476.0,5500.0,1.392857142857175,33.4285714285722,24.0,102,,107.7057384240544,114.2793377970063,228.5586755940126,38.60485903609356,10.063996609090818,26.465525103628156,8.053909987298635
-32.694928571428576,117.7200380952381,6144.0,6168.0,1.6875000000000089,40.50000000000021,24.0,104,,106.06669532233785,112.54025905314721,225.08051810629442,38.177193196894024,3.708901232547497,10.13688982479809,2.5426678037805504
-32.693933333333334,117.71932083333334,6168.0,6196.0,1.3511904761905178,37.8333333333345,28.0,106,,106.34323989985714,131.63929562365195,263.2785912473039,34.04727960920191,7.781443633246931,23.172672939247068,9.123379985555639
-32.67479047619048,117.78711190476191,6372.0,6396.0,2.5000000000000395,60.00000000000095,24.0,108,,125.81829830625648,133.4973607123424,266.9947214246848,43.00559722228136,8.94898464243404,23.2811685833802,8.006343853335334
-32.67295555555555,117.7882388888889,6396.0,6416.0,4.035714285714268,80.71428571428535,20.0,110,,120.4206208063906,106.47520584184336,212.95041168368672,46.969406338036215,5.677205316844271,13.592758001624532,6.7518853108559025
-32.67108333333333,117.78966041666666,6416.0,6444.0,4.235119047619076,118.58333333333412,28.0,112,,123.65538143699332,153.06950707697666,306.1390141539533,38.15714332204901,5.732430130444842,17.37929303310238,6.130370685971067
-32.670222916666674,117.79079166666668,6444.0,6472.0,3.9285714285714683,110.00000000000111,28.0,114,,116.92553682558587,144.7388223513978,289.4776447027956,36.61051028472652,8.463289583275637,24.28586369404924,8.147966825579596
-32.66904523809524,117.79243095238095,6472.0,6496.0,4.169642857142859,100.07142857142863,24.0,116,,118.24562026678912,125.4624997628446,250.9249995256892,41.23654404490104,9.031525869105476,23.44324574375996,7.732533116799424
-32.668235714285714,117.79305476190474,6496.0,6520.0,1.5714285714285896,37.71428571428615,24.0,118,,119.55651527748032,126.85340256835131,253.70680513670263,41.549891261416754,2.4735840474790134,6.749632981895736,2.9930770996696765
-32.666273809523815,117.79318571428571,6520.0,6544.0,3.08035714285716,73.92857142857184,24.0,120,,114.84345460277642,121.85268987854366,243.70537975708731,40.409101055752345,7.515849922679807,21.838740437768195,9.117726413137644
-32.46598541666667,118.26881666666665,7884.0,7909.0,2.5966016362492548,64.91504090623137,25.0,122,,107.62579842788246,118.95262377784327,237.90524755568654,37.44931055112952,16.182367726712904,40.55304558787874,10.618377267367471
-32.46514761904762,118.27005238095238,7909.0,7933.0,2.3392857142856833,56.1428571428564,24.0,124,,101.49742285709384,107.69211039196539,215.38422078393077,36.95801475127576,5.471234779320584,15.121940952623032,6.434044742952817
-32.46448148148148,118.27213333333333,7933.0,7965.0,2.4083333333332932,77.06666666666538,32.0,126,,101.36480327099166,143.4018621876964,286.8037243753928,29.404173396282243,9.526748614786106,27.636191199775457,9.790394215170156
-32.462035416666666,118.273475,7965.0,7993.0,1.952380952380983,54.666666666667524,28.0,128,,102.52114778622318,126.90803565713888,253.81607131427776,33.08118846660291,10.804004365970272,30.55553659985592,9.601512035425728
-32.46007777777778,118.27402500000001,7993.0,8013.0,1.8285714285714074,36.57142857142815,20.0,130,,97.78871518038805,86.4642077753568,172.9284155507136,41.01986224211697,6.5358572584553505,16.57513069651141,8.681694298320869
-32.45863571428571,118.27483571428571,8013.0,8037.0,1.9732142857142956,47.357142857143096,24.0,132,,100.63816644375677,106.78041102152534,213.56082204305068,36.72426687210727,8.43728335981423,20.632977179179367,7.786703830963562
-32.456894444444444,118.27439999999999,8037.0,8069.0,2.3499999999999606,75.19999999999874,32.0,134,,104.18864267025693,147.39677773339164,294.7935554667833,30.08229559436311,10.494447900497835,26.61064141110181,6.41437271851389
-32.371668518518526,118.02577592592593,8821.0,8853.0,1.6708333333333156,53.4666666666661,32.0,136,,99.79998882091922,141.1881025899128,282.3762051798256,29.024447289715226,8.161440258341939,20.581803365776487,4.5980377605109926
-32.370845833333334,118.02546458333333,8853.0,8881.0,1.9851190476190526,55.58333333333347,28.0,138,,99.5322549286763,123.20816953652275,246.4163390730455,32.31059017347645,7.742861355235956,22.45071706146576,5.285794070402605
-32.37064583333333,118.02509791666667,8881.0,8909.0,1.872023809523833,52.416666666667325,28.0,140,,101.84199671568612,126.06733371283346,252.13466742566692,32.90725695536908,7.1340154664621105,20.20473201825462,4.994389969416298
-32.36927222222222,118.02478148148147,8909.0,8941.0,2.2999999999999634,73.59999999999883,32.0,142,,103.66820216994776,146.66050503819676,293.3210100763935,29.958005481119077,11.827876585253632,32.05766267875612,9.828663399830988
-32.367961904761906,118.02437142857141,8941.0,8965.0,2.5982142857142936,62.357142857143046,24.0,144,,104.63171622500096,111.01769894264913,222.03539788529827,37.798603803194084,1.7768071826204246,4.739277147925925,1.8412250639036443
-32.36712708333333,118.025075,8965.0,8993.0,1.9315476190476641,54.08333333333459,28.0,146,,102.39540355869674,126.75238042643583,253.50476085287167,33.04903691215394,4.99755013534283,14.223262881807063,4.690002709789797
-32.3663625,118.02543125,8993.0,9021.0,2.4553571428571432,68.75000000000001,28.0,148,,101.93361085135528,126.18074026599109,252.36148053198218,32.9307594715068,6.769739315539019,21.721720785576103,6.464502921503235
-32.361245833333335,117.99171874999999,9141.0,9169.0,2.7321428571428648,76.50000000000021,28.0,150,,112.53780632617364,139.30737458966925,278.6147491793385,35.5674353372802,6.11673101725283,16.752642274657294,4.9880441010039895
-32.360159259259255,117.99003148148148,9169.0,9201.0,2.237499999999971,71.59999999999907,32.0,152,,115.241877808631,163.03390670609622,326.06781341219244,32.64852484624962,8.292724179918542,24.171865742844513,8.236392190953667
-32.3183,117.82808333333334,9585.0,9609.0,4.330357142857132,103.92857142857116,24.0,154,,109.53548416263656,116.22075832298418,232.44151664596836,39.076335217437745,5.927664959685843,14.23039376860482,5.036743276626497
-32.31755476190476,117.82819761904761,9609.0,9633.0,4.383928571428604,105.21428571428649,24.0,156,,106.53133182758789,113.0332536968238,226.0665073936476,38.29894211344974,3.3554882927807235,7.488330664106954,2.974275442687008
-32.31635238095238,117.82851428571428,9633.0,9657.0,4.5,108.0,24.0,158,,106.0158917926154,112.48635483393494,224.97270966786988,38.163856385609925,4.698097348296154,12.671536613305975,3.8543858322109927
-32.3153625,117.82879166666666,9657.0,9685.0,4.154761904761945,116.33333333333447,28.0,160,,117.09268793253896,144.94573398962456,289.8914679792491,36.64970041231748,3.837696863111458,11.436427834589097,4.451410374420397
-32.314080952380955,117.82906904761903,9685.0,9709.0,3.4642857142857726,83.14285714285855,24.0,162,,116.16120111684691,123.25086235491987,246.50172470983975,40.732042735228866,5.341875579119315,13.971917838023074,3.8793124430842325
-32.313125,117.82909791666667,9709.0,9737.0,3.0446428571428963,85.2500000000011,28.0,164,,114.11093358551284,141.25470442973045,282.5094088594609,35.94459340054389,4.767985378643856,13.049197704196459,4.654848940912032
-32.31257083333334,117.82941041666666,9737.0,9765.0,3.398809523809546,95.16666666666728,28.0,166,,111.18527008214664,137.63310814229715,275.2662162845943,35.24029910740732,8.398170026921587,23.242547797740524,6.9400805954324705
-32.24065476190476,117.53511904761906,10549.0,10573.0,1.392857142857199,33.42857142857277,24.0,168,,112.21234237244872,119.0609930966357,238.1219861932714,39.75490537384772,7.063466076453773,19.582565104196547,6.17343493793989
-32.24050416666667,117.53483958333334,10573.0,10601.0,1.57142857142861,44.00000000000108,28.0,170,,106.83670442900326,132.25014143851735,264.5002828770347,34.17043729804713,5.107171491810004,16.00898990972983,5.228270050531003
