lat,lon,t_start,t_end,climb_rate_ms,alt_gain_m,duration_s,circle_id,seg_id,avg_speed_kmh,turn_radius_m,circle_diameter_m,bank_angle_deg,bank_std_deg,bank_range_deg,bank_masd_deg
-32.12585448717948,116.96426730769232,427.0,452.0,2.937777777777774,73.44444444444434,25.0,0,,105.05305775287823,116.10912102978422,232.21824205956844,36.782280651357176,5.7020777581196995,23.227982749803772,6.620101935614104
-32.12570967741936,116.96371505376344,452.0,482.0,2.551612903225798,76.54838709677395,30.0,2,,102.55032165771208,136.0115883957394,272.0231767914788,31.3066618121108,7.1628807431606845,33.621500864756264,9.021569891348541
-32.12552708333333,116.96291666666666,482.0,513.0,2.9409824046921034,91.1704545454552,31.0,4,,102.66648480578476,140.7045097077772,281.4090194155544,30.507320268240793,5.680335009557046,22.997882768635108,7.328093673917406
-32.12510808080808,116.96325101010102,513.0,545.0,2.77707219251334,88.86631016042688,32.0,6,,101.26487889648635,143.26049811535964,286.5209962307193,29.38000935948694,8.138524814256053,32.622167584605634,7.948441005390297
-32.124929310344825,116.96324712643678,545.0,573.0,2.7615763546797916,77.32413793103416,28.0,8,,100.6056392369858,124.53688168044843,249.07376336089686,32.58886233577611,6.778062240276975,27.37159128166758,8.54413265723392
-32.12461964285715,116.96317678571427,573.0,600.0,2.941981390257269,79.43349753694626,27.0,10,,99.91993781905116,119.27064013002605,238.5412802600521,33.36132696394265,6.824391393912196,25.715661362397636,9.417575690247686
-32.124261290322586,116.9630370967742,600.0,630.0,2.991532258064509,89.74596774193527,30.0,12,,94.82060775216293,125.75973692278684,251.51947384557369,29.350274193351492,6.687706521322419,26.97433145667901,8.820580722011716
-32.123640229885055,116.9633724137931,630.0,658.0,3.152709359605925,88.27586206896589,28.0,14,,99.33190522177246,122.96016228829463,245.92032457658925,32.25845961370788,6.401071775112348,25.181558584960637,7.645351749572021
-32.1232,116.96349999999998,658.0,686.0,3.1320197044334877,87.69655172413765,28.0,16,,100.24036057178903,124.08471352911006,248.16942705822012,32.49435767024512,5.225836783200606,19.46870506987214,7.290571707719632
