lat,lon,t_start,t_end,climb_rate_ms,alt_gain_m,duration_s,circle_id,seg_id,avg_speed_kmh,turn_radius_m,circle_diameter_m,bank_angle_deg,bank_std_deg,bank_range_deg,bank_masd_deg
-32.14124855072463,116.95354710144929,181.0,203.0,6.353754940711457,139.78260869565204,22.0,0,,134.47007578892251,130.78741658735387,261.57483317470775,47.3990354363341,15.289634992150317,71.63226197206082,14.776100612398452
-32.14193589743589,116.95155512820513,203.0,228.0,2.584615384615398,64.61538461538495,25.0,2,,106.08394859570348,117.24850556744956,234.4970111348991,37.05096957443916,7.048009048811792,28.38275363709668,8.426574592120014
-32.142846794871794,116.95084038461538,228.0,253.0,2.5832478632479,64.5811965811975,25.0,4,,103.48031307835379,114.37085652164521,228.74171304329042,36.36870627065197,7.318199347828748,28.594827790189377,6.699877031436244
-32.14391451612903,116.95111451612904,253.0,283.0,2.2907258064516016,68.72177419354804,30.0,6,,107.92483539242465,143.13975862569598,286.27951725139195,32.620951811530865,9.58798716723639,32.822148853217676,6.869603855821526
-32.1456505952381,116.95022738095238,283.0,310.0,2.344553913519443,63.30295566502496,27.0,8,,112.02442944086823,133.7193126942257,267.4386253884514,36.43369053892184,6.9393039128761265,23.56648450961901,8.217649843619865
-32.147679569892475,116.94888870967742,310.0,340.0,2.1330645161290183,63.99193548387055,30.0,10,,105.37324056696262,139.75560088202946,279.5112017640589,32.0016729860647,12.734179763720727,62.35419546923061,13.703078811455823
-32.14929166666667,116.94705666666665,340.0,369.0,0.09922135706339164,2.8774193548383575,29.0,12,,105.28601445922067,134.98524987479507,269.97049974959015,32.85936516708628,9.002526983755267,34.857857653239634,8.505374491385545
-32.15041858974359,116.94579294871794,369.0,394.0,-1.5442735042734779,-38.60683760683695,25.0,14,,111.4009340997951,123.12506477108937,246.25012954217874,38.40696612598051,6.267371771621306,28.241211712400304,8.815579761126186
-32.155325806451614,116.94842688172044,435.0,465.0,2.0919354838709614,62.75806451612884,30.0,16,,104.44991853817614,138.53100700747106,277.0620140149421,31.77549213037413,13.69038544265478,44.17594472693634,7.885920015079832
-32.15756296296296,116.9478524691358,465.0,491.0,1.7649572649572618,45.88888888888881,26.0,18,,103.2353005018229,118.66406049652801,237.32812099305602,35.23816375529474,8.499554118525692,38.188474643337884,9.027366325462701
-32.158638271604936,116.94841543209878,491.0,517.0,2.240537240537237,58.25396825396816,26.0,20,,104.16237744554525,119.729691283672,239.459382567344,35.47991247372322,12.114778839764758,48.86251169818853,6.108280046745101
-32.160028000000004,116.947682,517.0,541.0,2.101538461538452,50.43692307692285,24.0,22,,103.84402695744599,110.18193467230375,220.3638693446075,37.589123298424205,6.938291985294935,29.281693673351924,8.47032684691283
-32.1615275862069,116.947608045977,541.0,569.0,1.903940886699477,53.310344827585354,28.0,24,,105.30218876811288,130.35060780654132,260.70121561308264,33.786279127407845,9.984708618826367,41.47164527505994,8.798210900158463
-32.16319057971015,116.94694057971013,569.0,591.0,2.3636363636363282,51.99999999999922,22.0,26,,110.14796118940203,107.13139857925741,214.26279715851481,41.69346571669468,7.629299930391371,29.877027740051908,7.873873629348522
-32.16473697916667,116.94503750000001,664.0,695.0,1.0493035190616078,32.52840909090984,31.0,28,,105.0669915083799,143.99440630137178,287.98881260274356,31.0897233044029,9.168381817815275,33.398279413246016,7.530282656356351
-32.14219583333334,116.95124583333335,949.0,972.0,1.5591304347826098,35.86000000000003,23.0,30,,99.22346252906706,100.89272340013139,201.78544680026278,37.50729127951149,6.99536434878027,23.172525584909675,8.988850334598698
-32.143529166666674,116.95288690476191,1083.0,1110.0,1.6891078270388504,45.60591133004896,27.0,32,,107.98116759451716,128.89302437626344,257.7860487525269,35.432954721476,14.454590637090062,53.66341498362795,8.23297606199474
-32.14466866666667,116.95229866666666,1110.0,1134.0,1.7799999999999923,42.719999999999814,24.0,34,,101.85461604348374,108.07110413365004,216.14220826730008,37.054763837758024,7.261980290845408,26.15991032137645,7.089602052370597
-32.1454891025641,116.9519846153846,1134.0,1159.0,2.4010256410256408,60.02564102564102,25.0,36,,98.76737046743443,109.16191129222688,218.32382258445375,35.10265741062141,10.284153080549755,39.60640076384888,7.0218928364682816
-32.14865763888889,116.95127847222221,1193.0,1216.0,1.327391304347781,30.529999999998964,23.0,38,,100.27675613827374,101.96373682844916,203.92747365689831,37.79990292406197,7.520525615557962,26.075690968888445,7.015760121006097
-32.14931071428571,116.95146428571431,1216.0,1243.0,0.9537493158182682,25.75123152709324,27.0,40,,100.79416059640403,120.31416670287031,240.62833340574062,33.59096320756304,7.800483899293894,27.578690258260053,8.439216122494669
-32.150758064516126,116.95055698924732,1243.0,1273.0,2.640322580645181,79.20967741935543,30.0,42,,95.14400881953352,126.18866091006372,252.37732182012743,29.43369396594257,15.978733779223298,63.276651094260565,10.028607267794339
-32.15112948717949,116.94985512820514,1273.0,1298.0,2.6311111111111023,65.77777777777756,25.0,44,,100.89584378474281,111.51439080395488,223.02878160790976,35.67942108733571,8.903226575650637,29.81660643774636,5.368504057374277
-32.15197580645161,116.94999892473119,1298.0,1328.0,1.5697580645161515,47.09274193548455,30.0,46,,103.84054130634281,137.72279535202165,275.4455907040433,31.62560767788938,11.8746547205617,44.97363509254081,7.449795084310228
-32.15394166666667,116.94800677083333,1328.0,1359.0,3.304252199413542,102.4318181818198,31.0,48,,99.80899737108714,136.78832061008046,273.5766412201609,29.80484094115422,14.175477745250626,47.8012526186409,10.700758527765696
-32.15484629629629,116.94748827160494,1359.0,1385.0,1.5769230769230955,41.00000000000048,26.0,50,,102.90746137712293,118.28722503872025,236.5744500774405,35.152328202955914,9.708344789334737,38.29872102479057,7.840625309879954
-32.02576071428572,117.0287708333333,2078.0,2105.0,2.3215654077723187,62.682266009852604,27.0,52,,103.99500542276213,124.1348937742579,248.2697875485158,34.42138578406538,10.997370506741722,42.113653862680756,7.858485888175427
-32.02835416666667,117.02880520833332,2105.0,2136.0,2.1125366568915203,65.48863636363713,31.0,54,,98.90825764251902,135.55385600245077,271.10771200490154,29.581330161582017,9.324673438138932,41.70970087229818,7.811740942688723
-31.95814191919192,117.06101414141413,2508.0,2540.0,0.5327540106951646,17.048128342245267,32.0,56,,104.55282575217673,147.91199140164034,295.82398280328067,30.16908345716817,13.540950304607417,60.13421351601896,9.812580719359294
-31.957546428571426,117.06282083333333,2637.0,2664.0,2.8497536945812803,76.94334975369456,27.0,58,,97.47146139889168,116.34798669018359,232.69597338036718,32.711682459588005,11.327836011899734,42.63928969033979,6.905575911504463
-31.957492187499998,117.06340104166667,2664.0,2695.0,2.5449046920821567,78.89204545454686,31.0,60,,94.57941859777341,129.62117820066345,259.2423564013269,28.493301532976133,13.080846486123617,49.318998346350085,9.118616875811874
-31.95874166666666,117.06429444444443,2695.0,2724.0,3.139488320355965,91.04516129032298,29.0,62,,104.06921624002324,133.42521540574234,266.85043081148467,32.55654049458599,11.941491392900994,42.612024966509054,9.782955320704998
-31.96012849462366,117.0647134408602,2724.0,2754.0,2.032661290322574,60.979838709677225,30.0,64,,97.66189700553167,129.5281138346828,259.0562276693656,30.07849048541299,7.987859298058315,34.15743441417151,6.216636144087676
-31.884748809523806,117.11456845238095,3108.0,3135.0,3.135741652983033,84.6650246305419,27.0,66,,105.80495993283294,126.2953678271272,252.5907356542544,34.88379046984858,9.377444005600099,31.161589469224058,8.98596052558307
-31.88623787878788,117.11544191919191,3135.0,3167.0,1.8920454545454002,60.545454545452806,32.0,68,,105.51990184556232,149.28012420704758,298.56024841409516,30.39880529516767,12.322089690047536,49.57251026771561,10.473490531381136
-31.888143229166666,117.11506666666668,3167.0,3198.0,1.959127565982462,60.73295454545632,31.0,70,,109.73842535830879,150.39661059160306,300.79322118320613,32.202886373642286,11.3017349639308,62.86845453565442,9.800589517233142
-31.889867283950615,117.11340061728396,3198.0,3224.0,2.3455433455433647,60.984126984127485,26.0,72,,108.73790223187287,124.98903907855303,249.97807815710607,36.65196601965563,8.450269533645134,35.96881907232779,5.278569076538897
-31.890971264367817,117.11307643678161,3224.0,3252.0,2.9256157635468076,81.91724137931061,28.0,74,,103.47400765060208,128.08755399317047,256.17510798634095,33.324062320303035,8.103726090351099,29.029709534332316,7.785388952418153
-31.892106172839508,117.11289567901237,3252.0,3278.0,3.3333333333334028,86.66666666666848,26.0,76,,97.7426443803611,112.35051391783364,224.70102783566728,33.77599766216117,7.400000565310344,30.390482773416252,9.45196753942652
-31.804720987654324,117.1876364197531,3755.0,3781.0,3.141636141636162,81.68253968254021,26.0,78,,110.25940571847437,126.73793486228324,253.47586972456648,37.03400886020276,7.438581762960746,28.944347664830588,7.521442883774689
-31.804333999999994,117.189928,3828.0,3852.0,3.4523076923077105,82.85538461538505,24.0,80,,107.20085268443121,113.74363738928871,227.48727477857742,38.47366101318826,5.592390922452797,18.657305149891418,6.0768412416534545
-31.808466666666664,117.18855400000001,3925.0,3949.0,3.271538461538512,78.51692307692429,24.0,82,,110.65581301096492,117.40946415031691,234.81892830063381,39.361941040381744,8.656132773607025,29.536801411922866,11.296532440719421
-31.512758333333334,117.39675260416666,5310.0,5341.0,1.884897360703834,58.431818181818855,31.0,84,,124.56606080611286,170.71789830059237,341.43579660118473,35.56104513308777,15.025135944117803,49.41144298008283,7.681759119485601
-31.51520777777778,117.39608500000001,5341.0,5370.0,2.6491657397107846,76.82580645161275,29.0,86,,113.65197985137056,145.71109921673815,291.4221984334763,34.88606479126453,11.56194011337743,43.76263141907372,11.091663280650423
-31.516458333333333,117.39618988095239,5370.0,5397.0,2.5684181718664587,69.34729064039439,27.0,88,,103.75370233266028,123.84685942745998,247.69371885491995,34.35934784398024,7.1246966357157016,26.057328700177628,6.7363443449739195
-31.519709677419357,117.39542956989247,5432.0,5462.0,2.0649193548387013,61.94758064516104,30.0,90,,102.7875527563076,136.32622591237774,272.6524518247555,31.36546906622697,11.059720967952643,46.126170553107364,8.110637633995042
-31.482107291666665,117.41280364583332,5752.0,5783.0,1.1940982404692153,37.01704545454567,31.0,92,,107.05823660915803,146.72340950181268,293.44681900362536,31.567480471278646,15.490275162162968,54.47889116382958,10.759935255134442
-31.48381607142857,117.41499285714285,5783.0,5810.0,3.9403393541324583,106.38916256157637,27.0,94,,111.02205556594183,132.52281701657034,265.0456340331407,36.18795528314696,20.098786267582078,61.33163927021185,6.936816664677078
-31.484782638888888,117.41550694444443,5810.0,5833.0,3.6208695652173857,83.27999999999987,23.0,96,,107.87364179968749,109.68842677781377,219.37685355562755,39.8430201559085,9.094077925720427,32.70179546894976,10.913787328990985
-31.485737333333336,117.41538666666668,5833.0,5857.0,3.251538461538452,78.03692307692285,24.0,98,,100.9427200339342,107.10355241694614,214.2071048338923,36.807279637155304,6.01721820663979,21.064622379908936,7.953523817690114
-31.486565,117.41505611111113,5857.0,5886.0,2.2560622914349433,65.42580645161335,29.0,100,,105.41124631916502,135.14580732388933,270.29161464777866,32.890415006115795,8.646751911504762,39.71624235383891,7.001907544396819
-31.480441304347828,117.42444637681163,6006.0,6028.0,3.757905138339874,82.67391304347723,22.0,102,,103.8620481436519,101.01763443267596,202.03526886535192,40.027873172553946,6.762611943027977,25.272358714484742,7.798099612245575
-31.481217307692308,117.42497820512821,6028.0,6053.0,3.6820512820512685,92.05128205128172,25.0,104,,103.3512400297173,114.22819948198939,228.45639896397878,36.334567825165976,8.278429582099317,36.99171242825856,7.333776187393927
-31.482212777777775,117.42577833333334,6053.0,6082.0,3.7777530589543664,109.55483870967663,29.0,106,,101.82158727309648,130.54357191980768,261.08714383961535,31.991759568234887,7.162605684558255,34.22799331159817,5.741285935624046
-31.32295777777778,117.45375444444446,6834.0,6863.0,3.5641824249165834,103.36129032258091,29.0,108,,109.26366277630757,140.08491914002303,280.16983828004606,33.83497793338918,10.719118941189866,39.17549210348017,8.332592915165943
-31.324325641025645,117.45330705128205,6863.0,6888.0,3.953162393162411,98.82905982906027,25.0,110,,105.94027794243027,117.08971463241016,234.17942926482033,37.01363708057183,7.414951064488429,27.74144775603135,9.849568619174985
-31.325227536231885,117.45350579710143,6888.0,6910.0,4.099802371541409,90.19565217391099,22.0,112,,108.83437753281086,105.85378932746667,211.70757865493334,41.35229872405208,5.216206831398356,18.554859438352985,6.685053830532359
-31.326206,117.45383266666667,6910.0,6934.0,3.72461538461539,89.39076923076937,24.0,114,,108.73323423056104,115.36954470775113,230.73908941550226,38.870386014356406,5.8791734829094295,22.773971930849736,8.191487903929639
-31.327002083333337,117.45442083333334,6934.0,6957.0,3.5952173913043914,82.690000000001,23.0,116,,107.49937838534693,109.30786703741175,218.6157340748235,39.74509409181829,7.5865759081123745,25.658335165561994,7.653457323731899
-31.3278183908046,117.45488620689656,6957.0,6985.0,3.0699507389162286,85.9586206896544,28.0,118,,110.80578362411336,137.163352565156,274.326705130312,35.14803569257882,6.939243430407412,27.946647982938927,6.966072331492178
-31.328796913580245,117.45596728395061,6985.0,7011.0,3.4810744810745224,90.50793650793759,26.0,120,,109.13640227167569,125.44709589246426,250.89419178492852,36.75239678812954,7.677914816822957,31.552028993921184,10.340296266085716
-31.324801724137927,117.45167931034483,7120.0,7148.0,4.775369458128075,133.71034482758608,28.0,122,,105.11785524434873,130.12242653943878,260.24485307887755,33.73989841874648,6.7971085712978985,27.23601950509071,6.177175429702517
-31.32466770833333,117.4518625,7148.0,7179.0,4.211326979472258,130.55113636363998,31.0,124,,108.09349834739737,148.14223664461144,296.2844732892229,31.813954535006356,8.446189203360426,36.98710834723551,7.47816169783833
-31.325424074074075,117.45254074074073,7179.0,7205.0,3.455433455433439,89.84126984126942,26.0,126,,109.57710947081145,125.95366782556553,251.90733565113106,36.86315932430055,7.813425322020229,31.21316872252519,8.71501580893075
-31.326138172043013,117.45324677419354,7205.0,7235.0,3.64919354838714,109.4758064516142,30.0,128,,111.94618222894651,148.47323551669106,296.9464710333821,33.57980236138098,7.348512128033974,30.60649502224248,9.072072772345363
-31.327564583333334,117.45454010416667,7235.0,7266.0,3.373167155425218,104.56818181818176,31.0,130,,110.50953625352108,151.4534187666021,302.9068375332042,32.384074749916806,9.898058671012398,36.913950117462186,11.383153304976316
-30.965752150537625,117.14066989247311,8859.0,8889.0,3.4475806451612887,103.42741935483866,30.0,132,,108.62431592477915,144.06747349503573,288.13494699007146,32.78924031146909,11.233112907334005,48.800882902530326,8.8978948721995
-30.9664,117.14079230769231,8889.0,8914.0,3.5131623931623865,87.82905982905966,25.0,134,,106.02497717956237,117.18332784258854,234.36665568517708,37.03565042622111,8.059175955537054,39.8227515107837,9.784530290520472
-30.96682121212121,117.14085606060605,8914.0,8946.0,3.1433823529411122,100.58823529411559,32.0,136,,107.81836762660635,152.53178812332075,305.0635762466415,30.94047333630396,10.209115078893241,56.51717847595732,10.197024973895997
-30.89350432098765,117.0614049382716,9493.0,9519.0,3.982905982905966,103.55555555555512,26.0,138,,103.08848912094001,118.4953078073027,236.9906156146054,35.19974770681633,9.655809022426096,41.02928825128004,8.14049055600413
-30.89446388888889,117.06148402777778,9519.0,9542.0,3.2195652173912337,74.04999999999838,23.0,140,,99.74089021189852,101.41885589695079,202.83771179390158,37.65132415229487,5.492034785491134,18.59509554230569,7.977418519490979
-30.895074444444443,117.06207500000001,9542.0,9571.0,3.451612903225805,100.09677419354836,29.0,142,,100.31016573997464,128.60580635462316,257.2116127092463,31.608013125024474,7.9143995455276235,37.09410024015463,7.545484968780334
-30.896083870967747,117.06221129032258,9571.0,9601.0,3.452016129032267,103.56048387096801,30.0,144,,94.8973383954779,125.86150409920518,251.72300819841035,29.370078879780625,10.011746193416567,43.07075415831683,7.543115213171726
-30.897030645161287,117.06188870967743,9601.0,9631.0,3.3157258064515958,99.47177419354787,30.0,146,,100.93239031909798,133.86574031137505,267.7314806227501,30.90363168946306,10.019939561353645,35.86192695866092,6.027534666639677
-30.897453333333328,117.06223555555557,9631.0,9660.0,3.951056729699662,114.58064516129019,29.0,148,,101.96524150801285,130.72774835478205,261.4554967095641,32.0280672430695,9.828126464422258,48.40658480615214,10.659984144470572
-31.288245402298852,117.0288563218391,10867.0,10895.0,3.1039408866994846,86.91034482758558,28.0,150,,106.193634669535,131.45410353095508,262.90820706191016,34.0098706366436,13.556705431286069,51.30186196414822,11.597821653335536
-31.28919195402299,117.02979425287359,10895.0,10923.0,2.448275862068983,68.55172413793153,28.0,152,,104.57782108863506,129.45393349805875,258.9078669961175,33.6037297206491,9.313584199981099,40.78978313922834,9.381762771519451
-31.290851785714285,117.0300148809524,10923.0,10950.0,3.0186097427476977,81.50246305418784,27.0,154,,109.65222697294021,130.88770457833417,261.77540915666833,35.84962689347703,13.977376888214465,54.632615456065786,7.864855227903759
-31.292240123456796,117.03087469135802,10950.0,10976.0,3.1483516483516607,81.85714285714317,26.0,156,,106.61318438578922,122.54677712164356,245.09355424328712,36.11204695045122,7.7485035590297295,34.80976910608935,9.046570265890216
-31.293184567901235,117.03050308641976,10976.0,11002.0,3.4212454212454366,88.95238095238135,26.0,158,,109.81282446952721,126.2246109887237,252.4492219774474,36.922269901592315,7.184265141790816,30.060287875002977,7.840917073325968
-31.29458869047619,117.03005178571426,11002.0,11029.0,3.6866447728516825,99.53940886699543,27.0,160,,109.8616617869323,131.13769897260198,262.27539794520396,35.901542570874675,9.93800997555543,48.99654797387047,8.294494224955702
-31.295616,117.0299,11029.0,11053.0,4.110769230769256,98.65846153846213,24.0,162,,106.08877148002594,112.5636825839508,225.1273651679016,38.182987051625325,5.742436019948747,21.911424079124387,7.242064735453378
-31.296664880952385,117.03013452380954,11053.0,11080.0,3.4168035030104176,92.25369458128128,27.0,164,,107.7817903293157,128.65503529653625,257.3100705930725,35.38295028807914,8.26501488925717,29.485868138504504,9.856373199402338
-31.297617816091957,117.0300091954023,11080.0,11108.0,3.912315270935907,109.5448275862054,28.0,166,,106.2803780178054,131.56148067384734,263.1229613476947,34.03156493597504,6.937668108756912,29.669229654793888,6.406558471929996
