lat,lon,t_start,t_end,climb_rate_ms,alt_gain_m,duration_s,circle_id,seg_id,avg_speed_kmh,turn_radius_m,circle_diameter_m,bank_angle_deg,bank_std_deg,bank_range_deg,bank_masd_deg
-32.11695797101449,116.9788427536232,374.0,396.0,2.586956521739106,56.913043478260334,22.0,0,,97.05386884499488,94.39590705644876,188.79181411289753,38.12735624153579,4.759929624925713,15.982476044264079,4.413649249344341
-32.11698466666667,116.97891133333333,396.0,420.0,2.6530769230769042,63.6738461538457,24.0,2,,99.68067065176203,105.76447643295432,211.52895286590865,36.46210777017149,7.304174457429283,24.19237583830387,9.451402630530273
-32.117451111111116,116.9787711111111,420.0,449.0,2.4469410456062266,70.96129032258057,29.0,4,,98.78724888675407,126.65330285236419,253.30660570472838,31.21812192856482,5.96879852904647,24.51259087719397,6.282482227034856
-32.117676436781615,116.97808793103448,449.0,477.0,3.1133004926108256,87.17241379310312,28.0,6,,103.48299833226676,128.09868330428256,256.1973666085651,33.32634753417911,6.490516545704834,21.88305286100538,7.732188232464779
-32.11755897435898,116.97773012820514,477.0,502.0,2.7432478632478787,68.58119658119696,25.0,8,,102.52328765661635,113.3131111984916,226.6262223969832,36.1148704273435,4.544263416081478,18.1283496619502,5.481949599496287
-32.117582,116.97779133333331,502.0,526.0,2.4415384615384808,58.59692307692354,24.0,10,,101.067379981586,107.23582072944188,214.47164145888377,36.84120662343912,4.95412615366816,18.27422879345935,4.2740125315436615
-32.11759833333333,116.97790055555555,526.0,555.0,2.1183537263626286,61.43225806451623,29.0,12,,102.72944788770215,131.70752320567857,263.41504641135714,32.220732079539715,13.426568222640917,48.67170127510156,7.379553508714147
-32.11662466666666,116.977198,555.0,579.0,3.4392307692307953,82.54153846153909,24.0,14,,108.51131569670713,115.13408183024076,230.26816366048152,38.813204576359475,9.76353399667479,37.98538859722538,7.282690128773616
-32.11543181818181,116.97687777777779,579.0,611.0,1.3953877005347373,44.65240641711159,32.0,16,,100.29295073158988,141.88550103292846,283.7710020658569,29.144375687728395,15.254216995164159,53.518933757517416,10.063151378082747
-32.11447528735632,116.97579942528736,611.0,639.0,1.7876847290639972,50.05517241379192,28.0,18,,103.32300261993076,127.90062912712426,255.80125825424852,33.28566257901224,13.526025119877675,51.36656630395127,9.397542298918937
-32.114589333333335,116.97477066666666,639.0,663.0,2.4453846153846435,58.68923076923144,24.0,20,,101.85973683928628,108.07653746674697,216.15307493349394,37.05614906264989,5.304924649861536,19.890070440818096,5.565554755939284
-32.114873076923075,116.97484807692307,663.0,688.0,2.3213675213675415,58.03418803418854,25.0,22,,99.33954885254575,109.79430725278802,219.58861450557603,35.258514818707106,7.660322817078724,30.177246425091568,5.544056423326424
-32.115479487179485,116.97527179487179,688.0,713.0,2.4529914529915033,61.32478632478758,25.0,24,,103.50443161957574,114.39751336230937,228.79502672461874,36.37508204811906,9.447238268055692,33.56688713595994,7.5571734103235855
-32.11658452380952,116.97566785714287,713.0,740.0,2.6704980842912076,72.1034482758626,27.0,26,,107.98916613875915,128.90257193516584,257.8051438703317,35.43495948669888,8.543137011760267,29.209547570474804,6.970854830459394
-32.11746282051282,116.9757923076923,740.0,765.0,2.4762393162393406,61.905982905983514,25.0,28,,105.22883663303425,116.30339934692303,232.60679869384606,36.828229189697716,7.614601006405236,27.908525070771155,8.570136844550957
-32.11779791666667,116.97575069444444,765.0,788.0,2.7756521739130164,63.83999999999938,23.0,30,,106.23858362340512,108.02586161310332,216.05172322620663,39.41314934197804,7.9665258498155245,32.16779861578166,10.96989508269602
-32.119100595238095,116.97539166666668,788.0,815.0,2.5191570881226606,68.01724137931184,27.0,32,,104.53942632688344,124.7847483593589,249.5694967187178,34.56101638035624,16.020921843892495,59.9261281939389,9.546076424110632
-32.11961742424242,116.97474621212122,815.0,836.0,2.597402597402586,54.545454545454305,21.0,34,,109.8598753983068,101.99432959975134,203.98865919950268,42.94553815199223,6.439256239401388,25.531989332916606,6.709706560027726
-32.119786956521736,116.97465289855072,836.0,858.0,2.128458498023624,46.826086956519724,22.0,36,,106.57067183483828,103.6520785125145,207.304157025029,40.7558655760675,5.69078830739685,19.01419315473586,6.69402691544598
-32.12015576923076,116.9744326923077,858.0,883.0,1.574017094017109,39.35042735042772,25.0,38,,101.51332014528532,112.19685201939053,224.39370403878107,35.84520118421512,6.982948123001002,26.375807182637622,9.523534371604319
-32.07414833333333,117.05762416666667,1340.0,1361.0,5.341539332201415,112.17232597622971,21.0,40,,108.49645772111593,100.72852739994588,201.45705479989175,42.588866857444586,6.99992734705198,31.89716803509325,7.614227118254904
-32.07362530864198,117.05799320987656,1361.0,1387.0,4.084249084249135,106.1904761904775,26.0,42,,110.65565554801051,127.19340516667769,254.38681033335538,37.13287987379305,7.924848868543011,26.868475900804693,8.095881537417169
-32.07334090909091,117.05879696969697,1387.0,1408.0,4.350649350649327,91.36363636363586,21.0,44,,109.80837963294486,101.94652073371837,203.89304146743675,42.93214132914831,4.72451378906043,19.11243160735062,6.055870774358157
-32.07347898550724,117.05904565217391,1408.0,1430.0,3.7509881422924356,82.52173913043359,22.0,46,,107.78315647081197,104.83135748785902,209.66271497571805,41.07667150764118,5.936590293998929,21.0337132124233,8.37636624854746
-32.07332866666667,117.05921133333334,1430.0,1454.0,3.119230769230775,74.8615384615386,24.0,48,,106.83010366231582,113.35026045918103,226.70052091836206,38.37701424673085,7.94101715396618,33.33515023124383,10.172846445210798
-31.955118000000002,117.27284733333335,2219.0,2243.0,4.387692307692292,105.304615384615,24.0,50,,103.14276813147899,109.4378759487073,218.8757518974146,37.40163071165915,3.9708632524834355,14.63693167926932,4.883002067364363
-31.95482976190476,117.27246190476193,2243.0,2270.0,3.67706622879037,99.28078817734,27.0,52,,101.20849663299659,120.8087439153064,241.6174878306128,33.699373914686426,6.092979082978816,25.60734124977716,7.596280553387326
-31.955173958333333,117.27245729166667,2303.0,2334.0,3.407991202346117,105.64772727272964,31.0,54,,102.23044197569094,140.10691261719788,280.21382523439576,30.400771372139037,7.048865030798992,32.27053585781348,9.433518187864284
-31.95542916666667,117.2720625,2368.0,2399.0,3.6752199413490008,113.93181818181903,31.0,56,,105.3109151214485,144.3287038323323,288.6574076646646,31.148508326268374,5.870897471848453,26.62082627305436,6.812304670304467
-31.954451724137936,117.27295057471262,2434.0,2462.0,2.9876847290639836,83.65517241379155,28.0,58,,107.41440527933135,132.96526101819148,265.93052203638297,34.314163158981174,11.27894122581835,48.45589602604005,10.33982102321754
-31.827935119047623,117.4960505952381,3324.0,3351.0,2.610290093048726,70.4778325123156,27.0,60,,106.93193716865326,127.64059781087353,255.28119562174706,35.16910789485604,6.911171793235864,27.902027425115712,7.863907732703381
-31.76633580246914,117.64733333333334,3873.0,3899.0,3.794261294261288,98.65079365079349,26.0,62,,105.78014364496593,121.58923647048437,243.17847294096873,35.89830939642662,6.136429923538958,24.441314021147655,6.720046010207422
-31.76581145833333,117.64699010416666,3899.0,3930.0,3.302052785923781,102.36363636363721,31.0,64,,103.85680041404392,142.33583831880784,284.6716766376157,30.796992891143454,6.91295057097976,30.104915536518938,8.180516813702239
-31.76559375,117.64644166666666,3930.0,3961.0,3.073680351906222,95.28409090909288,31.0,66,,106.50188421287645,145.96092804263313,291.92185608526626,31.434483639052093,6.979636029866468,31.528586688646314,7.247862651355465
-31.76596333333333,117.64684777777778,4037.0,4066.0,2.4727474972191477,71.70967741935529,29.0,68,,104.17387967271253,133.55940245505636,267.1188049101127,32.58266891797926,5.585477393350118,22.428755917443183,5.997811422196206
-31.69422948717949,117.77791089743589,4482.0,4507.0,5.425982905982925,135.64957264957314,25.0,70,,100.94799639555171,111.57203209427006,223.1440641885401,35.69344974643816,4.59720282278327,16.433041389421025,5.614810015671371
-31.694032051282054,117.77781923076921,4507.0,4532.0,4.66632478632485,116.65811965812125,25.0,72,,105.69287464766954,116.81627395672689,233.63254791345378,36.9492638351071,7.495933418946728,26.689577431599197,8.635559611284181
-31.693912,117.77749866666667,4532.0,4556.0,5.34923076923078,128.38153846153872,24.0,74,,109.90220339386691,116.60985951216531,233.21971902433063,39.17007900636462,5.290059143970925,22.21985310701488,7.707823041428468
-31.69403511904762,117.77717083333333,4556.0,4583.0,3.561302681992394,96.15517241379465,27.0,76,,108.87581060257217,129.96092580402262,259.92185160804524,35.656570907548684,7.2995241946109255,28.300520610663355,9.475350560784673
-31.69387142857143,117.7768392857143,4583.0,4610.0,3.4800218938150453,93.96059113300622,27.0,78,,108.71493399477988,129.76889349883763,259.53778699767525,35.61645170577901,7.192612128488754,32.464689267272206,7.846893553467881
-31.69341344086022,117.77622043010753,4610.0,4640.0,2.76048387096777,82.81451612903311,30.0,80,,111.83029149689507,148.3195306594867,296.6390613189734,33.55246181419152,8.630317289240976,28.64138982170726,8.900446703727395
-31.507741071428573,117.72509583333336,5685.0,5712.0,2.292282430213455,61.89162561576328,27.0,82,,113.37981132137469,135.33718063967413,270.67436127934826,36.763509119870236,15.226248906225624,61.31267784415082,10.495536866952285
-31.507934666666664,117.72346800000001,5712.0,5737.0,3.818923953539297,95.47309883848243,25.0,84,,108.93027343216625,120.3943852019515,240.788770403903,37.78304601510321,5.573493842611971,20.442109285221065,7.430926067772828
-31.507993749999997,117.72283749999998,5737.0,5760.0,3.9008695652173917,89.72000000000001,23.0,86,,112.83295774459921,114.73117452245393,229.46234904490785,41.11457071011361,4.722714749334891,16.900909443220318,5.360225503223811
-31.50797222222222,117.72256111111112,5760.0,5783.0,3.931304347826087,90.42,23.0,88,,116.30222287617833,118.25880396009418,236.51760792018837,41.9758003588957,5.682014290443239,20.480797457257538,7.285242388698932
-31.508304761904764,117.72243035714287,5783.0,5810.0,3.3193760262725687,89.62315270935936,27.0,90,,105.16685671915992,125.53368822218556,251.06737644437112,34.721357387817335,7.228825610341511,26.92342368441382,9.849111570339158
-31.508732222222225,117.72218222222223,5810.0,5839.0,2.6767519466073586,77.6258064516134,29.0,92,,111.2731806062599,142.66128474562808,285.32256949125616,34.31956948702494,7.264810356767205,29.20115839614043,8.229555649271619
-31.34076344086022,117.46285698924733,6786.0,6816.0,2.07258064516128,62.17741935483839,30.0,94,,107.90363328035734,143.11163845120015,286.2232769024003,32.61584086677186,8.181270028865564,30.767044982814582,8.096182971482758
-31.340647222222223,117.46218333333333,6816.0,6845.0,1.816685205784221,52.683870967742415,29.0,96,,105.67934200161869,135.48952783484455,270.9790556696891,32.95681322354258,13.858966841670416,49.79879796824224,11.272897194308149
-31.339873333333337,117.46217444444443,6924.0,6953.0,1.712347052280327,49.658064516129485,29.0,98,,106.82904074204554,136.9635353044441,273.9270706088882,33.240425557632705,14.134936627692227,57.936056950386075,11.431405482811224
-31.339407692307688,117.4610705128205,6953.0,6978.0,2.5452991452991753,63.63247863247938,25.0,100,,110.22006400139036,121.8199167619885,243.639833523977,38.11008791465629,6.578416620106215,23.88065338311383,5.325908808275585
-31.338524479166665,117.46056562499999,6978.0,7009.0,2.031708211143734,62.982954545455755,31.0,102,,104.06013192860634,142.61450434227956,285.2290086845591,30.84630164240199,9.915170802364436,39.38333041867659,11.535105821907164
-31.30765459770115,117.40894367816094,7311.0,7339.0,4.439408866995106,124.30344827586298,28.0,104,,106.16585491963055,131.4197157625039,262.8394315250078,34.00292064451149,9.14094255063529,35.12113793324145,10.798414763622143
-31.307270138888885,117.40909652777778,7339.0,7362.0,4.557391304347786,104.81999999999908,23.0,106,,106.79599387506119,108.59264931539963,217.18529863079925,39.560297682257115,6.2996250362238975,25.58439820409088,9.013577391984711
-31.307276811594203,117.40908333333334,7362.0,7384.0,4.218379446640276,92.80434782608609,22.0,108,,108.54360803290999,105.57098297451923,211.14196594903845,41.27629203317752,5.038177662162599,19.450666211523142,6.260756701744613
-31.307645555555556,117.40883277777779,7384.0,7414.0,2.831157426380172,84.93472279140516,30.0,110,,110.31413205508065,146.3086617454849,292.6173234909698,33.19317806919018,9.766847938154587,36.63595091706308,7.92712140799793
-31.30734027777778,117.40867361111111,7414.0,7437.0,4.1791304347825635,96.11999999999897,23.0,112,,105.45241097597763,107.22646298862561,214.45292597725123,39.20455025638942,5.590957266507311,28.652588762917194,6.830529543331803
-31.307550617283955,117.4090037037037,7437.0,7463.0,3.689865689865707,95.93650793650838,26.0,114,,109.45853264425516,125.81736941163577,251.63473882327153,36.833389026872254,5.508524539043421,22.781399011973285,5.079981689835095
-31.20420625,117.07343541666667,8419.0,8450.0,2.3880131964809626,74.02840909090983,31.0,116,,106.76583723889259,146.3226759020416,292.6453518040832,31.497629159472,14.523487435594516,60.458450808887825,8.495478097732606
-31.204621794871798,117.07423076923077,8491.0,8516.0,1.638632478632495,40.96581196581238,25.0,118,,102.18409936133928,112.93822582465646,225.8764516493129,36.02450998811153,6.144911955153826,28.472071036774874,6.058450840236951
-31.200949444444444,117.02151333333333,8969.0,8998.0,2.0703003337041035,60.038709677419,29.0,120,,104.45335964472247,133.91771855288314,267.8354371057663,32.65236436774154,11.560766301028215,48.89871237751032,8.72001100708837
-31.201545833333334,117.02158392857145,8998.0,9025.0,2.8275862068965436,76.34482758620668,27.0,122,,110.47093648672872,131.8649670739027,263.7299341478054,36.0521858394734,13.738919808749543,51.418926129409144,11.346043889354206
-31.201914102564103,117.02172371794873,9025.0,9050.0,3.5606837606837756,89.0170940170944,25.0,124,,106.63030057462335,117.85235708212412,235.70471416424823,37.192603016140026,6.9405545792546555,28.650218259754308,8.981077211147566
-31.20247133333333,117.021748,9050.0,9075.0,3.144449923296085,78.61124808240213,25.0,126,,103.1120140788656,113.9637967556428,227.9275935112856,36.27121591043429,6.814981735260091,22.607448363871605,9.377809122038133
-31.202751111111116,117.02149,9075.0,9104.0,2.243381535038941,65.05806451612929,29.0,128,,101.8643027779549,130.59833667775257,261.19667335550514,32.00255863963388,11.512614783731632,48.619793900146085,9.818633528845904
-31.2027393939394,117.02240656565657,9104.0,9136.0,1.9074197860962137,61.03743315507884,32.0,130,,103.05338398866323,145.7907152368261,291.5814304736522,29.810774901968564,13.32897688337926,57.92415694674753,12.873618886670322
-31.20308086419753,117.02323888888888,9136.0,9162.0,2.5549450549450734,66.42857142857191,26.0,132,,104.42693586568446,120.03378858585121,240.06757717170242,35.5486346307378,10.788548556018698,38.324992582329656,13.39971729151126
-31.203188383838384,117.02445808080809,9162.0,9194.0,2.251671122994592,72.05347593582694,32.0,134,,97.5501787402032,138.00527240890008,276.01054481780017,28.473566935196942,8.197059244787457,32.67009031924857,9.351734437635193
-31.203781111111105,117.02526666666662,9194.0,9223.0,2.4883203559510636,72.16129032258084,29.0,136,,102.26799768078463,131.1159064386704,262.2318128773408,32.104492720233935,8.237073375388347,33.25728923962805,9.479668387889275
-31.278424691358023,117.01320987654319,9583.0,9609.0,2.847985347985367,74.04761904761955,26.0,138,,104.46255251268636,120.07472822504414,240.14945645008828,35.557877489113935,8.699602286384472,35.68105169688289,9.329310173633445
-31.292674691358023,117.01113950617284,9688.0,9714.0,4.454822954823029,115.82539682539874,26.0,140,,107.35004903008199,123.39376793101854,246.7875358620371,36.30014360095313,8.527764713570638,33.00621827946476,8.089467086633142
-31.293160869565217,117.0113731884058,9714.0,9736.0,4.492094861660056,98.82608695652124,22.0,142,,109.22329416124926,106.23205490665147,212.46410981330294,41.45368416918995,5.882113589239697,20.27149338088275,5.790554004978782
-31.2936183908046,117.01057586206899,9736.0,9764.0,4.6536945812807415,130.30344827586077,28.0,144,,104.0593041992121,128.8120760733942,257.6241521467884,33.47258056998915,8.832920236363934,32.174950402056616,8.069014793326664
-31.29427847222222,117.01091736111111,9764.0,9787.0,3.9495652173912323,90.83999999999834,23.0,146,,102.65810290082365,104.3851455770439,208.7702911540878,38.452996782503206,6.9936268775749,32.544489649349195,8.216494241317585
-31.294561494252875,117.01052758620689,9787.0,9815.0,3.6719211822660127,102.81379310344836,28.0,148,,103.55430514017571,128.1869519894867,256.3739039789734,33.34446775568422,8.578637223717736,33.55600534949175,12.25949469239232
-31.294804938271607,117.0105759259259,9815.0,9841.0,2.6153846153846483,68.00000000000085,26.0,150,,102.4911765863843,117.80872550075337,235.61745100150674,35.04307405772815,6.18088103923984,28.00595166598031,6.623973126534122
-31.294550595238096,117.01045238095237,9841.0,9868.0,3.2594417077175573,88.00492610837405,27.0,152,,102.85868415073347,122.77851016887917,245.55702033775833,34.12843890996415,7.0857243632258,27.232321408769657,7.546236596328933
-31.294958585858584,117.00927727272727,9868.0,9900.0,2.181818181818112,69.81818181817958,32.0,154,,102.27990508654844,144.69646643105844,289.3929328621169,29.624932220967448,8.892241541057285,42.18559078868829,9.371549028366378
-31.591883888888894,117.01069555555556,10961.0,10990.0,3.5374860956618113,102.58709677419253,29.0,156,,106.18268316806571,136.134852225497,272.269704450994,33.08120470937663,18.02461493252891,57.956539167734874,8.347426028475663
-31.592009090909094,117.01069166666667,10990.0,11012.0,2.8434690396052975,62.55631887131655,22.0,158,,108.21052923536544,105.24702602576838,210.49405205153676,41.189007709684766,7.347528978775742,29.16548344487479,10.116240329228008
-31.592042028985503,117.01064420289856,11012.0,11034.0,4.075098814229224,89.65217391304293,22.0,160,,106.58019734446947,103.66134315216786,207.32268630433572,40.758398039289354,5.859155590745189,23.83051275620618,5.396061530255787
-31.5920268115942,117.01078333333332,11034.0,11056.0,3.1581027667983346,69.47826086956336,22.0,162,,105.15264284224222,102.27288431261888,204.54576862523777,40.37670766471923,6.825228368515464,22.851942140661286,9.246981498312348
-31.59241264367816,117.01120747126436,11056.0,11084.0,3.6645320197044775,102.60689655172537,28.0,164,,103.30412223138758,127.87725762695871,255.75451525391742,33.280859022446315,8.269597895518599,31.86947038507416,10.630035836146396
-31.592846794871797,117.01126538461538,11084.0,11110.0,3.055354823473908,79.43922541032161,26.0,166,,103.353452927366,118.79987108170872,237.59974216341743,35.26905422713968,7.1643333749321885,29.077000239667942,7.958884669622594
-31.59309012345679,117.01191111111112,11110.0,11136.0,2.7789987789988144,72.25396825396918,26.0,168,,104.59638082570426,120.22855749618405,240.4571149923681,35.59258816198096,6.496684700393398,24.938332495146533,8.844472957064816
-31.593059722222222,117.01258472222223,11136.0,11160.0,3.0043729903537177,72.10495176848923,24.0,170,,110.54684009715723,117.29384029767942,234.58768059535885,39.33426247915797,7.231376475032409,30.520565969811983,8.6623229033554
-31.94909880952381,116.96002261904765,12320.0,12347.0,2.841269841269859,76.71428571428619,27.0,172,,99.83644997896002,119.17098386173677,238.34196772347354,33.339333119212256,9.210355843949419,32.158289280675675,8.78815077795211
