lat,lon,t_start,t_end,climb_rate_ms,alt_gain_m,duration_s,circle_id,seg_id,avg_speed_kmh,turn_radius_m,circle_diameter_m,bank_angle_deg
-32.167911290322586,116.99913118279568,319.0,349.0,2.084274193548374,62.52822580645122,30.0,0,,118.8299295297751,157.60308893271073,315.20617786542147,35.1728918803183
-32.166662745098044,116.99798774509803,349.0,382.0,1.5993888464477017,52.77983193277416,33.0,1,,118.86787684564742,173.41875993588152,346.83751987176305,32.65393161737406
-32.1653904040404,116.99693383838384,382.0,414.0,1.5220588235293728,48.70588235293993,32.0,2,,120.02410372180361,169.79937242221686,339.5987448444337,33.715531121975715
-32.164024285714284,116.99596333333334,414.0,448.0,1.7316526610644534,58.87619047619141,34.0,3,,117.11011887652758,176.03173510541131,352.06347021082263,31.500267413467135
-32.163630740740736,116.9967237037037,448.0,492.0,0.9346508563900143,41.12463768116063,44.0,4,,106.99943426247724,208.13819731111684,416.2763946222337,23.39574407843786
-32.16280606060606,116.99818232323233,492.0,524.0,1.6604278074865837,53.13368983957068,32.0,5,,115.4871577318029,163.38090681466517,326.76181362933033,32.70388455402622
-32.16199275362319,116.98546521739131,592.0,614.0,2.9209486166007905,64.26086956521739,22.0,6,,106.59034117879204,103.67120918278884,207.3424183655777,40.76109467890994
-32.16190400000001,116.98480599999999,614.0,638.0,3.110769230769217,74.65846153846121,24.0,7,,105.26061929577108,111.68498582557405,223.3699716511481,37.96500782703559
-32.16195384615384,116.98408076923077,638.0,663.0,3.2321367521367534,80.80341880341884,25.0,8,,108.7085858865484,120.14936666926407,240.29873333852814,37.72654087776298
-32.161738666666665,116.98286266666666,663.0,688.0,3.38241758241758,84.5604395604395,25.0,9,,113.62245089486319,125.5803799037057,251.1607598074114,38.95892434163193
-32.16162530864198,116.98186975308641,688.0,714.0,2.888278388278391,75.09523809523816,26.0,10,,110.44167127436175,126.94744043687953,253.89488087375906,37.07951922296034
-32.1403951754386,116.98262938596491,1152.0,1198.0,0.6509493031711113,29.94366794587112,46.0,11,,109.03660867033565,221.74191705599569,443.48383411199137,22.866062703597557
-32.136996249999996,116.98270625,1198.0,1245.0,-0.4053593345151997,-19.051888722214386,47.0,12,,111.7914435888337,232.28654433318272,464.57308866636544,22.936822199206336
-32.13635,116.93875666666665,1470.0,1503.0,1.6155550462220427,53.31331652532741,33.0,13,,98.09175979472131,143.10806077253343,286.21612154506687,27.871821463240376
-32.136345138888885,116.93724375,1503.0,1526.0,0.9460869565217195,21.759999999999547,23.0,14,,105.18201783473118,106.95152095663315,213.9030419132663,39.132517725909956
-32.13610362318841,116.93614347826089,1526.0,1548.0,0.9367588932805936,20.608695652173058,22.0,15,,114.14166620200983,111.01573015374714,222.03146030749429,42.70886350883679
-32.13528768115942,116.9348036231884,1548.0,1570.0,0.5642292490118118,12.41304347825986,22.0,16,,106.08600373115716,103.1806837519267,206.3613675038534,40.626756201756145
-32.13443066666667,116.93341133333334,1570.0,1594.0,0.19461538461539804,4.670769230769553,24.0,17,,114.2979732845789,121.2739162241742,242.5478324483484,40.2745049198737
-32.13377681159421,116.93232536231886,1594.0,1616.0,0.8330039525690954,18.3260869565201,22.0,18,,108.98379281727017,105.99911265638167,211.99822531276334,41.39128674916537
-32.13333377192983,116.93157719298245,1616.0,1653.0,0.9994528941897124,36.97975708501936,37.0,19,,100.69717179570061,164.71631886844526,329.4326377368905,25.836220329944787
-32.135214814814816,116.93048765432098,1653.0,1679.0,0.7747252747253012,20.14285714285783,26.0,20,,106.935970787722,122.9178047153079,245.8356094306158,36.19455469742443
-32.13484940476191,116.92964285714285,1679.0,1706.0,0.7454844006568119,20.128078817733922,27.0,21,,107.9880796730283,128.90127506222908,257.80255012445815,35.43468717941587
-32.13488950617284,116.9286438271605,1706.0,1732.0,0.8095238095238627,21.04761904762043,26.0,22,,108.15934514602887,124.32401526691534,248.64803053383068,36.5056893211053
-32.133598850574714,116.92586724137932,1732.0,1775.0,0.9415551856234793,40.48687298180961,43.0,23,,108.72479799652609,206.6877301739005,413.375460347801,24.220636791695483
-32.05965617283951,116.95240308641976,2225.0,2267.0,1.7816974800424927,74.8312941617847,42.0,24,,109.89633288297864,204.0563537366486,408.1127074732972,24.96311792713187
-32.05561742424242,116.95084469696972,2267.0,2288.0,1.889328063241067,39.675889328062404,21.0,25,,102.49265017871177,95.15456945476072,190.30913890952144,40.968565088292756
-32.055061594202904,116.94965362318838,2288.0,2310.0,1.486166007905095,32.69565217391209,22.0,26,,101.47381898328105,98.69481041200845,197.3896208240169,39.372831053097215
-31.94304444444444,116.97053015873016,2789.0,2809.0,0.9545454545454529,19.090909090909058,20.0,27,,103.3891474403144,91.4160770954601,182.8321541909202,42.605214078903515
-31.962994444444448,117.03045277777778,3062.0,3081.0,1.7103815744241775,32.497249914059374,19.0,28,,105.86661702701024,88.92630909917793,177.85261819835586,44.75024914247986
-31.962052173913044,117.02937898550722,3081.0,3106.0,1.2850296024809245,32.12574006202311,25.0,29,,107.22756824755177,118.51248279389878,237.02496558779757,37.34682995139018
-31.975896666666667,117.07510888888889,3312.0,3341.0,1.3644048943270286,39.56774193548383,29.0,30,,100.98174999837236,129.46683209861604,258.9336641972321,31.7789202934218
-31.9752884057971,117.07398985507248,3341.0,3363.0,1.571146245059265,34.56521739130383,22.0,31,,104.33673298106538,101.4793193333073,202.9586386666146,40.15659312165234
-31.974595238095237,117.07248174603176,3363.0,3383.0,1.79870129870126,35.9740259740252,20.0,32,,104.31642211975824,92.23596792233475,184.4719358446695,42.86020385205757
-31.974029166666668,117.07170555555554,3383.0,3406.0,1.8278260869565042,42.039999999999594,23.0,33,,102.38431385329945,104.10675050860178,208.21350101720355,38.37850262725802
-31.973494696969695,117.07037196969699,3406.0,3427.0,1.684923771880279,35.38339920948586,21.0,34,,99.50876540931633,92.38431939254292,184.76863878508584,40.13237291149922
-31.973277586206898,117.07029597701147,3427.0,3455.0,2.1458128078817778,60.08275862068977,28.0,35,,98.3922863360959,121.79703458613301,243.59406917226602,32.013172770831275
-31.97655714285714,117.09514285714286,3575.0,3602.0,2.5333880678708494,68.40147783251294,27.0,36,,112.28264067027199,134.02752964563652,268.05505929127304,36.49674119804391
-31.975783739837397,117.09365040650407,3602.0,3643.0,1.2675277647553047,51.968638354967496,41.0,37,,112.04685759927304,203.09590584398833,406.19181168797667,25.929499722540918
-32.04571893939394,117.02789696969695,3937.0,3958.0,1.6013551665725356,33.62845849802325,21.0,38,,103.2216545783954,95.83137993494215,191.6627598698843,41.16970023153107
-32.07935535714285,116.99160476190477,4122.0,4149.0,1.510673234811187,40.78817733990205,27.0,39,,100.29557773380382,119.71902724944233,239.43805449888467,33.46014723561683
-32.07934565217391,116.99132246376811,4149.0,4171.0,1.411067193675872,31.043478260869186,22.0,40,,96.5410736255462,93.89715548219284,187.7943109643857,37.98003026557564
-32.07952948717949,116.98999935897436,4171.0,4196.0,0.7148717948718054,17.871794871795135,25.0,41,,97.31374862186155,107.55530641646793,215.11061283293586,34.70400771800104
-32.031645454545455,116.93628535353535,4772.0,4804.0,0.23897058823526682,7.647058823528538,32.0,42,,116.70014472248764,165.09693237443085,330.1938647488617,32.97664781791313
-32.01904523809524,116.93354523809523,4887.0,4914.0,1.6488779419814128,44.51970443349815,27.0,43,,120.60594680703905,143.9627445046384,287.9254890092768,38.474815137562835
-32.01829855072464,116.93191304347827,4914.0,4936.0,1.79743083003953,39.54347826086966,22.0,44,,116.51686733332073,113.32588293693686,226.65176587387373,43.29744319031371
-31.962583333333335,116.97628333333334,5218.0,5237.0,2.2751879699247777,43.228571428570774,19.0,45,,100.56487846488483,84.4729312981445,168.945862596289,43.27944162746389
-31.9617225,116.97568666666666,5237.0,5256.0,2.9796992481202853,56.61428571428542,19.0,46,,103.09674575852095,86.59966038305086,173.19932076610172,43.99093767948502
-31.960927499999997,116.975055,5256.0,5275.0,2.9872180451127712,56.757142857142654,19.0,47,,105.73993771638139,88.81990045167598,177.63980090335195,44.715950227237215
-31.96018968253969,116.97434365079367,5275.0,5295.0,3.1428571428571312,62.85714285714263,20.0,48,,102.62285314573275,90.73852417965016,181.4770483593003,42.392904457037176
-31.95939166666666,116.97405227272726,5295.0,5316.0,2.84867306606432,59.82213438735072,21.0,49,,101.82617270470108,94.5358092121462,189.0716184242924,40.78360198503939
-31.958231410256413,116.9739237179487,5316.0,5342.0,0.6735077948170096,17.51120266524225,26.0,50,,105.12154108828362,120.83220420294197,241.66440840588393,35.72850705933287
-31.95795763888889,116.97299166666666,5342.0,5365.0,2.0852173913043273,47.959999999999525,23.0,51,,102.97713143237885,104.70954120455508,209.41908240911016,38.53960633150543
-31.957171527777778,116.97217847222221,5365.0,5389.0,0.34237623762376085,8.21702970297026,24.0,52,,105.3278842456111,111.75635615399983,223.51271230799966,37.98276124675149
-31.95682777777778,116.97155902777779,5389.0,5412.0,0.9008695652173815,20.719999999999775,23.0,53,,101.69843527824975,103.40933322850742,206.81866645701484,38.19120926674906
-31.954414912280708,117.03025526315787,5762.0,5784.0,1.9637193656895988,43.201826045171174,22.0,54,,101.56108157353398,98.77968318892142,197.55936637784285,39.396984762536974
-31.95356111111111,117.02979567901232,5784.0,5810.0,2.556166056166075,66.46031746031795,26.0,55,,102.52385309535566,117.84628559132844,235.69257118265688,35.05166061534647
-31.952918840579713,117.02932391304346,5810.0,5832.0,2.182806324110621,48.02173913043366,22.0,56,,99.34230311099427,96.62166921151622,193.24333842303244,38.777627275476554
-31.952249242424248,117.02842575757576,5832.0,5853.0,2.31055900621116,48.52173913043436,21.0,57,,103.40227328804752,95.99906703760223,191.99813407520446,41.21934366633628
-31.951500757575754,117.02763863636368,5853.0,5874.0,2.236024844720462,46.956521739129705,21.0,58,,103.18426700586203,95.79666916923195,191.5933383384639,41.159414769065194
-31.95084523809524,117.02697142857146,5874.0,5894.0,1.4987012987012966,29.974025974025935,20.0,59,,107.61905253890193,95.15613434684795,190.3122686936959,43.751529980745076
-31.95062944444445,117.02874777777778,5894.0,5939.0,2.6144801172777505,117.65160527749877,45.0,60,,105.49681936928238,209.87925353867624,419.7585070773525,22.64078376565281
-31.952047727272728,117.0299628787879,5939.0,5961.0,3.044755641765649,66.98462411884428,22.0,61,,111.75661482844748,108.69599689156038,217.39199378312077,42.10639425820938
-31.95138611111111,117.02878402777776,5961.0,5984.0,3.563478260869539,81.9599999999994,23.0,62,,112.12730142833126,114.01364677530519,228.02729355061038,40.93657159616025
-31.95135555555555,117.02844259259258,5984.0,6010.0,1.546398046398098,40.206349206350545,26.0,63,,107.10164384717449,123.10823800560637,246.21647601121273,36.236835152008716
-32.01541066666667,117.039291,6528.0,6578.0,1.0697669550788615,53.488347753943074,50.0,64,,116.60901671327531,257.7625197083778,515.5250394167556,22.534825506412258
-32.01499777777778,117.0354677777778,6578.0,6607.0,0.9074527252502691,26.316129032257805,29.0,65,,109.35823480594608,140.20616818831772,280.41233637663544,33.85790823468081
-32.01484691358024,117.03473024691358,6607.0,6634.0,1.5387936702757303,41.54742909744472,27.0,66,,100.5030941915807,119.96673177465317,239.93346354930634,33.51464257073265
-32.01425438596491,117.03353245614038,6634.0,6655.0,0.920064679415038,19.321358267715798,21.0,67,,107.39118277463055,99.70238590122798,199.40477180245597,42.29669759415502
-32.01335757575757,117.03210303030305,6655.0,6678.0,1.021369037063323,23.49148785245643,23.0,68,,105.9381052238792,107.72032819108429,215.44065638216858,39.333568715803
-32.01247971014492,117.0307753623188,6678.0,6703.0,1.1688349141246517,29.22087285311629,25.0,69,,102.73068135723999,113.54233156391085,227.0846631278217,36.17001829579223
-32.011953472222224,117.02958958333333,6703.0,6727.0,1.4372277227722898,34.493465346534954,24.0,70,,103.03625726040838,109.3248644045479,218.6497288090958,37.37307094229001
-32.01091481481482,117.02807098765433,6727.0,6755.0,1.0366313222743706,29.025677023682377,28.0,71,,98.59085491093113,122.04283702123763,244.08567404247526,32.06511891034148
-32.01020069444444,117.02704236111111,6755.0,6779.0,2.387440719542073,57.29857726900975,24.0,72,,98.71597667471482,104.74090433283405,209.4818086656681,36.19617283741713
-32.00939230769231,117.02515128205128,6779.0,6804.0,2.23282051282052,55.820512820513,25.0,73,,99.609511617819,110.09268161767686,220.18536323535372,35.33184338731541
-32.07569492753623,116.98873695652173,7069.0,7091.0,2.708498023715417,59.58695652173917,22.0,74,,109.51247911217551,106.51332010580965,213.0266402116193,41.52886603143808
-32.07457115384615,116.98764487179486,7091.0,7116.0,2.056752136752144,51.418803418803606,25.0,75,,110.40577525867258,122.02517276604597,244.05034553209194,38.15693777425689
-32.07371533333333,116.98694333333333,7116.0,7140.0,2.425384615384597,58.209230769230324,24.0,76,,107.00319846907097,113.53391975330514,227.06783950661028,38.42216875058613
-32.12130416666667,116.96514097222223,7812.0,7835.0,3.4356521739130237,79.01999999999954,23.0,77,,103.69606595346818,105.44057053905168,210.88114107810335,38.734019732312724
-32.12127142857143,116.96319166666663,7835.0,7863.0,2.685629652134275,75.1976302597597,28.0,78,,103.55796126012935,128.19147779720015,256.3829555944003,33.34539663215065
-32.120648611111115,116.96215694444443,7863.0,7887.0,2.2346341463414654,53.63121951219517,24.0,79,,102.03576149764217,108.26330542996965,216.5266108599393,37.103734697664386
-32.120219753086424,116.96165864197532,7887.0,7914.0,2.1658750456704796,58.47862623310295,27.0,80,,103.31600760543704,123.32439983193868,246.64879966387736,34.246583710534296
-32.11997575757576,116.96125606060606,7914.0,7935.0,3.4647092038396194,72.75889328063201,21.0,81,,105.8931228941448,98.31158136357071,196.62316272714142,41.89632708839296
-32.119603472222224,116.96040972222222,7935.0,7958.0,3.0043478260869505,69.09999999999987,23.0,82,,105.54002061588227,107.31554650718851,214.63109301437703,39.227857763102634
-32.11943012820513,116.95965128205128,7958.0,7983.0,3.5425641025641124,88.56410256410281,25.0,83,,105.5182981319873,116.6233245440978,233.2466490881956,36.903774218056384
-32.11935625,116.95858125,7983.0,8007.0,3.6355963302753174,87.25431192660761,24.0,84,,102.5148089607251,108.77159057480485,217.5431811496097,37.23293577434463
-32.11932371794872,116.95770256410258,8007.0,8032.0,4.382222222222242,109.55555555555605,25.0,85,,105.31932459382328,116.40341050143608,232.80682100287217,36.8518612167338
-32.11905059523809,116.95650476190475,8032.0,8059.0,3.711548987411084,100.21182266009927,27.0,86,,103.59393060000053,123.6561459698163,247.3122919396326,34.31822063767301
-32.118752020202024,116.95539797979798,8059.0,8092.0,3.666419535267836,120.99184466383859,33.0,87,,112.24379781383145,163.75475649022005,327.5095129804401,31.179863221916765
-32.119112916666666,116.95384541666667,8092.0,8131.0,3.457410881801121,134.8390243902437,39.0,88,,108.10715228532557,186.39603308947676,372.7920661789535,26.251212642391426
-32.12078558558559,116.95178873873876,8131.0,8168.0,1.114816621025087,41.248214977928214,37.0,89,,104.17141701709107,170.3993472346715,340.798694469343,26.606509910365773
-31.97735,117.0788888888889,9169.0,9192.0,0.8099999999999795,18.62999999999953,23.0,90,,99.68726251546981,101.36432600851052,202.72865201702103,37.63642204641903
-31.97702873563218,117.07820977011494,9192.0,9220.0,1.535467980295571,42.99310344827599,28.0,91,,93.79734728769178,116.10908920911477,232.21817841822954,30.79463027317036
-31.976464583333335,117.07666944444445,9220.0,9243.0,0.4999999999999902,11.499999999999774,23.0,92,,102.46300710852928,104.1867676399434,208.3735352798868,38.3999296900665
-31.97594066666667,117.07518733333332,9243.0,9267.0,0.021538461538459938,0.5169230769230385,24.0,93,,100.35927437697069,106.4844973480712,212.9689946961424,36.64809097192992
-31.976233838383838,117.07385,9267.0,9299.0,0.13569518716575674,4.342245989304216,32.0,94,,100.40883763038848,142.04944745766966,284.0988949153393,29.17252825526906
-31.976763793103444,117.07424482758621,9299.0,9342.0,0.06938466096231814,2.98354042137968,43.0,95,,95.56548123855546,181.67164036308085,363.3432807261617,21.574035875550233
-31.980125925925925,117.07652345679014,9342.0,9395.0,-0.16596150181055597,-8.795959595959467,53.0,96,,104.51982348069963,244.90190766011716,489.8038153202343,19.333820117872786
-32.004678395061724,117.07117839506172,9558.0,9584.0,2.7179487179487376,70.66666666666718,26.0,97,,105.65300276370027,121.44309408359973,242.88618816719946,35.86558621226326
-32.00483166666666,117.07059833333332,9584.0,9613.0,2.3543937708565035,68.2774193548386,29.0,98,,98.51530022687724,126.30464251038869,252.60928502077738,31.148157587502844
-32.004671604938274,117.06898950617284,9613.0,9639.0,1.8351648351648338,47.71428571428568,26.0,99,,101.16658958964882,116.28617584235666,232.5723516847133,34.693484336118104
-32.00463827160494,117.0679160493827,9639.0,9665.0,2.3479853479853685,61.047619047619584,26.0,100,,105.22831678777445,120.95493778343572,241.90987556687145,35.75608554032209
-32.00428269230769,117.06719294871795,9665.0,9690.0,3.013675213675229,75.34188034188072,25.0,101,,104.00318866581082,114.94876092696371,229.89752185392743,36.506695216384855
-32.003886111111115,117.06622916666667,9690.0,9713.0,3.717391304347822,85.49999999999991,23.0,102,,105.16118172351405,106.93033431435941,213.86066862871883,39.12696087652628
-32.003511111111116,117.06534027777779,9713.0,9736.0,3.710434782608679,85.33999999999962,23.0,103,,102.80274827617446,104.53222435734853,209.06444871469705,38.492290771250794
-32.00324166666667,117.06437692307692,9736.0,9761.0,4.041025641025671,101.02564102564178,25.0,104,,101.94121899344776,112.66978408069873,225.33956816139747,35.959678554072376
-32.00286133333333,117.06337533333331,9761.0,9785.0,3.6761538461538428,88.22769230769222,24.0,105,,102.32267308346798,108.56772807739972,217.13545615479944,37.18116899311074
-32.002315053763446,117.06222150537636,9785.0,9815.0,3.6500000000000097,109.50000000000028,30.0,106,,102.69342694622559,136.20138767948538,272.40277535897076,31.342145000418686
-32.00223636363637,117.0606606060606,9815.0,9847.0,4.112299465240614,131.59358288769965,32.0,107,,106.06898550786906,150.05691868728863,300.11383737457726,30.52875734201223
-32.00172435897436,117.05887371794871,9847.0,9872.0,3.8536752136752197,96.3418803418805,25.0,108,,105.44212089126512,116.5391302079031,233.0782604158062,36.883907604904444
-32.00124135802469,117.05798086419753,9872.0,9898.0,4.858363858363901,126.31746031746141,26.0,109,,106.55855283518108,122.48398075649644,244.96796151299287,36.09806534270221
-32.00105059523809,117.05699107142857,9898.0,9925.0,4.453475643130832,120.24384236453247,27.0,110,,99.40281494706164,118.6533701705535,237.306740341107,33.22491848571945
