lat,lon,t_start,t_end,climb_rate_ms,alt_gain_m,duration_s,circle_id,seg_id,avg_speed_kmh,turn_radius_m,circle_diameter_m,bank_angle_deg,bank_std_deg,bank_range_deg,bank_masd_deg
-32.143282716049384,116.98488456790126,238.0,264.0,1.3229548229548462,34.396825396826,26.0,0,,100.0702590451183,115.02599610317854,230.05199220635708,34.40188465103003,6.800126960661053,25.731111637746995,7.900221423696348
-32.14264797979798,116.98610808080808,264.0,296.0,1.013368983957212,32.42780748663078,32.0,2,,97.12574206358804,137.40481734123074,274.8096346824615,28.368989591583283,11.581971684144168,44.07071933061746,8.1492528392308
-32.14489642857143,116.99065059523811,371.0,398.0,2.840722495894919,76.6995073891628,27.0,4,,95.27779089775277,113.72948541190009,227.45897082380017,32.12149114004002,10.577158315680775,40.669561765381005,7.90219364067444
-32.14488511904762,116.99167500000001,398.0,425.0,2.2112753147235966,59.70443349753711,27.0,6,,93.25508611300077,111.31505942508328,222.63011885016655,31.57044465147833,5.407385277260219,26.59504594786427,5.999270174062942
-32.14398188405797,116.99602971014492,497.0,519.0,1.4851778656126164,32.67391304347756,22.0,8,,94.95727674533715,92.35673319012244,184.71346638024488,37.52124884914006,4.6532924557143955,17.970170621887874,5.757400649590714
-32.16239938271605,116.954362345679,1650.0,1676.0,1.6300366300366314,42.380952380952415,26.0,10,,97.59650934025062,112.18253865010992,224.36507730021984,33.736393396388785,7.700011404454241,27.53280223549682,9.246151973991193
-32.16290308641975,116.95578641975308,1676.0,1702.0,3.3034188034188365,85.88888888888975,26.0,12,,100.76066246794947,115.81958195158126,231.6391639031625,34.585754912787095,10.344333171944237,40.601504400232,9.620797247038228
-32.16274696969696,116.95674924242425,1702.0,1723.0,2.653303218520578,55.71936758893214,21.0,14,,104.44722044341513,96.96919998370723,193.93839996741445,41.50507569047627,4.532102870991042,17.165940858598027,6.379769457129159
-32.162640909090904,116.95772727272728,1723.0,1744.0,2.9757199322416317,62.49011857707426,21.0,16,,103.09862671296814,95.71716039290419,191.43432078580838,41.135842629513256,4.535846684547919,16.966853961328546,5.7458988181111685
-32.16275,116.95857196969699,1744.0,1765.0,2.702428006775813,56.75098814229207,21.0,18,,101.47157351273042,94.20659796253815,188.4131959250763,40.684770485004,4.896486292042827,21.781505869778684,5.978359246533103
-32.16290303030303,116.95963863636366,1765.0,1786.0,2.5821569734613052,54.22529644268741,21.0,20,,101.1632958108071,93.9203917619192,187.8407835238384,40.59861053836184,5.964332878537043,21.976020426811335,6.959622084371216
-32.163135,116.96061833333333,1786.0,1805.0,2.4481203007518393,46.514285714284945,19.0,22,,101.07619111846584,84.90242596185955,169.8048519237191,43.42448958702417,5.2090439836242535,18.199399195467336,5.423387449885462
-32.163197826086964,116.9613311594203,1805.0,1827.0,3.234189723320168,71.1521739130437,22.0,24,,101.89802337922468,99.10739735170466,198.21479470340932,39.49009124385535,6.772166705352501,30.317041592664108,7.321414465515909
-32.1631375,116.96212777777777,1827.0,1850.0,2.2552173913043276,51.869999999999536,23.0,26,,93.08606648473778,94.65207642294918,189.30415284589836,35.7559333452598,4.487725635532016,20.93823134266785,5.395410214446093
-32.163236231884056,116.9628572463768,1850.0,1872.0,2.2747035573122294,50.043478260869044,22.0,28,,96.07764058438545,93.4464142309588,186.8928284619176,37.846375185792255,4.920668684562179,14.596575580648029,6.409509398523632
-32.16348717948718,116.96287756410257,1872.0,1897.0,2.0765811965812233,51.91452991453058,25.0,30,,96.36342475700603,106.50496793987105,213.0099358797421,34.44128946320667,8.903457385279332,34.95331227987981,6.264012799039782
-32.163437333333334,116.96358266666668,1897.0,1921.0,1.3007692307692196,31.21846153846127,24.0,32,,95.71401323564015,101.55572219743485,203.1114443948697,35.356961310319576,8.206798906536985,31.529433912255193,10.166045395883
-32.26609551282051,116.97516602564103,2292.0,2317.0,1.0054700854700975,25.13675213675244,25.0,34,,97.47719511110574,107.73595444906674,215.47190889813348,34.749025476561876,5.5368270475892984,22.632030694136905,6.911086128472415
-32.26543541666667,116.97654513888888,2317.0,2340.0,0.8756521739130371,20.13999999999985,23.0,36,,95.33417277998629,96.9380031668799,193.8760063337598,36.40670135826312,5.582282360402752,23.125038343830507,7.51704129213457
-32.265012,116.97803333333333,2340.0,2364.0,0.47307692307693805,11.353846153846513,24.0,38,,95.68360518276089,101.52345825126461,203.04691650252923,35.34836980474501,5.4517132878954255,20.959707897131448,6.182572626001456
-32.265600617283944,116.97869506172839,2364.0,2390.0,1.3681318681318648,35.571428571428484,26.0,40,,94.78668077979006,108.9527745610571,217.9055491221142,32.9677662054635,11.974910869293714,41.719976775980115,10.03565427878361
-32.26507733333334,116.97974733333335,2390.0,2414.0,1.583846153846168,38.01230769230803,24.0,42,,96.47440070116409,102.36251835612319,204.72503671224638,35.57120774266249,7.3995020653268275,25.183092778885435,7.611704881695468
-32.26491790123456,116.98101851851851,2414.0,2440.0,0.9627594627594903,25.03174603174675,26.0,44,,95.9669937421066,110.30948808912682,220.61897617825363,33.29229383087595,5.887569522988675,22.69826259836623,7.759470117303758
-32.264598550724635,116.98212681159418,2440.0,2462.0,1.4584980237153717,32.08695652173818,22.0,46,,98.37516588719576,95.68101845153136,191.36203690306272,38.50423956268529,6.034811033620214,22.366438190509857,7.842552075275372
-32.26418492063492,116.98322301587302,2462.0,2482.0,0.7948051948051957,15.896103896103915,20.0,48,,103.01664043636093,91.08670858981816,182.17341717963632,42.50218730075915,4.912147659151812,18.691099567286066,6.233860021690761
-32.264102898550725,116.98437028985506,2482.0,2504.0,0.7826086956521308,17.217391304346876,22.0,50,,98.70492418391235,96.00174583621364,192.0034916724273,38.597689149057956,4.534035012333427,17.67247278333701,5.608480526500807
-32.263289444444446,116.98629944444446,2504.0,2533.0,1.333481646273635,38.670967741935414,29.0,52,,96.59073822566882,123.83719719994552,247.67439439989104,30.650067891709458,8.95405561496501,38.4298820719423,7.560978424074359
-32.26303,116.98847533333331,2533.0,2557.0,0.5669230769230905,13.606153846154172,24.0,54,,90.9757797390335,96.52830031404456,193.05660062808911,33.99605322758642,5.6762097032897865,23.75891362248102,7.763462825473034
-32.199834057971024,116.9469463768116,2927.0,2949.0,0.6245059288537167,13.739130434781767,22.0,56,,97.83119328244024,95.15194333014938,190.30388666029876,38.34955260575304,4.695823093293319,15.554693792777346,5.680585707464407
-32.150434408602145,116.94498870967743,3267.0,3297.0,0.7250000000000033,21.7500000000001,30.0,58,,103.49031286770818,137.25829045852117,274.51658091704235,31.539245104700193,14.532809424640316,56.87597847764215,10.793355647632923
-32.150573913043466,116.94723043478261,3297.0,3319.0,1.5079051383399025,33.17391304347785,22.0,60,,94.92448587448261,92.3248403451043,184.6496806902086,37.51169005890091,4.707643599110377,18.982552560041782,4.998941125668094
-32.15041133333333,116.94861333333334,3319.0,3343.0,1.499230769230761,35.981538461538264,24.0,62,,97.83679794598407,103.8080667292424,207.6161334584848,35.9522277134962,3.7787782037665636,14.759204694011625,4.1849474955106825
-32.15048623188406,116.94991014492753,3343.0,3365.0,1.3389328063240922,29.45652173913003,22.0,64,,95.40476809271172,92.7919693341117,185.5839386682234,37.65145146502589,4.949831515308969,19.465473043181323,6.846888442153996
-32.15046071428572,116.95113452380954,3365.0,3392.0,1.3875205254515592,37.4630541871921,27.0,66,,88.01831505922196,105.06412443221238,210.12824886442476,30.113140718354675,7.107844203918259,29.035833339643176,8.130084182005605
-32.1499875,116.95227777777778,3392.0,3415.0,1.8613043478260523,42.8099999999992,23.0,68,,91.06298926422156,92.59496447357677,185.18992894715353,35.16105754246833,6.540035130357282,26.507767645691416,8.992650220001531
-32.14999652777777,116.95362569444444,3415.0,3438.0,1.8778260869565084,43.18999999999969,23.0,70,,91.97365866096553,93.52095428700156,187.04190857400312,35.4299242701121,4.349188216918865,18.95329152610166,5.485588247657975
-32.15014621212122,116.95472575757573,3438.0,3459.0,1.914737436476545,40.209486166007444,21.0,72,,89.63675770933033,83.21910958766112,166.43821917532225,37.21332973353812,5.585994001822213,22.12753677666977,6.363478288630903
-32.150196212121216,116.95608863636362,3459.0,3480.0,1.6024844720496725,33.65217391304312,21.0,74,,91.26571265386501,84.73143760472507,169.46287520945015,37.711506417488806,5.88768743920916,23.36768523051331,7.976646086071523
-32.150189166666664,116.95719333333332,3480.0,3499.0,1.6142857142856837,30.671428571427988,19.0,76,,92.36056920993383,77.58143933174986,155.16287866349973,40.8549262385181,4.236120012741478,13.616643609953414,5.350809290642534
-32.150265833333336,116.95814,3499.0,3518.0,1.1781954887217505,22.38571428571326,19.0,78,,92.66268360443553,77.83521071675516,155.6704214335103,40.94752552185613,4.9888574174653035,21.931329029678587,6.533072937273707
-32.150866666666666,116.96007291666666,3518.0,3541.0,1.9952173913043287,45.88999999999956,23.0,80,,99.04007919944947,100.70625496736648,201.41250993473295,37.456110247960815,10.000869633268792,40.08583393219176,7.313726930881833
-32.151307333333335,116.96215466666665,3541.0,3565.0,1.1276923076923075,27.06461538461538,24.0,82,,99.8361408562671,105.92943544329093,211.85887088658185,36.504796171058224,8.581516401875266,36.79940284276927,6.0717430893571604
-32.151236805555556,116.96413125,3565.0,3588.0,0.5482608695651949,12.609999999999484,23.0,84,,101.53479575068314,103.24294075266262,206.48588150532524,38.146381170641774,10.62653586668124,43.1261320816856,6.8574791871101475
-32.15079166666666,116.96510972222222,3588.0,3611.0,1.1760869565217142,27.04999999999943,23.0,86,,88.96464975969411,90.46132408415941,180.92264816831883,34.534721464177736,8.598874007494928,34.68187495898444,10.965762681495006
-32.150526190476185,116.96556904761904,3611.0,3638.0,1.9217296113848126,51.88669950738994,27.0,88,,92.03504305036675,109.85874029355944,219.71748058711887,31.234881814027727,8.472462757719883,36.02761356031497,7.2289895726080085
-32.150418518518514,116.96633148148149,3638.0,3664.0,1.4462759462759425,37.6031746031745,26.0,90,,95.35024035076826,109.60055944373659,219.20111888747317,33.12301649448784,6.95255706167875,28.292916736805175,5.055298386325117
-32.15046805555556,116.9672013888889,3664.0,3687.0,1.206956521739087,27.759999999999,23.0,92,,93.2454255823011,94.81411645805721,189.62823291611443,35.80241885587377,5.905543715697295,24.26357124940461,7.069295438254837
-32.150603333333336,116.968052,3687.0,3711.0,0.47153846153847284,11.316923076923349,24.0,94,,91.12540600722191,96.68705871536842,193.37411743073685,34.039714163761495,5.040754632778682,14.703105431492016,6.185605757271007
-32.1515203125,116.96791979166667,3711.0,3742.0,-1.791788856304957,-55.54545454545367,31.0,96,,96.8498525768272,132.73281000972915,265.4656200194583,29.06682290729755,14.07080684190321,55.86314693971164,9.250979088778822
-32.141955072463766,116.96408695652171,4306.0,4328.0,0.9920948616600618,21.826086956521358,22.0,98,,94.9502264255762,92.34987595365375,184.6997519073075,37.51919383353009,6.049612562042026,21.94500195370886,7.076806455224265
-32.142429629629625,116.96530617283949,4328.0,4354.0,1.0262515262515297,26.682539682539772,26.0,100,,93.82097647278651,107.84274345976726,215.68548691953453,32.70045890923871,9.288720049493637,40.40957093870345,12.291782820706999
-32.14259252873563,116.96694310344827,4354.0,4382.0,0.5571428571428685,15.600000000000318,28.0,102,,94.40349759214169,116.85942556519147,233.71885113038294,30.957189426537266,8.98147132187637,36.283861037947744,10.038758088872303
-32.143340666666674,116.96870066666665,4382.0,4406.0,0.7815384615384703,18.756923076923286,24.0,104,,91.42044684745944,97.00010676962034,194.0002135392407,34.125675511948295,6.481226499151011,26.885809690249143,7.366315664591033
-32.14384702380953,116.9706136904762,4406.0,4433.0,0.5517241379310418,14.896551724138128,27.0,106,,92.39093470174429,110.28355465997348,220.56710931994695,31.333014795886882,8.48244196204131,37.599751652957195,8.030826346236504
-32.144587356321836,116.97320689655172,4433.0,4461.0,0.7871921182266014,22.04137931034484,28.0,108,,94.55869029134203,117.0515342279321,234.1030684558642,30.998720782986894,11.44781479857056,48.427020054398106,9.00312278195364
-32.14516533333333,116.97584466666666,4461.0,4485.0,1.505384615384602,36.129230769230446,24.0,110,,92.15699891472407,97.78161278528513,195.56322557057027,34.33951191320951,5.2028206208282,17.055021348800498,7.4736343913347945
-32.14543968253969,116.97762460317459,4485.0,4505.0,1.3792207792207722,27.584415584415446,20.0,112,,92.35477931950356,81.65955359366745,163.3191071873349,39.405056668961564,7.688835867943893,27.108493564348663,9.864679627330244
-32.14566904761905,116.97911984126982,4505.0,4525.0,1.4766233766233556,29.532467532467113,20.0,114,,91.9482299815656,81.30008505620322,162.60017011240643,39.28112530151483,5.47919259257385,23.042450491104027,6.577624295154173
-32.14593188405797,116.9807304347826,4525.0,4547.0,1.3448616600790444,29.586956521738976,22.0,116,,92.39967002671271,89.86917026273613,179.73834052547227,36.7683024253061,5.24832661313062,21.4530301333974,6.516270805892387
-32.14620694444445,116.98253680555554,4547.0,4570.0,1.5826086956521754,36.400000000000034,23.0,118,,93.78603807901472,95.36382381262169,190.72764762524338,35.959712413481256,6.5204659549469595,21.168690916463213,8.338077861429015
-32.14632898550725,116.9843615942029,4570.0,4592.0,1.5177865612647983,33.39130434782556,22.0,120,,95.27146077356876,92.66231283038323,185.32462566076646,37.612711835610085,5.495128782772266,21.00738926379363,5.40279170487914
-32.14655793650794,116.98610317460319,4592.0,4612.0,1.3519480519480336,27.03896103896067,20.0,122,,94.56240277222058,83.6115212880314,167.2230425760628,40.07039072770174,4.262382832797992,15.011646751201717,5.370305669883092
-32.146204000000004,116.98804666666666,4612.0,4636.0,1.4392307692307504,34.54153846153801,24.0,124,,96.02073819607281,101.88116748825168,203.76233497650335,35.44352135417372,9.191229549596631,33.51209997402497,6.567361145436994
-32.14636304347825,116.99003188405797,4636.0,4658.0,0.9476284584980047,20.847826086956104,22.0,126,,92.00883663534442,89.48904041397061,178.97808082794123,36.65191902971219,5.8117301089172875,21.06079885743638,7.272823441811175
-32.146699999999996,116.99160652173912,4658.0,4680.0,0.9772727272726773,21.499999999998902,22.0,128,,91.63103263455385,89.12158312691346,178.24316625382693,36.53908014348591,6.484295999120124,25.22750941644648,7.828812460621454
-32.14688225806452,116.99372795698928,4680.0,4710.0,0.3479838709677565,10.439516129032695,30.0,130,,96.11099355844804,127.47116425250265,254.9423285050053,29.682306783665602,12.762909073666066,51.42762818412837,8.493050046235574
-32.151014492753625,116.94391014492754,5033.0,5055.0,3.163043478260852,69.58695652173874,22.0,132,,92.46663013831815,89.93429657399831,179.86859314799662,36.788206622814855,5.424934285858311,19.056936769875232,7.482682882492887
-32.151204347826095,116.94536014492755,5055.0,5077.0,3.1373517786561154,69.02173913043454,22.0,134,,92.04767698612476,89.5268170650813,179.0536341301626,36.66350079257493,4.321523929044562,13.939898827282775,3.520696906680801
-32.151469999999996,116.94721066666666,5077.0,5101.0,2.2638461538461603,54.33230769230785,24.0,136,,101.29829336788545,107.48082744181286,214.96165488362573,36.90397170749617,6.0249846399095475,22.442343103685523,5.8057732980665415
-32.15178125,116.94872430555556,5101.0,5124.0,2.3969565217391304,55.13,23.0,138,,96.9331075027446,98.56383716426596,197.12767432853192,36.8630204990652,5.1687259857618875,17.12723271071725,6.525202930755247
-32.15180158730159,116.95015952380949,5124.0,5144.0,2.8896103896103806,57.79220779220761,20.0,140,,98.30193422808445,86.91799304385566,173.83598608771132,41.168428425949564,4.685093090390761,19.065160539088833,6.204429520312066
-32.151842105263164,116.95148771929826,5144.0,5162.0,2.30701754385962,41.52631578947316,18.0,142,,103.22000472714463,82.13986989146936,164.27973978293872,45.57383236961211,6.157392079227933,24.819915444977624,8.316200850928654
-32.15210263157895,116.95279912280701,5162.0,5180.0,1.6736842105262923,30.126315789473264,18.0,144,,103.48791788431596,82.35306840788523,164.70613681577046,45.648076291489545,5.151268963385816,18.84328502695643,5.89464949981017
-32.15227318840579,116.95404565217393,5180.0,5202.0,1.8705533596837662,41.15217391304286,22.0,146,,106.20686228359429,103.29823241658686,206.5964648331737,40.65899821071221,10.846341135420042,42.13607525580328,7.54502146777968
-32.11364880952381,116.91668035714285,5772.0,5799.0,2.5399562123700044,68.57881773399012,27.0,148,,86.90720252111481,103.73783153642889,207.47566307285777,29.79824132438296,6.994700428934379,23.60649262340298,9.512667052774791
-32.11424615384615,116.9183326923077,5799.0,5824.0,2.885470085470092,72.1367521367523,25.0,150,,89.55420086254921,98.9791232077721,197.9582464155442,32.50998365176857,7.404128637843713,30.601947808943244,9.985791649768837
-32.114667816091945,116.92028045977013,5824.0,5852.0,3.0059113300492464,84.1655172413789,28.0,152,,86.35542079891246,106.89693842277013,213.79387684554027,28.753853260126263,5.541596824924794,23.69894598438052,6.800040802393262
-32.115006111111114,116.92193611111111,5852.0,5881.0,2.995773081201326,86.87741935483845,29.0,154,,88.93717862419153,114.02471013275584,228.04942026551169,28.617955496698734,6.791381675688261,29.323364680908412,9.057422054473111
-32.11562,116.92365800000002,5881.0,5905.0,3.4261538461538428,82.22769230769222,24.0,156,,93.05263319780677,98.73191027431966,197.46382054863932,34.598071758641105,5.275033476203578,22.452487032224212,6.4795780035545265
-32.115853225806454,116.9254010752688,5905.0,5935.0,2.6758064516128988,80.27419354838696,30.0,158,,90.89338399654552,120.55109464499995,241.1021892899999,28.326354284060503,6.75730428561475,28.09738005457418,9.102756981712092
-32.1163606060606,116.92969545454545,5968.0,6000.0,2.877005347593543,92.06417112299337,32.0,160,,93.9884699619055,132.96648522739008,265.93297045478016,27.589594739884912,7.735993498726432,31.450628796127233,9.608715484405423
-32.11762530864198,116.93334012345679,6034.0,6060.0,2.409035409035456,62.634920634921855,26.0,162,,101.29041156322639,116.42850330294411,232.85700660588822,34.726289888823686,4.986100077129901,17.404294818843738,5.217650514108914
-32.11823333333333,116.9347005050505,6060.0,6092.0,2.233288770053427,71.46524064170967,32.0,164,,100.31612852677891,141.91829090558895,283.8365818111779,29.150007537013263,5.755517054804541,21.918167713260004,7.116346860858581
