lat,lon,t_start,t_end,climb_rate_ms,alt_gain_m,duration_s,circle_id,seg_id,avg_speed_kmh,turn_radius_m,circle_diameter_m,bank_angle_deg,bank_std_deg,bank_range_deg,bank_masd_deg
-32.125837499999996,116.95450625000001,307.0,333.0,1.4321352204459896,37.23551573159573,26.0,0,,102.36386093064137,117.66238221893217,235.32476443786433,35.00960151128679,7.864014366597001,39.56481513098876,8.873244649582524
-32.12517291666667,116.9559140625,333.0,364.0,1.1973973607038388,37.119318181819004,31.0,2,,104.94515850830615,143.8274340652615,287.654868130523,31.060334564621513,6.276929026498817,23.99524194749224,7.534557432615569
-32.12447758620689,116.95688103448276,364.0,395.0,1.079522120589867,33.46518573828588,31.0,4,,102.76405649663559,140.83823179779026,281.6764635955805,30.531130419284736,8.847455912859617,48.174089458461836,10.48174177630415
-32.12349074074074,116.95812160493826,395.0,423.0,1.3077120917073657,36.61593856780624,28.0,6,,101.75151871852799,125.95533355347635,251.9106671069527,32.88403364959796,7.328930122188757,35.178628379299525,9.887645270409616
-32.12176111111111,116.9616722222222,458.0,490.0,1.1166666666666556,35.73333333333298,32.0,8,,101.07852603094406,142.99686274015613,285.99372548031226,29.334914234172413,2.3679561837516747,6.8484003448125605,1.9809179737177314
-32.1207537037037,116.96316851851854,490.0,522.0,1.3791666666666762,44.13333333333364,32.0,10,,102.9053805490588,145.58133320120254,291.1626664024051,29.775267565982276,2.0079079572187526,6.707882956406223,1.3242907240293675
-32.119033333333334,116.96785740740741,594.0,626.0,1.1333333333333266,36.26666666666645,32.0,12,,101.6390515331074,143.78984411258602,287.57968822517205,29.470434003795123,1.1773134596153663,2.9756263791923594,1.1495321740466287
-32.11847962962963,116.96887962962963,626.0,658.0,1.3416666666666506,42.93333333333282,32.0,14,,103.82698732363835,146.88514007908088,293.77028015816177,29.99595912760835,4.185925189860287,12.671412420831778,4.380478081819494
-32.12072777777778,116.96276296296294,1106.0,1138.0,1.2249999999999932,39.19999999999978,32.0,16,,102.82655456470424,145.46981724516598,290.93963449033197,29.75634623061051,5.955770208757807,16.680917845402874,4.528643897202136
-32.1212537037037,116.96462777777778,1138.0,1170.0,0.4083333333333364,13.066666666666764,32.0,18,,102.87105248833932,145.53276892964465,291.0655378592893,29.767028360305286,7.33068284727801,19.271963783958295,6.024522693418461
-32.28794791666667,116.93468958333334,1944.0,1972.0,1.4613095238095448,40.916666666667254,28.0,20,,103.94982406401563,128.6765537036073,257.3531074072146,33.444838719285286,4.438420074620335,12.15398695685624,4.5873264632433495
-32.28721875,116.9369375,1972.0,2000.0,2.1577380952381033,60.41666666666689,28.0,22,,100.46700275129811,124.36526748719221,248.73053497438443,32.553017813923184,2.3196423859341255,6.847974830605512,1.4663383393977778
-32.28690625,116.93880208333334,2000.0,2028.0,2.145833333333352,60.08333333333386,28.0,24,,101.88614993158225,126.12198973277003,252.24397946554006,32.91858549571214,2.448478429786239,5.795578004085378,2.678062513486264
-32.286458333333336,116.94056875,2028.0,2056.0,2.011904761904766,56.33333333333344,28.0,26,,101.07811116651936,125.12174134867291,250.24348269734583,32.71080501815987,3.349592356762749,9.570959732574213,2.1314287219251082
-32.285664814814815,116.94219629629629,2056.0,2088.0,1.5833333333333246,50.66666666666639,32.0,28,,99.45195072722787,140.69572940773273,281.39145881546546,28.939607979312328,4.5741278018408815,14.87971220582395,4.7342208146777205
-32.28479444444444,116.9445462962963,2088.0,2120.0,1.5999999999999877,51.199999999999605,32.0,30,,98.2965479975746,139.0611689127444,278.1223378254888,28.65696431686264,3.281130839141543,9.81665637118154,2.024749039507969
-32.33632592592593,116.97055925925926,2512.0,2544.0,1.524999999999984,48.799999999999486,32.0,32,,103.85239769780375,146.92108840489635,293.8421768097927,30.002030154214005,6.712733235828079,20.504495985882155,6.029889646405435
-32.33562962962963,116.97263888888887,2544.0,2576.0,1.0249999999999888,32.79999999999964,32.0,34,,102.69698582539453,145.2865149755542,290.5730299511084,29.725229109609266,3.643036975540892,10.396780979270634,3.3659726183623313
-32.33413148148148,116.97576296296296,2576.0,2608.0,1.6166666666666587,51.73333333333308,32.0,36,,103.7891702057758,146.83163980138033,293.66327960276067,29.98692251626443,7.320224193252813,22.440677072914298,5.030899171025049
-32.33309791666666,116.97802916666666,2608.0,2636.0,1.6755952380952426,46.91666666666679,28.0,38,,106.60025975516658,131.9574532493373,263.9149064986746,34.111470751047506,3.9842664678135193,9.993043384373184,3.2206595762470243
-32.33226481481481,116.98048888888889,2636.0,2668.0,1.683333333333311,53.86666666666595,32.0,40,,104.34887473787907,147.62345973875964,295.24691947751927,30.12049902725987,3.1299885658916033,9.47882079473597,2.4534009962916676
-32.3314962962963,116.98245925925926,2668.0,2700.0,1.562499999999962,49.999999999998785,32.0,42,,103.44474339476534,146.3443755391075,292.688751078215,29.90454408301578,2.5441276262599275,7.561686667123965,1.740791254394279
-32.33072962962963,116.98483703703704,2700.0,2732.0,1.4291666666666654,45.73333333333329,32.0,44,,101.99935083906571,144.2995633617935,288.599126723587,29.557353785512234,1.8832468582106392,4.930271292512625,1.4673022110231
-32.33023703703704,116.98704444444444,2732.0,2764.0,1.4333333333333251,45.866666666666404,32.0,46,,102.24108419195565,144.64154609977228,289.28309219954457,29.615586644090698,2.097159805709251,6.429285688038199,2.727508632105798
-32.34448958333333,116.99607291666666,2888.0,2916.0,1.3422619047619306,37.58333333333406,28.0,48,,102.34671501270412,126.69211024936165,253.3842204987233,33.03658142343836,2.8536342968305557,7.180831468740095,1.9746615377827001
-32.344183333333326,116.99783148148147,2916.0,2948.0,1.179166666666632,37.733333333332226,32.0,50,,103.97129949717149,147.0893000414465,294.178600082893,30.030428209138424,3.8398192266664384,10.968089907364774,2.5529781933748787
-32.42681481481481,117.00518333333333,3272.0,3304.0,1.541666666666647,49.3333333333327,32.0,52,,108.13901727171591,152.98541457683052,305.97082915366104,31.0155565773625,6.035755771221336,16.380006277129155,4.856201253392478
-32.42595714285714,117.00650238095238,3304.0,3328.0,2.705357142857166,64.92857142857198,24.0,54,,101.60951134642701,107.81103997290592,215.62207994581183,36.98840147558019,4.383766602134085,11.396467325097404,5.690539116446585
-32.425164583333334,117.008275,3328.0,3356.0,1.877976190476199,52.58333333333357,28.0,56,,102.3273784282296,126.66817403712672,253.33634807425344,33.03163376709013,3.5209775789738256,9.974530503715044,3.865554902468986
-32.66089814814815,117.06403518518518,4396.0,4428.0,1.9583333333333348,62.666666666666714,32.0,58,,107.46448642444166,152.03114863361574,304.0622972672315,30.857471451613442,5.074736101582176,15.858744376563543,5.194238542337449
-32.65952222222223,117.06662962962963,4428.0,4460.0,1.6583333333333203,53.06666666666625,32.0,60,,106.75047546262232,151.0210297536571,302.0420595073142,30.689563902045595,2.5248131422600038,7.011418470049989,2.8189872850781605
-32.65331458333334,117.05076666666666,5644.0,5672.0,1.5535714285714455,43.500000000000476,28.0,62,,107.51887341972702,133.09457918105497,266.18915836210994,34.3401013410218,3.4441720795587387,10.598769400947376,2.933790856784603
-32.65255370370371,117.0533037037037,5672.0,5704.0,1.6499999999999768,52.79999999999926,32.0,64,,108.20950158087625,153.08512947650416,306.17025895300833,31.0320453277515,3.16581117032565,9.98192577210581,2.6027698679012468
-32.65144259259259,117.0557111111111,5704.0,5736.0,1.212499999999998,38.79999999999993,32.0,66,,104.34497940008744,147.61794896307472,295.23589792614945,30.119570629131662,3.8179897866650814,12.01776662897559,4.127160719366677
-32.64908888888889,117.06165,5776.0,5808.0,0.7749999999999714,24.799999999999084,32.0,68,,108.6593581272697,153.7215463035332,307.4430926070664,31.137148088413916,10.98147561162631,33.71733298776665,8.34406617613337
-32.552049999999994,117.01955925925927,6188.0,6220.0,0.554166666666652,17.733333333332865,32.0,70,,105.7200946294765,149.56333906154777,299.12667812309553,30.446225236385228,6.586769090561933,19.903166894292923,5.870167109025273
-32.54614074074074,117.03104259259258,6296.0,6328.0,0.7124999999999949,22.799999999999837,32.0,72,,107.9868858652747,152.77019266274482,305.54038532548964,30.979948253772907,4.141567959751022,13.197889697138873,3.2275647830325154
-32.42838541666667,116.98281458333332,6830.0,6858.0,0.9940476190476369,27.833333333333833,28.0,74,,99.42559058671222,123.07613275771541,246.15226551543083,32.282843802995984,6.482836158081533,17.71249872819709,3.90540732047779
-32.42747708333333,116.98464375,6858.0,6886.0,1.0744047619047772,30.083333333333762,28.0,76,,102.12821720487912,126.42163797914982,252.84327595829964,32.980642001163545,4.154338194229762,12.014037258091918,3.5720282301484567
-32.426762499999995,116.9864,6886.0,6914.0,1.199404761904786,33.58333333333401,28.0,78,,101.81214706390652,126.0303836712645,252.060767342529,32.89959668622407,2.7632924722320036,8.707621119334505,2.490225906461633
-32.42604583333333,116.98876874999999,6914.0,6942.0,1.089285714285711,30.49999999999991,28.0,80,,104.79578115322235,129.72374011109193,259.44748022218386,33.65873987962238,3.578751398272561,9.739678072814371,2.837474304335476
-32.42534259259259,116.9911925925926,6942.0,6974.0,0.8958333333333283,28.666666666666504,32.0,82,,103.22084455138874,146.02762347087688,292.05524694175375,29.850919790123868,3.461963988938078,11.319246723510766,4.215211899392938
-32.424631250000004,116.99399791666666,6974.0,7002.0,0.9851190476190498,27.583333333333393,28.0,84,,105.150302130402,130.16259162402014,260.3251832480403,33.74806611720501,5.502059267040756,15.151109500706745,4.287481665478141
-32.42373333333333,116.99610833333332,7002.0,7030.0,1.0505952380952563,29.416666666667176,28.0,86,,102.72459342708119,127.15987527464038,254.31975054928077,33.13315776117162,3.045750481710078,7.426247821152046,2.2884667059768495
-32.42286481481481,116.99842777777778,7030.0,7062.0,0.8291666666666522,26.53333333333287,32.0,88,,100.63653693530786,142.37157607914975,284.7431521582995,29.22779860647189,3.1012000543343894,9.271759620844797,2.329747661981943
