lat,lon,t_start,t_end,climb_rate_ms,alt_gain_m,duration_s,circle_id,seg_id,avg_speed_kmh,turn_radius_m,circle_diameter_m,bank_angle_deg,bank_std_deg,bank_range_deg,bank_masd_deg
-32.137565942028985,116.96839710144928,181.0,203.0,2.8063241106719254,61.73913043478236,22.0,0,,103.84509465051653,101.00114523568325,202.0022904713665,40.023266895805776,8.410506277108055,38.28917655774876,7.853302395467887
-32.13801111111112,116.96908819444445,203.0,226.0,2.0491304347825756,47.12999999999924,23.0,2,,103.37949214871838,105.11867093482256,210.23734186964512,38.648542167763985,5.694564950548629,18.715392902161245,7.5374660955788775
-32.13830625,116.96988958333334,226.0,249.0,2.9026086956521486,66.75999999999942,23.0,4,,104.70184342191524,106.4632684508121,212.9265369016242,39.00423552704989,5.360544859082973,24.028222919748195,6.460473311952918
-32.138730864197534,116.97113456790123,249.0,275.0,2.8650793650793682,74.49206349206358,26.0,6,,97.47028530451627,112.0374501334912,224.0749002669824,33.702155782550626,5.93815723868343,24.954209665235386,7.083910156380995
-32.13898974358975,116.97231730769232,275.0,300.0,2.1736752136752493,54.341880341881236,25.0,8,,102.88435140391056,113.71217425511074,227.42434851022148,36.210830564333506,7.13148320937247,25.269030002752825,8.761526132824256
-32.13951025641026,116.97324294871797,300.0,325.0,2.1494017094017335,53.735042735043336,25.0,10,,105.22153478442904,116.29532903234505,232.5906580646901,36.826321586625205,6.723681550343985,35.14297554407478,7.450421192364311
-32.14020897435898,116.97389679487179,325.0,350.0,2.322051282051291,58.05128205128227,25.0,12,,106.00763859378318,117.16416449791507,234.32832899583013,37.03114516340766,6.751151099084988,24.83468814265261,5.0625595172015
-32.14138392857143,116.97507797619048,350.0,377.0,2.3144499178982025,62.490147783251466,27.0,14,,106.4500114198583,127.06534132244367,254.13068264488734,35.047342221103065,6.907377434264396,25.61522264022812,5.562385919049536
-32.14228933333333,116.97578800000001,377.0,401.0,3.0384615384615503,72.9230769230772,24.0,16,,104.56633063243451,110.94832267422287,221.89664534844573,37.78125998250992,5.940360747066728,21.103957944116676,7.655280140829271
-32.142572916666666,116.97684236111111,401.0,424.0,2.9113043478260856,66.95999999999997,23.0,18,,109.06644620522398,110.90129802712134,221.80259605424268,40.15326220943437,7.102030768207195,29.384191193626755,9.747337342689809
-32.142878,116.97804333333332,424.0,448.0,3.2469230769231214,77.92615384615492,24.0,20,,108.06696256379276,114.66260851302948,229.32521702605897,38.698432211341434,4.838236815854977,23.27977935705956,5.2521154458242645
-32.143197916666665,116.97901875000001,448.0,471.0,2.985652173913059,68.67000000000036,23.0,22,,109.10622937634413,110.94175048037684,221.88350096075368,40.163561083265556,4.0386973272207785,14.76710141306415,5.252975941870706
-32.143640000000005,116.97991466666666,471.0,495.0,3.806923076923067,91.36615384615361,24.0,24,,105.85261557525175,112.31311338671645,224.6262267734329,38.12096047534819,4.304048862817153,14.516976845870484,6.041076889694296
-32.14426538461538,116.98055,495.0,520.0,2.865299145299181,71.63247863247952,25.0,26,,103.22383933681255,114.08739080123158,228.17478160246316,36.30084233208642,6.032901003680647,21.557677141042404,8.315811377720548
-32.144355128205135,116.98145320512822,520.0,545.0,2.2071794871795065,55.179487179487666,25.0,28,,103.61662438591097,114.5215135938469,229.0430271876938,36.40472666156909,4.392792922613699,23.855834000070786,4.397445946230801
-32.144781547619054,116.98275654761905,545.0,572.0,2.916803503010441,78.7536945812819,27.0,30,,102.74837016981772,122.64683255371752,245.29366510743503,34.09989086960766,4.510300156656008,17.288869812186725,6.135021126451784
-32.14515459770115,116.9834028735632,572.0,600.0,1.2453201970443384,34.86896551724148,28.0,32,,105.64587661241968,130.7760492900015,261.552098580003,33.872621446724345,7.714699589969529,31.890803760617665,9.416352560260634
-32.14489487179487,116.98413589743592,600.0,625.0,2.709743589743658,67.74358974359144,25.0,34,,109.09859487066448,120.58042123643298,241.16084247286597,37.825891238220855,6.654136043364621,25.68362813338595,8.693777547811173
-32.144935802469135,116.98518950617283,625.0,651.0,2.99877899877906,77.96825396825557,26.0,36,,112.16056187014814,128.92322330043314,257.8464466008663,37.5060350972262,5.180360539706326,20.776475154292527,6.483127497680604
-32.145287037037036,116.98631543209876,651.0,677.0,2.448717948717955,63.666666666666835,26.0,38,,111.91361561000112,128.63937033724093,257.27874067448187,37.445056471647284,6.161113625357023,24.24547563473938,8.54954289304303
-32.145637820512825,116.98704358974359,677.0,702.0,3.3589743589743986,83.97435897435996,25.0,40,,110.91707508623306,122.59028314770072,245.18056629540143,38.28561424238912,5.627019553964035,22.54675453896976,7.394223987845784
-32.14590333333334,116.98781333333335,702.0,726.0,2.9346153846154266,70.43076923077024,24.0,42,,109.7210270897067,116.41762548297719,232.83525096595437,39.12379641089582,6.2197811080003165,28.122204322689562,6.039737597992368
-32.14637413793103,116.98833333333333,726.0,754.0,0.9970443349753022,27.91724137930846,28.0,44,,107.85010123642097,133.50459674796014,267.0091934959203,34.422235227614074,7.976600230512304,36.87902756295341,8.349186270617444
-32.145968888888895,116.98871944444446,754.0,783.0,2.5619577308119825,74.29677419354749,29.0,46,,113.75138715509728,145.83854748042117,291.67709496084234,34.909569935523685,9.052758844471624,39.8781111173022,10.131679326705722
-32.14574107142857,116.98979226190477,783.0,810.0,2.0284619594964384,54.76847290640384,27.0,48,,112.81888453778755,134.66762361227015,269.3352472245403,36.627355186868186,5.925741544947693,22.877422635359984,7.7137606514591255
-32.14594838709677,116.99050430107528,810.0,840.0,1.9923387096773963,59.77016129032189,30.0,50,,103.87877730414127,137.7735074191356,275.5470148382712,31.63502657408844,7.651266059411543,30.283516016525592,8.834401187597628
-32.14640632183908,116.9908143678161,840.0,868.0,1.4113300492610683,39.517241379309915,28.0,52,,103.05842477070587,127.57311567406055,255.1462313481211,33.21830035017179,7.966823819570656,31.50559491997302,8.769487083549276
-32.146543333333334,116.99074166666666,868.0,897.0,1.1650723025583547,33.787096774192285,29.0,54,,104.73314473155838,134.27642583277944,268.5528516655589,32.72202724231965,5.857355032333818,26.24526837269318,6.251775403284907
-31.834391025641022,116.99237179487179,1905.0,1930.0,3.372649572649576,84.3162393162394,25.0,56,,114.17020440770023,126.18578045345546,252.37156090691093,39.09371428741547,10.582959628066295,42.73837469126899,9.273427142599948
-31.83459285714286,116.99480535714285,1930.0,1957.0,3.2876299945266187,88.7660098522187,27.0,58,,110.33194281078963,131.69905559452104,263.3981111890421,36.01787024941002,6.617349851006921,28.362484860616316,6.065625721190086
-31.83485256410257,116.99626666666667,1957.0,1982.0,3.1692307692307704,79.23076923076925,25.0,60,,109.31718508438514,120.82201646577435,241.6440329315487,37.88145791528972,5.23510807298753,18.77511750301726,6.416459810644017
-31.83535555555556,116.99845611111112,1982.0,2011.0,2.92725250278088,84.89032258064552,29.0,62,,102.61668546691048,131.562952593663,263.125905187326,32.19235459349211,8.127565164279376,28.766904186818287,11.306216103669385
-31.835503888888887,116.99995722222222,2011.0,2040.0,2.273192436039996,65.92258064515988,29.0,64,,102.16768489799148,130.98729727704037,261.97459455408074,32.07918466943147,6.228785027826297,21.870243251516087,6.622293503142946
-31.826619191919193,117.00476717171718,2093.0,2125.0,2.6911764705881684,86.11764705882139,32.0,66,,119.17472726288557,168.59775053792623,337.19550107585246,33.527915361741236,9.441010762076614,40.42844220990447,6.830830588604887
-31.75167444444444,117.00816055555556,2363.0,2392.0,3.7844271412681043,109.74838709677502,29.0,68,,117.97018578059038,151.24739109140424,302.4947821828085,35.89476656780251,14.230814265127187,54.42950367758398,9.067540097219284
-31.750799999999998,117.0102398989899,2392.0,2424.0,2.980949197860914,95.39037433154925,32.0,70,,120.31424598257712,170.20983975556763,340.41967951113526,33.779432492048954,7.0164953717612075,24.563955529120637,8.659694547786003
-31.751158888888884,117.01187944444443,2424.0,2453.0,3.6638487208009005,106.25161290322612,29.0,72,,114.2027855366915,146.4172769882816,292.8345539765632,35.0161352249681,5.722961796836381,23.67338169798763,6.920476698056784
-31.489845512820516,117.01301217948718,3204.0,3229.0,2.6608547008547334,66.52136752136833,25.0,74,,110.11070132209262,121.69904446337733,243.39808892675467,38.082470560209195,6.389443911476783,27.521106053461835,4.707454611316256
-31.48964226190476,117.01547083333332,3229.0,3256.0,2.7523262178434638,74.31280788177352,27.0,76,,111.17065754739629,132.7001975658333,265.4003951316666,36.22448338701921,10.67597229077019,43.70886786073132,11.278581929311573
-31.489856321839078,117.01773333333334,3256.0,3284.0,3.436453201970437,96.22068965517224,28.0,78,,116.89436525767164,144.7002359471508,289.4004718943016,36.60319741111528,7.3669199502008995,32.91123073468937,6.957418399873082
-31.490375287356326,117.02009137931034,3284.0,3312.0,3.382266009852206,94.70344827586177,28.0,80,,115.46554089357454,142.9315345888249,285.8630691776498,36.266502992092846,7.957829584031318,37.24579217268305,7.1232296736974865
-31.491076785714288,117.02256309523808,3312.0,3339.0,2.9425287356321865,79.44827586206904,27.0,82,,112.2594857547676,133.99989050119103,267.99978100238206,36.49109135854338,8.311679654048891,30.811343136338696,7.245225042250521
-31.49225574712644,117.02500517241378,3339.0,3367.0,2.9423645320196843,82.38620689655116,28.0,84,,117.31511230463941,145.22106684294374,290.4421336858875,36.70178808291416,8.612709902997299,30.09830773526097,9.977879310680374
-31.49347884615385,117.02763076923078,3367.0,3392.0,4.087179487179525,102.17948717948812,25.0,86,,114.06712139165143,126.0718487065597,252.1436974131194,39.06838710717085,5.4275855434349785,20.25763057932734,7.194913785322147
-31.494222619047623,117.02979940476189,3392.0,3419.0,4.355774493705568,117.60591133005035,27.0,88,,115.45102548727822,137.80951043496543,275.61902086993086,37.26209020959132,8.83425147968471,36.54222176684286,11.153040868896726
-31.495125287356316,117.03234425287356,3419.0,3447.0,4.051231527093578,113.43448275862019,28.0,90,,116.5303700772732,144.24965658542382,288.49931317084764,36.51770117793389,8.425139715199029,29.772325907272663,9.110810559089387
-31.49543166666667,117.03529944444445,3447.0,3476.0,5.455172413793077,158.19999999999925,29.0,92,,119.9464692343857,153.78114751863902,307.56229503727803,36.348030898038644,5.737695370870285,22.624171076520707,6.457458383916838
-31.495776344086025,117.0378806451613,3476.0,3506.0,4.864919354838723,145.9475806451617,30.0,94,,117.93402058175737,156.41485278573342,312.82970557146683,34.96897764161566,5.203447801601738,23.101360185751634,6.078449115763255
-31.496318817204298,117.04017311827955,3506.0,3536.0,4.46532258064513,133.95967741935388,30.0,96,,115.5676880254771,153.2764067579727,306.5528135159454,34.42547391880813,5.397123967494446,20.43862994408153,5.699066301148154
-31.496850000000006,117.0425888888889,3536.0,3565.0,3.825139043381547,110.92903225806486,29.0,98,,116.73334889874369,149.6616654239643,299.3233308479286,35.6084266348902,4.641369235602616,19.790234881345917,5.80344051933159
-31.323256111111107,117.04203388888888,4116.0,4145.0,3.746829810900973,108.65806451612822,29.0,100,,114.19239172781074,146.4039512783464,292.8079025566928,35.01368459100364,6.025771943933068,24.828540586553164,7.640031660548502
-31.32330172413793,117.0434724137931,4145.0,4173.0,3.763054187192116,105.36551724137925,28.0,102,,109.64297309350475,135.7239422242897,271.4478844485794,34.86401840579814,5.642067546378528,23.121185751417787,7.667228129084634
-31.322994230769233,117.04480512820513,4173.0,4198.0,3.2256410256410573,80.64102564102643,25.0,104,,109.8634791548258,121.42580397752727,242.85160795505453,38.01996259140488,7.352774605676692,30.640618140068174,9.520165972502728
-31.323397395833332,117.0452078125,4198.0,4229.0,3.06561583577714,95.03409090909135,31.0,106,,107.0609007978279,146.72706077477943,293.45412154955886,31.56811643914327,8.244294506137832,29.92146951333396,9.068593889419162
-31.19989935897436,117.14384551282052,4887.0,4912.0,3.5538461538462114,88.84615384615529,25.0,108,,111.58388110657563,123.32726560756846,246.65453121513693,38.45274338204389,6.034584429092851,27.757308490953783,6.234019173785662
-31.20053908045977,117.14460459770116,4912.0,4940.0,3.350738916256135,93.82068965517179,28.0,110,,109.77020997596027,135.88144517040612,271.76289034081225,34.89519223297184,6.097679996488921,21.448944901903232,7.159023846439716
-31.344783908045976,117.40191551724139,6064.0,6092.0,1.626600985221669,45.54482758620673,28.0,112,,101.53847058613594,125.69160728269098,251.38321456538196,32.829301734079486,8.184450097265659,27.56465265570559,7.422605709745044
-31.345692777777778,117.4032688888889,6092.0,6121.0,2.230033370411555,64.67096774193509,29.0,114,,103.57090145650625,132.7863352475861,265.5726704951722,32.43193120117439,7.403141642383488,27.684725744351244,10.453462433052351
-31.346867999999994,117.40409,6121.0,6145.0,3.25384615384615,78.0923076923076,24.0,116,,109.63226904883068,116.32345027668005,232.6469005533601,39.101100405371724,7.90741163480717,33.129340856743994,8.568917168209833
-31.347789743589747,117.40511666666666,6145.0,6170.0,4.084786324786373,102.11965811965933,25.0,118,,107.96787304874518,119.33069924184734,238.66139848369468,37.53711648096991,6.242544929753808,24.713321057957895,8.033631955365445
-31.348263793103445,117.40648505747129,6170.0,6198.0,4.464039408866979,124.9931034482754,28.0,120,,106.63528566679896,132.00081083690193,264.00162167380387,34.120210998583836,7.156567455046438,24.698405136677582,7.0190229720633015
-31.349094827586207,117.40803333333332,6198.0,6226.0,4.951231527093607,138.634482758621,28.0,122,,104.05840838955545,128.81096717590037,257.62193435180075,33.47235364725795,6.8618481034606935,22.081091724708408,8.460919737001884
-31.34963,117.40974666666665,6226.0,6255.0,4.459399332591795,129.32258064516208,29.0,124,,107.95817288593243,138.41117472138933,276.82234944277866,33.517184893234024,6.08903559741471,21.514936996494946,8.193290840809759
-31.350042222222225,117.41148944444446,6255.0,6284.0,4.754393770856544,137.8774193548398,29.0,126,,107.85314842692755,138.27652480692012,276.55304961384024,33.49151683886002,7.037506459326504,26.30945900206399,9.192308177014857
-31.35022023809524,117.41315535714286,6284.0,6311.0,4.68062397372741,126.37684729064006,27.0,128,,108.2536020501389,129.21821905336904,258.4364381067381,35.50118184849037,7.305769176544746,26.711137372170093,8.698477527517742
-31.350089583333332,117.4147375,6311.0,6342.0,3.4629765395894805,107.3522727272739,31.0,130,,107.05595397984462,146.7202811562869,293.4405623125738,31.56693557846021,7.9578827603251145,35.077764769304665,9.198042677953291
-31.349743333333336,117.41600133333333,6342.0,6366.0,3.4676923076923365,83.22461538461607,24.0,132,,111.66571818529277,118.48100682063931,236.96201364127862,39.617410664116,5.439478191298756,20.871404334269634,7.268937636886083
-31.349800617283954,117.41696913580246,6366.0,6392.0,4.167887667887755,108.36507936508164,26.0,134,,107.22121335137538,123.24567745520419,246.49135491040838,36.26732140330395,8.192739725108924,30.643963633127683,11.761398614092938
-31.349431547619048,117.41806249999999,6392.0,6419.0,4.6012588943623705,124.233990147784,27.0,136,,107.00225666131261,127.7245355222669,255.4490710445338,35.1868447460052,6.726572614081384,34.998167141536456,7.469412339844154
-31.475887356321838,117.33801149425288,6880.0,6908.0,2.610837438423645,73.10344827586206,28.0,138,,117.73571213921547,145.7417155086714,291.4834310173428,36.80009211915619,9.646980052868026,33.16496945716372,8.738435137140973
-31.507896794871797,117.3144564102564,7045.0,7070.0,4.114871794871836,102.8717948717959,25.0,140,,112.21522752262419,124.02505660005097,248.05011320010195,38.61027454568468,10.241966170648958,36.706408944253404,7.87316892980905
-31.508280952380947,117.31512777777776,7070.0,7090.0,3.832467532467496,76.64935064934993,20.0,142,,120.37810371179039,106.43761247644596,212.87522495289193,46.95931357062418,5.166634397847468,16.764041452777278,6.2731064145299875
-31.508619047619042,117.31620158730162,7090.0,7110.0,5.837662337662311,116.75324675324623,20.0,144,,123.5652922727597,109.2557058878027,218.5114117756054,47.70544039964795,5.22918631040613,18.95840195542528,7.029116728320594
-31.508993333333333,117.31687,7110.0,7134.0,4.986153846153866,119.66769230769279,24.0,146,,120.53406622162534,127.89061633425018,255.78123266850037,41.781598681680144,7.74091237651661,33.873370296375796,7.930178992470792
-31.50889236111111,117.317925,7134.0,7157.0,3.6930434782608472,84.93999999999949,23.0,148,,118.42455845732127,120.41684411806372,240.83368823612744,42.491446661063,4.61951300420658,21.17981835623144,5.3700967224446465
-31.509096666666665,117.31926799999998,7157.0,7181.0,4.91769230769231,118.02461538461543,24.0,150,,120.26008402581427,127.59991219570014,255.19982439140028,41.716825227931125,4.002899506321465,14.851810416657756,4.289115244440379
-31.508894444444447,117.32032708333334,7181.0,7204.0,4.105652173913014,94.42999999999932,23.0,152,,123.26748697681002,125.34124642281344,250.68249284562688,43.63697286647286,5.182304706909443,24.081409528648976,5.485635639960152
-31.508975925925924,117.32157530864198,7204.0,7230.0,4.302808302808334,111.87301587301667,26.0,154,,120.67186254282439,138.7065580029728,277.4131160059456,39.54770151645439,5.497344341314541,22.174746733966984,5.665037712404344
-31.50902023809524,117.32360059523809,7230.0,7257.0,2.449917898193807,66.1477832512328,27.0,156,,120.68374154984541,144.05560513861988,288.11121027723976,38.49281218807585,7.406830182425441,33.855894315062116,7.297508821410284
