lat,lon,t_start,t_end,climb_rate_ms,alt_gain_m,duration_s,circle_id,seg_id,avg_speed_kmh,turn_radius_m,circle_diameter_m,bank_angle_deg
-31.61038703703704,117.23256481481482,511.0,548.0,2.1162526242127444,78.30134709587155,37.0,0,,112.2161623997497,183.5586130018758,367.1172260037516,28.350753788955707
-31.61025,117.2309648148148,548.0,586.0,2.439419507256156,92.69794127573394,38.0,1,,119.18024496265357,200.21909832748682,400.43819665497364,29.161227462963303
-31.61001166666667,117.22916000000002,586.0,624.0,2.268226517463558,86.1926076636152,38.0,2,,122.24017737801321,205.3596894492649,410.7193788985298,29.783358594881534
-31.610242424242426,117.22772878787879,624.0,670.0,2.085048795364439,95.9122445867642,46.0,3,,122.59604290224213,249.31701295675103,498.63402591350206,25.368542382234942
-31.60969166666667,117.2275,670.0,712.0,2.071667856554433,87.01004997528618,42.0,4,,123.24004218698822,228.83305551065038,457.66611102130076,27.566745711110684
-31.609113888888885,117.22653055555554,712.0,764.0,1.1474458305975126,59.667183191070656,52.0,5,,120.94277534873602,278.03591873783506,556.0718374756701,22.47951358036611
-31.609825757575756,117.22601212121212,764.0,811.0,1.2148498621563149,57.0979435213468,47.0,6,,121.9167007718849,253.3253727625405,506.650745525081,24.773424159591737
-31.609730769230772,117.22422179487178,811.0,867.0,0.7505533765679172,42.03098908780336,56.0,7,,125.87326648902149,311.6299287865741,623.2598575731482,21.796580625701502
-31.611144444444445,117.21987916666666,867.0,919.0,2.263057779186802,117.67900451771371,52.0,8,,125.58738651222458,288.7134373270762,577.4268746541524,23.252511760392164
-31.611923076923077,117.21801666666667,919.0,975.0,1.0525337052533832,58.94188749418946,56.0,9,,128.03757214381753,316.98819457159124,633.9763891431825,22.135424354091754
-31.614770512820506,117.2135141025641,975.0,1031.0,2.181945242197994,122.18893356308766,56.0,10,,124.63870773111783,308.5734778932312,617.1469557864624,21.602576023741445
-31.615661538461538,117.21093076923079,1031.0,1083.0,1.6691627945569252,86.79646531696011,52.0,11,,123.06163392631491,282.9069727515533,565.8139455031067,22.83324403958566
-31.589813333333332,117.30602833333333,1790.0,1833.0,2.1853177184992365,93.96866189546716,43.0,12,,114.02157874215624,216.7570024072515,433.514004814503,25.25636111701584
-31.589741666666665,117.30594444444445,1833.0,1879.0,2.1663701963416613,99.65302903171641,46.0,13,,115.22742861685332,234.33185634179813,468.66371268359626,24.020755450114475
-31.589813333333332,117.30590333333335,1879.0,1922.0,2.8466505246165967,122.40597255851365,43.0,14,,117.65445632794567,223.6631658220637,447.3263316441274,25.956700445617102
-31.59009696969697,117.30459696969697,1922.0,1968.0,1.374394673123467,63.222154963679486,46.0,15,,120.85414551668985,245.77460944386306,491.5492188877261,25.05256956051775
-31.589773333333333,117.30329333333334,1968.0,2011.0,2.881804380828444,123.9175883756231,43.0,16,,119.60449787812156,227.37022869251877,454.74045738503753,26.329232554240566
-31.59123181818182,117.30185606060606,2011.0,2058.0,1.1044681956505813,51.91000519557732,47.0,17,,122.2227327856449,253.96126328018235,507.9225265603647,24.828119879203804
-31.592655952380955,117.30094166666666,2058.0,2114.0,-0.0866459026201303,-4.852170546727297,56.0,18,,122.29873320224722,302.78030102467073,605.5606020493415,21.2334315903568
-31.58301282051282,117.29781666666666,2193.0,2250.0,-0.04742894254276655,-2.7034497249376934,57.0,19,,122.9017263659454,309.70660670640575,619.4132134128115,20.987382242219443
-31.61751666666667,117.30168750000001,2452.0,2503.0,2.320523412307114,118.3466940276628,51.0,20,,129.30213357551975,291.53687757069366,583.0737551413873,24.27870403154289
-31.58978636363636,117.27075757575757,3000.0,3046.0,1.1745611380145298,54.02981234866837,46.0,21,,123.15729645106578,250.45840426915797,500.91680853831593,25.4700015370374
-31.589037179487182,117.26804615384616,3046.0,3098.0,0.6797546012270013,35.34723926380406,52.0,22,,132.33409602919335,304.2234797715198,608.4469595430396,24.359547999494282
-31.589366666666663,117.26565757575759,3098.0,3145.0,1.1285436457476399,53.04155135013907,47.0,23,,128.85159969300403,267.73509549240765,535.4701909848153,26.000963854949894
-31.58936794871795,117.26368076923077,3145.0,3201.0,0.8450698832088955,47.32391345969815,56.0,24,,127.2583579536345,315.0590600590027,630.1181201180054,22.013616860579752
-31.589975641025642,117.26209230769231,3201.0,3253.0,0.8168440826549733,42.47589229805861,52.0,25,,124.31344206673633,285.78476041106404,571.5695208221281,23.04136684582949
-31.589682051282047,117.25969358974359,3253.0,3304.0,0.43500784183262153,22.1853999334637,51.0,26,,123.10264865050854,277.55892973947135,555.1178594789427,23.24076820839176
-31.561153030303025,117.23432575757577,3848.0,3895.0,0.41105604269920243,19.319634006862515,47.0,27,,122.27422790254485,254.06826272817872,508.13652545635745,24.83731862518653
-31.563291666666668,117.23260833333333,3895.0,3937.0,1.408836689038034,59.17114093959743,42.0,28,,119.69851487106139,222.25712042902856,444.5142408580571,26.887130005458804
-31.56433148148148,117.22984444444445,3937.0,3973.0,3.2969031328772043,118.68851278357936,36.0,29,,117.60966792721412,187.1816000601247,374.3632001202494,30.166488419350166
-31.56467272727273,117.2280303030303,3973.0,4017.0,2.5924103704971384,114.06605630187408,44.0,30,,113.85637122316169,221.47649678821344,442.9529935764269,24.720225854676716
-31.565190909090912,117.22675,4017.0,4064.0,1.8999480442366379,89.29755807912198,47.0,31,,119.18725816986225,247.65398352535078,495.30796705070156,24.283473955440883
-31.56564545454545,117.2241803030303,4064.0,4111.0,1.1836200448765688,55.63014210919874,47.0,32,,115.99800554992629,241.0271751909384,482.0543503818768,23.706160740755653
-31.645551388888894,117.20816111111111,4767.0,4819.0,2.255460791915072,117.28396117958374,52.0,33,,120.87429435633663,277.8784874602499,555.7569749204998,22.468050722458067
-31.650205,117.26692166666666,5349.0,5391.0,2.1321209465381252,89.54907975460127,42.0,34,,124.70601271426946,231.55508082882852,463.11016165765704,27.845633107740706
-31.648666666666667,117.26089166666665,5452.0,5494.0,3.12416107382551,131.21476510067143,42.0,35,,120.03442772303195,222.88084598881935,445.7616919776387,26.951947230745017
-31.64677272727273,117.26091060606063,5494.0,5538.0,1.8295281582952745,80.49923896499207,44.0,36,,119.98029092398416,233.38891123968133,466.77782247936267,25.879801584905877
-31.646182051282054,117.26115128205129,5538.0,5593.0,0.6621294014784638,36.41711708131551,55.0,37,,125.03187987246525,304.0192485882277,608.0384971764554,22.020943116198083
-31.64706111111111,117.26080416666669,5593.0,5644.0,1.6783284481135934,85.59475085379326,51.0,38,,118.84040889032262,267.94887894772233,535.8977578954447,22.517637077371973
-31.6482,117.2602606060606,5714.0,5761.0,0.17615435599085172,8.279254731570031,47.0,39,,120.30592671303683,249.9784158951839,499.9568317903678,24.484743548330925
-31.65038235294118,117.25192745098039,5915.0,5975.0,0.21243969382363195,12.746381629417916,60.0,40,,129.62771021399917,343.84818070402895,687.6963614080579,21.025504234452292
-31.640256944444445,117.24092222222221,6488.0,6532.0,0.9958434026099243,43.81710971483667,44.0,41,,121.773229618078,236.87658414421844,473.7531682884369,26.21508405431422
-31.639472043010755,117.24031935483872,6532.0,6586.0,0.5361377448788368,28.95143822345719,54.0,42,,128.04633253175885,305.68810150826977,611.3762030165395,22.873568532941245
-31.638232183908045,117.23555689655173,6666.0,6718.0,0.9792404868279316,50.920505315052445,52.0,43,,117.48094720088774,270.07750562201136,540.1550112440227,21.897680166373693
-31.639822988505745,117.23395977011494,6718.0,6761.0,2.2808729116837956,98.07753520240321,43.0,44,,122.49776073801634,232.870371661993,465.740743323986,26.877564685174864
-31.64041071428571,117.23221309523811,6761.0,6807.0,2.5343414521528667,116.57970679903187,46.0,45,,121.98999117948237,248.08451799493366,496.1690359898673,25.258793317279917
-31.64031,117.23011166666667,6807.0,6849.0,2.349165806206163,98.66496386065884,42.0,46,,120.18030364595255,223.1517095212799,446.3034190425598,26.980072029914947
-31.641671666666667,117.228665,6849.0,6891.0,1.670581655480951,70.16442953019994,42.0,47,,120.72643872695669,224.16577732821975,448.3315546564395,27.085241793805437
-31.413756060606065,117.46187575757577,7627.0,7674.0,2.685688743201966,126.2273709304924,47.0,48,,124.52222118835189,258.73926951797273,517.4785390359455,25.237550608196763
-31.33294074074074,117.46768888888889,7954.0,7988.0,3.0952777199916603,105.23944247971644,34.0,49,,120.40790489032422,180.9887362559868,361.9774725119736,32.213539417859735
-31.333021666666667,117.46651333333334,7988.0,8030.0,2.356252402657979,98.96260091163512,42.0,50,,121.62630391311457,225.8366539073087,451.6733078146174,27.25809975369159
-31.334728333333334,117.46661333333334,8030.0,8072.0,1.3399922312857644,56.2796737140021,42.0,51,,120.98684134772121,224.6492949115886,449.2985898231772,27.13531840256767
-31.272286363636365,117.42102575757576,8269.0,8316.0,1.1777258220144,55.3531136346768,47.0,52,,121.49064560904843,252.4400914002692,504.8801828005384,24.697196930354608
-31.273590000000002,117.41651166666665,8316.0,8358.0,2.5034681760169133,105.14566339271036,42.0,53,,124.32327222860877,230.8444053596618,461.6888107193236,27.772957800425193
-31.273343055555557,117.41600833333331,8358.0,8410.0,1.4011329067449565,72.85891115073774,52.0,54,,113.77876720310687,261.5665465006603,523.1330930013206,21.270153173086353
-31.103622916666666,117.24914583333333,9085.0,9118.0,4.61855670103087,152.4123711340187,33.0,55,,116.48914125817181,169.9483742712075,339.896748542415,32.130022418199786
-31.103392592592588,117.24837407407406,9118.0,9156.0,3.9927644710578685,151.725049900199,38.0,56,,119.63531685170062,200.98360492275128,401.96720984550257,29.25423382706431
-31.102744444444447,117.24813518518519,9156.0,9193.0,3.973189655172446,147.00801724138051,37.0,57,,115.63186107702357,189.14587332360404,378.2917466472081,29.074583833805185
-31.10438939393939,117.2476212121212,9193.0,9236.0,3.457699576995741,148.68108181081686,43.0,58,,124.63016445170152,236.92410817397135,473.8482163479427,27.278327562839166
-31.10555833333334,117.24559166666668,9236.0,9277.0,3.3852923042430283,138.79698447396416,41.0,59,,123.6356118594411,224.10165820957258,448.20331641914515,28.213467900562108
-30.77344393939394,117.0430075757576,10168.0,10215.0,2.503027092477666,117.6422733464503,47.0,60,,125.11998339093105,259.9813334176107,519.9626668352214,25.343535827883354
-30.772954166666665,117.04011666666668,10215.0,10248.0,3.721250662427075,122.80127186009348,33.0,61,,120.39612757808246,175.64835597076427,351.29671194152854,32.98732085766322
-30.773290740740745,117.03847407407407,10248.0,10284.0,3.5252401746725357,126.90864628821129,36.0,62,,118.56511942130453,188.702248341815,377.40449668363,30.36829926299221
-30.77324333333333,117.03744999999999,10284.0,10323.0,3.398423365210662,132.53851124321582,39.0,63,,120.78563544335236,208.25600179913926,416.5120035982785,28.855179281419964
-30.773362962962963,117.03658888888887,10323.0,10361.0,3.397205588822322,129.09381237524823,38.0,64,,117.98962974890208,198.21890186349216,396.4378037269843,28.917094323977018
-30.772873333333337,117.036755,10361.0,10402.0,2.873747494989948,117.82364729458787,41.0,65,,119.34121098692384,216.31763593578088,432.63527187156177,27.377970682785318
-30.615159999999996,116.943205,10829.0,10871.0,3.158383217090408,132.65209511779713,42.0,66,,119.40773327760489,221.71719493617658,443.43438987235317,26.83096112299071
-30.615346296296302,116.94211111111112,10871.0,10909.0,2.5131447587354314,95.49950083194639,38.0,67,,120.30010655108421,202.10043090536018,404.20086181072037,29.38979829423753
-30.615850000000002,116.94362666666669,10909.0,10951.0,2.6155041340658136,109.85117363076417,42.0,68,,117.1410263477313,217.50835612449282,435.01671224898564,26.39120280145373
-30.407091025641023,116.81719871794873,11475.0,11532.0,2.3843068342438154,135.9054895518975,57.0,69,,135.118314640673,340.49183822406104,680.9836764481221,22.867237023507556
-30.404347916666666,116.81285,11532.0,11563.0,5.116994894237766,158.62684172137074,31.0,70,,120.14969530842599,164.66526541637617,329.33053083275234,34.588425399579975
-30.403994444444443,116.8112888888889,11563.0,11597.0,5.058793663688048,171.99898456539364,34.0,71,,122.19185683885341,183.6702479806514,367.3404959613028,32.59479298060464
-30.403616666666668,116.80985625,11597.0,11630.0,4.774774774774759,157.56756756756704,33.0,72,,118.01394893540501,172.1729471629221,344.3458943258442,32.46655590984135
-30.401885,116.80944333333332,11630.0,11672.0,2.85619907509362,119.96036115393204,42.0,73,,120.37282858251719,223.50919130004493,447.01838260008986,27.01716922609082
-30.40139259259259,116.8094148148148,11672.0,11710.0,1.873099801718457,71.17779246530137,38.0,74,,120.86331317354339,203.04660048368402,406.09320096736803,29.504365891140875
-30.40053611111111,116.80812638888888,11710.0,11761.0,0.5131070047271276,26.168457241083505,51.0,75,,123.05527379219096,277.4521138820115,554.904227764023,23.232773022965667
-30.254291666666667,116.67638666666667,12380.0,12422.0,2.8859553023663955,121.2101226993886,42.0,76,,118.69811287196652,220.39956632462065,440.7991326492413,26.693653135368915
-30.253755555555554,116.67405555555557,12422.0,12460.0,3.5731523378582333,135.77978883861286,38.0,77,,116.23400076898487,195.26949987605056,390.5389997521011,28.554999830286704
-30.253813333333333,116.67313833333333,12460.0,12502.0,3.167745415318216,133.04530744336506,42.0,78,,118.76421598336266,220.52230708883258,441.04461417766515,26.706457771943068
-30.517871212121214,116.67711060606061,13210.0,13252.0,1.818974706851478,76.39693768776208,42.0,79,,118.34750386154411,219.7485528251057,439.4971056502114,26.625689596769945
-30.51845555555556,116.67385185185185,13252.0,13289.0,1.8987935656836465,70.25536193029492,37.0,80,,115.93094845438353,189.63510823398164,379.2702164679633,29.137487043419824
-30.519448611111113,116.67449861111112,13289.0,13336.0,2.025118483412351,95.18056872038049,47.0,81,,118.12220132018899,245.44094854533108,490.88189709066216,24.091255360525523
-30.517525000000003,116.67291666666667,13336.0,13388.0,1.3426751592356885,69.8191082802558,52.0,82,,122.13892206011307,280.7857460746395,561.571492149279,22.679427078910432
-30.553984848484845,116.68221363636366,13533.0,13580.0,2.6553001080079937,124.7991050763757,47.0,83,,120.04248622009878,249.4310244332123,498.8620488664246,24.437403343619344
-30.554540740740737,116.6807574074074,13580.0,13618.0,2.7008319467553856,102.63161397670466,38.0,84,,116.93134040847892,196.44100874391088,392.88201748782177,28.699124955868292
-30.55427407407407,116.68145740740741,13618.0,13652.0,3.973903330625556,135.1127132412689,34.0,85,,121.59749703678821,182.7768479206211,365.5536958412422,32.46812831803286
-30.553761111111108,116.68155925925927,13652.0,13688.0,4.145731375747656,149.24632952691562,36.0,86,,123.87016038378,197.14548326664456,394.2909665332891,31.473748267422646
-30.55264166666667,116.68158833333334,13688.0,13725.0,3.8559215859680256,142.66909868081694,37.0,87,,122.93503934514561,201.09211390725912,402.18422781451824,30.588568095912855
-30.551306060606056,116.68117272727274,13725.0,13772.0,3.2698755681394425,153.6841517025538,47.0,88,,120.14549057892164,249.64505267897158,499.29010535794316,24.455917443450787
-30.626513888888883,116.68976944444444,13985.0,14035.0,3.1726778381977554,158.63389190988778,50.0,89,,120.76841683669124,266.9568126241929,533.9136252483858,23.254458932263702
-31.10983333333333,116.81876666666666,15343.0,15380.0,2.7092963533641563,100.24396507447378,37.0,90,,120.87289670733144,197.71894524496986,395.4378904899397,30.16572513071252
-31.108966666666667,116.8192925925926,15380.0,15418.0,3.269152885588935,124.22780965237953,38.0,91,,115.7260847385146,194.41621676962046,388.8324335392409,28.4497754340967
-31.108460416666667,116.81880625000001,15418.0,15450.0,3.464675067251845,110.86960215205904,32.0,92,,114.29958133716023,161.70082989460622,323.40165978921243,32.43520995476464
-31.10796458333333,116.81778541666667,15450.0,15483.0,2.882882882882881,95.13513513513507,33.0,93,,117.40349976206315,171.282350464688,342.564700929376,32.33212635255382
-31.108603703703707,116.81729444444444,15483.0,15521.0,3.752639517345415,142.60030165912576,38.0,94,,118.6294088432983,199.293710808959,398.587421617918,29.04842325908103
-31.109509259259255,116.8164037037037,15521.0,15558.0,4.109281437125714,152.0434131736514,37.0,95,,118.18805114326692,193.32718458122238,386.65436916244477,29.609713896996162
-31.10997037037037,116.81612777777777,15558.0,15596.0,3.7948717948717925,144.20512820512812,38.0,96,,119.5627566186478,200.86170599192747,401.72341198385493,29.239415474857854
-31.110473333333335,116.81590666666666,15596.0,15638.0,3.2376846614311425,135.982755780108,42.0,97,,120.3188072228382,223.4088840250813,446.8177680501626,27.006762442394805
-31.110981666666664,116.81545166666665,15638.0,15680.0,3.750559284116331,157.5234899328859,42.0,98,,119.13533302713387,221.21140006195404,442.4228001239081,26.778292291650157
-31.11138518518519,116.81478333333332,15680.0,15718.0,3.792355720553503,144.1095173810331,38.0,99,,120.13493561464618,201.82294887825165,403.6458977565033,29.356150140879883
-31.11163166666667,116.81478,15718.0,15760.0,2.639396608676474,110.85465756441192,42.0,100,,121.95966409042289,226.45563964120913,452.91127928241826,27.322000015901686
-31.110877777777777,116.81581527777779,15760.0,15811.0,1.9766137594947075,100.80730173423008,51.0,101,,123.53471864137458,278.5331157992514,557.0662315985028,23.31364196977279
-31.110884999999996,116.81584666666666,15811.0,15854.0,1.2609631423189982,54.22141511971692,43.0,102,,124.75660630766033,237.16447633917994,474.3289526783599,27.302000916929103
-31.398683333333338,116.90144242424243,16566.0,16613.0,1.587558649916776,74.61525654608847,47.0,103,,111.72165013749131,232.1415235774884,464.2830471549768,22.923982729959405
-31.39879375,116.89957083333333,16613.0,16646.0,2.217439293598237,73.17549668874182,33.0,104,,122.00815563075865,178.00017643980462,356.00035287960924,33.33627758213857
-31.39657738095238,116.8979619047619,16646.0,16706.0,0.7406704617330945,44.44022770398567,60.0,105,,118.97356282216776,315.5871770067024,631.1743540134048,19.4319724909272
-31.396258333333332,116.90056309523811,16706.0,16763.0,1.4570001305994271,83.04900744416734,57.0,106,,113.43259081490756,285.84482765195366,571.6896553039073,19.496789270426774
-31.39808888888889,116.89997222222223,16763.0,16810.0,1.4972918077183686,70.37271496276333,47.0,107,,118.43045882343962,246.08146331011238,492.16292662022477,24.146948400902346
-31.497156060606063,116.93224696969698,17091.0,17133.0,2.959355323747769,124.2929235974063,42.0,108,,114.3531769887401,212.33185605357093,424.66371210714186,25.84571182342899
