lat,lon,t_start,t_end,climb_rate_ms,alt_gain_m,duration_s,circle_id,seg_id,avg_speed_kmh,turn_radius_m,circle_diameter_m,bank_angle_deg,bank_std_deg,bank_range_deg,bank_masd_deg
-32.143651190476184,116.96141904761905,641.0,668.0,0.834428024083212,22.529556650246725,27.0,0,,98.76306098309122,117.88972012758953,235.77944025517905,33.055571330770015,10.32249169309089,44.874297255232534,8.966074965793048
-32.14373218390804,116.96118908045977,668.0,696.0,0.22315270935961312,6.248275862069168,28.0,2,,95.67317983717265,118.4311293853791,236.8622587707582,31.295909502791055,10.377557980465951,38.187834972133174,10.308208787043485
-32.12838045977012,116.97244942528735,837.0,865.0,1.5083743842364554,42.23448275862075,28.0,4,,97.78404694922318,121.04411221387984,242.08822442775968,31.8536885769336,6.058333089278104,28.045115775506027,7.09101715694262
-32.12787055555556,116.9720727777778,865.0,894.0,1.5748609566184504,45.67096774193506,29.0,6,,97.6451213497334,125.1890022824786,250.3780045649572,30.9235913027385,11.783202035548939,44.50068488865971,10.55124393776378
-32.128272839506174,116.97158271604937,894.0,920.0,0.6123321123321371,15.920634920635566,26.0,8,,96.24031055771077,110.62365274970239,221.24730549940477,33.36710050468761,12.277977053266667,60.586991617877246,9.997422793488582
-32.12872708333333,116.97178697916667,920.0,951.0,1.1801686217009109,36.58522727272824,31.0,10,,102.78419917513274,140.8658373567758,281.7316747135516,30.536044328942115,12.376857550160139,49.93185916989614,10.73064495024936
-32.12916071428572,116.97168928571429,951.0,978.0,1.3163656267104826,35.54187192118303,27.0,12,,98.8272711798044,117.96636540411808,235.93273080823616,33.07259771191042,9.330251140155879,39.40643315230752,7.00437431756175
-32.128735353535355,116.97501666666666,1087.0,1119.0,2.6413770053475663,84.52406417112212,32.0,14,,100.33501318004458,141.94500722484057,283.89001444968113,29.15459576207806,9.107168102184636,43.62692400193964,10.848077835960224
-32.12802444444444,116.97507333333334,1119.0,1148.0,1.6700778642936585,48.4322580645161,29.0,16,,96.22396334102775,123.36696191081083,246.73392382162166,30.554555951674725,9.480090529359622,38.272606038155914,8.892210798864303
-32.12765,116.97504895833333,1181.0,1212.0,1.4407991202346273,44.664772727273444,31.0,18,,100.28811415584444,137.44495059424298,274.88990118848596,29.923324474650475,7.493845040397286,30.15254345965102,8.75134527613355
-32.127752873563225,116.97527816091953,1212.0,1240.0,1.2305418719211754,34.45517241379291,28.0,20,,99.0104485855582,122.56224018995869,245.12448037991737,32.17469204290868,6.719626360991346,27.29902192456245,8.086034186795102
-32.127889333333336,116.97614066666667,1274.0,1298.0,1.0707692307692274,25.69846153846146,24.0,22,,94.61925989279909,100.39415282423796,200.78830564847593,35.04649602833047,6.024462196422086,24.40739788826064,6.727550872134139
-31.997036666666663,116.96803333333332,1858.0,1884.0,1.4235033259423626,37.011086474501425,26.0,24,,93.21543883258131,107.14670678606215,214.2934135721243,32.532024305235424,6.8582203151978645,24.37270044696928,7.79409229247997
-31.99599888888888,116.96744055555556,1884.0,1913.0,1.0605116796440421,30.754838709677223,29.0,26,,92.44955273114265,118.52785994724705,237.0557198944941,29.56071582005377,9.261029162745627,37.50340151019419,8.466850074088212
-31.995235000000005,116.96655388888891,1913.0,1942.0,1.563959955506121,45.35483870967751,29.0,28,,95.23309814765936,122.09659199125352,244.19318398250704,30.29558267366941,8.625460682599794,32.64459212845565,10.325901734716652
-31.995066091954023,116.96596379310343,1942.0,1970.0,1.0674876847290513,29.889655172413438,28.0,30,,93.84634184445792,116.16973818828978,232.33947637657957,30.80779026528223,8.298917024469969,31.3814788807408,9.167989236332504
-31.994427222222225,116.96621888888892,2004.0,2033.0,0.9630700778642842,27.929032258064243,29.0,32,,92.57011985347599,118.68243682261308,237.36487364522617,29.592770848414325,8.730881399781222,34.21114595612,8.123566943263688
-31.993667708333334,116.96674479166667,2033.0,2064.0,0.5443548387096996,16.875000000000686,31.0,34,,92.22255507716311,126.39109462720762,252.78218925441524,27.891282975175777,8.926718942112824,32.21839342776083,10.228835352097292
-31.99354696969697,116.96736666666666,2064.0,2096.0,0.036764705882320614,1.1764705882342597,32.0,36,,91.62841499524502,129.62769043705592,259.25538087411184,26.995873689900833,11.971258420068844,44.352504065655964,7.113675794783983
-31.977272499999998,116.975065,2214.0,2236.0,0.7091501296821311,15.601302853006883,22.0,38,,101.74719346036755,98.9606981302186,197.9213962604372,39.44844347795264,11.825359687389234,48.232074913170976,14.506282917756344
-31.97794827586207,116.9762143678161,2236.0,2264.0,1.0448275862069014,29.25517241379324,28.0,40,,103.09258774826304,127.6154050598858,255.2308101197716,33.227004175400445,12.824519571752399,43.62717163716757,7.568854958767419
-31.97766818181818,116.97741818181817,2264.0,2296.0,-0.09525401069520661,-3.0481283422466117,32.0,42,,113.85572779190602,161.07290557695225,322.1458111539045,32.33438013151804,15.269064841488692,61.5702063706324,11.40236995849183
-31.97827435897436,116.97772628205128,2296.0,2321.0,0.015042735042749684,0.3760683760687421,25.0,44,,107.42814225317147,118.73416574146904,237.46833148293808,37.39848072005957,9.336967744818358,36.06977719878768,8.120338506652216
-31.9488196969697,116.9862462121212,2467.0,2491.0,-0.7241641337386145,-17.37993920972675,24.0,46,,93.61096778158154,99.3243216670324,198.6486433340648,34.75844707891568,8.360696560510368,38.38237243657595,9.721293166994801
-31.949074074074073,116.98606481481482,2491.0,2517.0,1.551282051282047,40.33333333333322,26.0,48,,95.1812918476204,109.40636118693021,218.81272237386042,33.07653173282645,8.535692107124415,40.17587185931638,8.391233611284894
-31.949036419753085,116.98586481481483,2517.0,2543.0,1.7155067155067485,44.60317460317546,26.0,50,,96.70515852575227,111.15797334675814,222.31594669351628,33.494034258172434,9.326675409069695,37.91320349529953,6.007046482885631
-31.949038271604937,116.98585802469135,2543.0,2569.0,2.456043956043966,63.85714285714312,26.0,52,,95.77684643451511,110.09092281637992,220.18184563275983,33.240174819906976,7.032682654549032,29.788459318114274,7.90973104137884
-31.948866666666667,116.98586543209878,2569.0,2595.0,2.5158730158730287,65.41269841269875,26.0,54,,94.37189444896846,108.47599743138838,216.95199486277676,32.853150382828176,8.239190981314932,42.335815903216485,8.053272877052034
-31.948514285714285,116.98620416666667,2595.0,2622.0,1.624794745484399,43.86945812807877,27.0,56,,98.62572194200786,117.72578372308016,235.4515674461603,33.01913152705511,9.703905001821527,37.6002631734769,8.194908719615613
-31.948079012345676,116.98720370370371,2622.0,2648.0,2.520757020757036,65.53968253968293,26.0,58,,97.06759403317916,111.57457569857323,223.14915139714645,33.592745265136784,7.559478563156224,34.69495276676739,7.046134091158724
-31.947967816091953,116.98762183908046,2648.0,2676.0,2.3999999999999844,67.19999999999956,28.0,60,,98.81545326922752,122.32086099071805,244.6417219814361,32.12380348527706,9.751796709726328,47.54990900012212,10.854502420288227
-31.94738793103448,116.98856609195403,2676.0,2704.0,1.3123152709359476,36.74482758620653,28.0,62,,103.17738995767063,127.72037932175948,255.44075864351896,33.24860205572061,9.91868384702263,46.3557876305976,8.417521215636626
-31.946860215053768,116.98880698924732,2704.0,2734.0,1.7592741935483807,52.77822580645142,30.0,64,,99.2671202097712,131.65710723235392,263.31421446470785,30.485234998214544,9.657599191696049,49.29870193894297,9.294284466477942
-31.946740625000004,116.98832395833332,2734.0,2765.0,1.0646994134897736,33.00568181818298,31.0,66,,100.17665735263701,137.29219894526457,274.58439789052915,29.895786797859337,11.418623085183624,55.045975449438565,10.486537677822465
-31.891472777777775,116.98925944444446,3055.0,3084.0,2.0667408231368065,59.93548387096739,29.0,68,,97.81505516732457,125.40687128386061,250.81374256772122,30.967529203847114,8.979471116992071,31.84069703659109,8.054925644950924
-31.890597619047615,116.98894404761904,3084.0,3111.0,2.000273672687486,54.00738916256213,27.0,70,,100.74183250794138,120.25170464830995,240.5034092966199,33.577252180453556,5.899574844690077,24.47582653333321,7.97301039788485
-31.88918787878788,116.98864444444443,3146.0,3178.0,1.3760026737967803,44.03208556149697,32.0,72,,98.62625240303437,139.5276052317497,279.0552104634994,28.737775486409664,12.636688206644818,45.9927753623037,8.835793406243338
-31.887861904761902,116.98962916666665,3178.0,3205.0,1.492063492063503,40.28571428571458,27.0,74,,96.45103160147731,115.1299383426579,230.2598766853158,32.43810358324098,8.79845415884785,31.280176236492665,13.431966955605192
-31.88717849462365,116.99085161290323,3205.0,3235.0,1.1362903225806633,34.0887096774199,30.0,76,,100.18894559726917,132.87971612475312,265.75943224950623,30.717290506436715,11.542047650167266,48.53895930342027,12.18681576373306
-31.92802222222222,117.06290888888888,3507.0,3536.0,1.6224694104560595,47.051612903225724,29.0,78,,95.98089549304426,123.05532912306494,246.11065824612987,30.49115481985998,9.74234208010208,36.336045334322264,9.153141530266097
-31.92753802083333,117.06308541666667,3536.0,3567.0,1.201796187683325,37.25568181818307,31.0,80,,94.64602352742457,129.712460316618,259.424920633236,28.510215995412374,9.471205537833399,42.18641324105966,9.0012520571618
-31.927589393939392,117.06368585858584,3567.0,3599.0,0.7523395721924747,24.07486631015919,32.0,82,,95.84553107427926,135.59368927768358,271.18737855536716,28.052306500936012,9.424764027246745,40.72776081398267,9.722640905924512
-31.927838709677413,117.06456827956988,3599.0,3629.0,0.6887096774193507,20.661290322580523,30.0,84,,96.39367260595805,127.84607898350036,255.69215796700072,29.75475273502723,7.956562161572058,32.81394083767604,8.471997378935017
-31.9763640625,117.13915729166666,3937.0,3968.0,0.9554618768328582,29.619318181818606,31.0,86,,99.46684707688574,136.31940332433672,272.63880664867344,29.720056424693226,15.601226400947882,51.27372987550189,12.25205437449697
-31.994502298850573,117.16482068965519,4147.0,4175.0,1.7684729064039253,49.51724137930991,28.0,88,,103.3267130969561,127.90522222192278,255.81044444384557,33.28660653800612,12.538667102000202,46.4783419708638,10.867646303184763
-31.992640229885062,117.16460172413792,4175.0,4203.0,2.336945812807874,65.43448275862048,28.0,90,,100.3205449272753,124.18397147993223,248.36794295986445,32.51511995802345,10.882001324183362,42.33850040175173,7.989307649351206
-31.99132222222222,117.16441172839505,4203.0,4229.0,3.2112332112332274,83.4920634920639,26.0,92,,100.14151669830524,115.10790338128508,230.21580676257017,34.42089973540452,6.565054177487932,23.28563836108935,9.53252467810048
-31.990697333333333,117.16452866666667,4229.0,4253.0,3.137692307692305,75.30461538461532,24.0,94,,100.90656642306477,107.06519224440956,214.13038448881912,36.79743457683149,8.813707674954506,35.57604713884354,6.712069758132931
-31.989980555555558,117.16466944444444,4253.0,4276.0,3.2834782608695186,75.51999999999893,23.0,96,,96.9579821450483,98.5891302788344,197.1782605576688,36.87007681550511,7.313611021135888,30.65422246545626,9.967445771764902
-31.989470833333332,117.16498819444446,4276.0,4301.0,3.3215317919074607,83.03829479768652,25.0,98,,100.91493887480591,111.53549551209603,223.07099102419207,35.684558095136644,9.095480517592925,50.632346384656906,10.640207959243927
-31.989175862068958,117.16584999999999,4301.0,4329.0,2.9029556650246167,81.28275862068926,28.0,100,,101.08931178791235,125.13560628180932,250.27121256361863,32.71369180830306,9.246837118781357,36.055238479754884,9.022223279444594
-31.988694642857148,117.16653452380953,4362.0,4389.0,1.747126436781628,47.172413793103956,27.0,102,,97.64649180727292,116.5569138503231,233.1138277006462,32.758440746085355,7.452166028301754,26.321001584511336,7.265995234539032
-32.105906770833336,117.02468958333334,5058.0,5089.0,0.9957844574780083,30.869318181818254,31.0,104,,96.1420170623915,131.7627208009593,263.5254416019186,28.888697326393014,10.139124342591701,43.96551219586254,8.292364200469247
-32.10585,117.02574444444444,5089.0,5115.0,1.1978021978021895,31.14285714285693,26.0,106,,99.11188413906294,113.92438979915562,227.84877959831124,34.145301734569905,4.770614287317457,18.538666028403682,5.8517357588619845
-32.10555101010101,117.02542727272726,5115.0,5147.0,1.0013368983956887,32.04278074866204,32.0,108,,96.30879044652677,136.24906722458883,272.49813444917766,28.167118802130464,10.547337355221117,44.7860055382752,11.338966630417067
-32.14955833333333,117.00279166666665,5323.0,5348.0,0.6454700854701142,16.136752136752854,25.0,110,,104.11410296587306,115.07134814303652,230.14269628607303,36.535902887505394,10.301659109241589,34.98019970778412,7.548734207300682
-32.14862654320987,117.00299629629629,5348.0,5374.0,1.257020757020763,32.68253968253984,26.0,112,,104.32296297116609,119.91427669616665,239.8285533923333,35.52164048274657,12.337150742640828,50.35892033609346,7.2822624291194975
-32.14771282051282,117.00335384615384,5374.0,5399.0,1.2348717948718344,30.87179487179586,25.0,114,,106.77636915972565,118.01379831371766,236.02759662743532,37.23037934008438,8.74516901800095,31.50438499236718,8.960327314426147
