lat,lon,t_start,t_end,climb_rate_ms,alt_gain_m,duration_s,circle_id,seg_id,avg_speed_kmh,turn_radius_m,circle_diameter_m,bank_angle_deg,bank_std_deg,bank_range_deg,bank_masd_deg
-32.93670858585858,117.10058131313131,181.0,213.0,4.283756684491951,137.08021390374242,32.0,0,,130.39131927699069,184.46598221516987,368.93196443033975,35.94017180226287,14.963513355813456,75.72676874264667,9.768246940191043
-32.937907051282046,117.09805192307691,213.0,238.0,2.268034188034193,56.70085470085483,25.0,2,,112.98094574703094,124.87136104748072,249.74272209496144,38.80040963734697,4.595961091356896,17.71449382429079,5.833347070326421
-32.938044,117.09713533333331,238.0,262.0,2.176153846153855,52.22769230769252,24.0,4,,110.86624225695778,117.63273651478931,235.26547302957863,39.415326971672485,6.323447584219412,25.163482253184508,7.115760130639361
-32.938294202898554,117.09638043478259,262.0,284.0,2.4940711462450267,54.86956521739059,22.0,6,,112.64030244028756,109.55548342895351,219.11096685790702,42.330966266434295,4.611350735167385,16.25877202461927,6.247089736373301
-32.93832575757576,117.09577045454544,284.0,305.0,2.290796160361349,48.106719367588326,21.0,8,,115.58379421051525,107.30843777453273,214.61687554906547,44.39884717389944,4.341324228907541,17.888722681098308,5.044327142265255
-32.9387380952381,117.0953365079365,305.0,325.0,2.4818181818181873,49.63636363636375,20.0,10,,122.12609604721864,107.9831770357246,215.9663540714492,47.37113127522517,4.495660430661487,16.642446472031665,5.901522229985563
-32.93909545454545,117.0946606060606,325.0,346.0,2.7447769621682134,57.640316205532486,21.0,12,,123.73076956521855,114.87212093506784,229.74424187013568,46.34957536698939,4.928712626907789,17.668178288185025,4.811744923952522
-32.93940434782609,117.09406376811594,346.0,368.0,2.5148221343873263,55.32608695652118,22.0,14,,120.67625114976597,117.371355959515,234.74271191903,44.301342749595975,5.402170747236617,21.119693393908896,4.810037071344825
-32.93972857142857,117.09311507936508,368.0,388.0,3.0688311688311543,61.37662337662309,20.0,16,,122.12345834028048,107.98084479073772,215.96168958147544,47.370514642597726,4.5703883937322285,15.919845669820965,5.229971393464342
-32.94020555555556,117.09181875,388.0,411.0,2.6765217391304175,61.559999999999604,23.0,18,,115.91874233649904,117.86887203237234,235.73774406474467,41.88172752683117,5.617126836911386,23.824772572202082,5.3192243734781135
-32.94074551282051,117.09068141025642,411.0,436.0,2.6020512820513186,65.05128205128297,25.0,20,,115.9264503910497,128.12685843633986,256.2537168726797,39.52243317552064,5.953602795928948,22.808298143662416,6.362795324346943
-32.94094365079364,117.08972539682539,436.0,456.0,3.1792207792207487,63.58441558441498,20.0,22,,121.02589662964094,107.01038717075618,214.02077434151235,47.11267536198164,5.0735902532793435,20.27307337652949,5.665845905820747
-32.941143939393946,117.08871060606062,456.0,477.0,2.022021456803998,42.462450592883954,21.0,24,,117.99642433741451,109.54833283606531,219.09666567213063,44.99062731097983,5.799358401367896,21.64468620816107,4.855260604127906
-32.94178402777778,117.08817291666666,477.0,500.0,1.380869565217406,31.760000000000336,23.0,26,,124.40325805297964,126.49612485693666,252.99224971387332,43.89947852669326,5.501609917121352,22.131726513197613,5.343193846361587
-32.942304761904765,117.0868238095238,500.0,520.0,1.1207792207791816,22.41558441558363,20.0,28,,128.93395615042465,114.00264696518758,228.00529393037516,48.91563381776214,4.953872592759971,20.730924125262156,6.092972349663463
-32.94248240740741,117.08580925925928,520.0,537.0,1.1599587203302033,19.719298245613455,17.0,30,,123.66921383194494,92.94545381220132,185.89090762440264,52.30877737258937,4.140874580454694,16.765527524365183,5.071060515975137
-32.942857894736846,117.08500263157894,537.0,555.0,0.8631578947367852,15.536842105262133,18.0,32,,120.68121812956653,96.03506201835886,192.07012403671771,50.02527285208469,5.131265774433612,21.786775329069386,7.337197419149771
-32.94325087719299,117.08385526315789,555.0,573.0,1.598245614035042,28.768421052630757,18.0,34,,120.87751665776734,96.19127142378296,192.38254284756593,50.071112257843595,4.589828436924425,16.6606966175392,4.64966976809164
-32.94357105263158,117.08288333333331,573.0,591.0,0.38947368421045137,7.010526315788125,18.0,36,,123.39077120041647,98.19125584233682,196.38251168467363,50.65034229383121,3.3331790432108646,11.677606005761312,3.9123665077831515
-32.94377333333334,117.08182749999999,591.0,610.0,0.2323308270675916,4.41428571428424,19.0,38,,126.85581102381856,106.55690508418594,213.11381016837188,49.907640463556376,6.057798570746531,18.619608011095146,5.635571352925314
-32.94419561403509,117.08092982456142,610.0,628.0,-0.1561403508772482,-2.810526315790468,18.0,40,,126.77681892730799,100.88578700873612,201.77157401747223,51.408756188614205,4.941101245881132,17.855023373555284,6.888984333558287
-32.87497916666667,117.14452416666668,964.0,983.0,1.8496240601503315,35.1428571428563,19.0,42,,118.39707776262023,99.45170091599279,198.90340183198558,47.9496897896712,5.122994162326388,17.072501969159752,4.677731683235363
-32.87503947368421,117.1437245614035,983.0,1001.0,1.4350877192982425,25.831578947368364,18.0,44,,125.63113209044711,99.97407839212748,199.94815678425496,51.15491553234804,4.5014391937085625,17.65900046450399,4.827762895444843
-32.875479166666665,117.14280083333333,1001.0,1020.0,1.5345864661653517,29.157142857141682,19.0,46,,124.64891857611647,104.70314980736504,209.40629961473007,49.41151338313016,4.797215780864299,16.722936619740857,3.7541330677305336
-32.87616491228069,117.1416342105263,1020.0,1038.0,0.8456140350876991,15.221052631578583,18.0,48,,125.71271700626902,100.03900160530145,200.0780032106029,51.1730846041088,6.484346513003182,26.09020977674023,5.787469807440967
-32.87671666666667,117.14029000000001,1038.0,1057.0,0.5962406015037426,11.32857142857111,19.0,50,,126.49355222464456,106.25261333619304,212.50522667238607,49.82689402775023,6.38352178775232,25.524636358490337,5.530109603575801
-32.87724375,117.13924374999999,1057.0,1080.0,0.6017391304347507,13.839999999999266,23.0,52,,117.48916192995925,119.46571118338174,238.93142236676348,42.265219250071546,8.672481103921665,29.156720888758823,6.385615687768976
-32.87808106060606,117.13806287878786,1080.0,1101.0,0.12817617165440073,2.6916996047424155,21.0,54,,112.70618380981452,104.63685324374173,209.27370648748345,43.67701817096732,6.502107027805608,25.02288299484249,8.674507438159933
-32.87826363636364,117.13710454545456,1101.0,1122.0,1.7312252964426573,36.355731225295806,21.0,56,,114.51105071850891,106.31249860290166,212.6249972058033,44.13181082588839,6.867958595408714,22.385045221727943,7.066165926113579
-32.878107638888885,117.13594791666667,1122.0,1145.0,2.0456521739130316,47.04999999999973,23.0,58,,113.00350952761704,114.90459554033441,229.80919108066882,41.157447516267226,7.331935553856322,31.600804485415846,7.394544935660995
-32.878028472222226,117.13460138888888,1145.0,1168.0,2.12782608695649,48.939999999999266,23.0,60,,124.38572070270381,126.47829247147608,252.95658494295216,43.895442688353825,5.51433387380388,21.934458412780273,6.666254910697862
-32.87854924242424,117.13346969696968,1168.0,1189.0,1.951439864483294,40.98023715414917,21.0,62,,123.54649606476887,114.70104071061627,229.40208142123254,46.306923857711915,4.07869347693604,15.707990025833823,5.799011897317929
-32.87909,117.13242399999999,1189.0,1213.0,2.1099999999999843,50.639999999999624,24.0,64,,121.76301739249772,129.19457402533624,258.3891480506725,42.07053757233014,5.370663868496719,20.630378170026056,6.2195361149581325
-32.87916071428571,117.1314642857143,1213.0,1240.0,2.065681444991806,55.77339901477877,27.0,66,,115.0238331265166,137.29958711596814,274.5991742319363,37.15979185346941,8.223036513476863,31.497961002351097,7.999877032404674
-32.87912884615385,117.13079679487181,1240.0,1265.0,1.2553846153846382,31.384615384615955,25.0,68,,119.71359496730507,132.31257218296977,264.62514436593955,40.429188655073446,5.402133396678325,19.15912763028931,4.827102236500509
-32.87899743589743,117.13008333333333,1265.0,1290.0,0.18461538461540525,4.615384615385131,25.0,70,,118.86690750994917,131.37677708510796,262.7535541702159,40.22855084391334,4.125187329097974,15.448912625413456,4.880453190626029
-32.81444523809524,117.17678174603172,1621.0,1641.0,1.302597402597405,26.0519480519481,20.0,72,,129.624161937915,114.61292286979716,229.22584573959432,49.06709966057312,3.5401653852261994,12.304659855902159,3.67538722605024
-32.81436315789474,117.17620701754386,1641.0,1659.0,2.5403508771929024,45.726315789472245,18.0,74,,133.63803899891667,106.34577245892537,212.69154491785073,52.87185509164014,3.5298059910544413,12.2806451321933,3.304029000266161
-32.814480158730156,117.17573095238097,1659.0,1679.0,1.7480519480519405,34.96103896103881,20.0,76,,127.18507246557755,112.45629427998655,224.9125885599731,48.527689013492754,4.641501567008772,21.49877543160988,4.728289742483703
-32.81432826086957,117.17511304347826,1679.0,1701.0,1.4100790513833787,31.021739130434334,22.0,78,,125.1424983585153,121.71528847272121,243.43057694544243,45.342379077185164,4.807948754059266,21.978446547896876,5.281524015272493
-32.81430454545455,117.17487045454546,1701.0,1722.0,1.5753811405984894,33.083003952568276,21.0,80,,124.08602368770458,115.20194022467781,230.40388044935563,46.431614172126096,5.0106780663108905,15.28739038419883,6.095890614835865
-32.8145,117.17426159420292,1722.0,1744.0,0.41897233201578826,9.217391304347341,22.0,82,,123.284637912239,119.90830824516696,239.81661649033393,44.91389331862044,3.555696713586076,11.548504228319857,3.6219420859890894
-32.81656842105264,117.07456315789474,2000.0,2018.0,0.5421052631578348,9.757894736841026,18.0,84,,111.98973459314949,89.11859918024585,178.2371983604917,47.90495838166527,2.614252602004344,10.607562392795323,2.759245332648413
-32.81696884057971,117.07369927536234,2018.0,2040.0,-0.34486166007907354,-7.5869565217396175,22.0,86,,127.87463275563313,124.37259938350992,248.74519876701984,45.96092341216804,6.971144984395165,29.14494618242736,6.5656442625570515
-32.817166666666665,117.07274444444445,2040.0,2060.0,0.3883116883116935,7.76623376623387,20.0,88,,129.53205174754365,114.53147958031529,229.06295916063058,49.046939262200276,4.2032994371216725,14.058659529100275,5.430771329931633
-32.834219298245614,116.94236140350877,2409.0,2427.0,0.9280701754385601,16.70526315789408,18.0,90,,116.96576921708547,93.078401717225,186.15680343445,49.14089588811493,3.2580067259114167,12.76621464099216,4.080249943337448
-32.834630833333335,116.94164916666668,2427.0,2446.0,2.0541353383458185,39.02857142857055,19.0,92,,125.9953137433885,105.83410077355983,211.66820154711965,49.715396080707016,2.397145467356295,7.259138007308195,2.6420078506708773
-32.83489047619047,116.94060634920632,2446.0,2466.0,2.255844155844116,45.11688311688232,20.0,94,,122.13888184287276,107.99448216116747,215.98896432233494,47.374120083294976,5.350764189536548,19.19422951887732,5.716852392237274
-32.83462803030303,116.93989318181819,2466.0,2487.0,1.976284584980188,41.50197628458395,21.0,96,,117.88542030638911,109.44527626799388,218.89055253598775,44.96366440204038,8.133283027189112,31.949351884793483,5.939127955339873
-32.834516666666666,116.93953560606059,2487.0,2508.0,1.8543195934500065,38.94071146245014,21.0,98,,125.96123032763737,116.94288926005143,233.88577852010286,46.86059353169786,4.747184232708047,16.565067707608442,5.340950655925045
-32.83468472222222,116.93862708333334,2508.0,2531.0,1.34869565217389,31.01999999999947,23.0,100,,127.90022551225758,130.0519226653918,260.1038453307836,44.69339331121803,5.482954634050394,23.211344368404355,6.3068308503716475
-32.83444615384615,116.93746602564102,2531.0,2556.0,1.2803418803419029,32.00854700854757,25.0,102,,127.17050731417744,140.55426982330118,281.10853964660237,42.145500585736826,6.596559932334288,25.979458283507515,6.8389181673046755
-32.83364266666667,116.93638599999998,2556.0,2580.0,0.9815384615384443,23.55692307692266,24.0,104,,120.58835468313559,127.94821818093158,255.89643636186315,41.794417769355924,6.964809129538107,21.992884508175365,4.617417231261751
-32.83313333333333,116.93523712121213,2580.0,2601.0,1.6549971767362703,34.75494071146168,21.0,106,,122.79700552183506,114.0052108164831,228.0104216329662,46.13276141030103,4.671201145004073,16.401886024125105,5.276557107408062
-32.83296212121212,116.93377727272727,2601.0,2622.0,1.481084133258028,31.10276679841859,21.0,108,,121.93977879140932,113.20935823274615,226.4187164654923,45.93220439484994,5.316537946213574,19.917190343969324,7.939923218244781
-32.83287708333333,116.93203958333334,2622.0,2645.0,1.8108695652173634,41.64999999999936,23.0,110,,125.48221092698033,127.59322922221155,255.1864584444231,44.146726591989825,4.765543708414448,17.70530622161243,5.444632758842056
-32.83233466666666,116.93060799999999,2645.0,2669.0,1.400000000000013,33.600000000000314,24.0,112,,120.95034159194044,128.33229822007056,256.6645964401411,41.87976248061744,5.928761439109862,21.365666704891268,4.763981690280035
-32.8319856060606,116.92972121212121,2669.0,2690.0,0.8289102202145006,17.407114624504512,21.0,114,,119.40390654472043,110.85504471460398,221.71008942920795,45.33031511672097,5.079388252951486,19.774500365594527,6.424206591675649
-32.83188269230769,116.92789487179486,2690.0,2715.0,1.5316239316239786,38.29059829059946,25.0,116,,124.20531262706234,137.2770101588276,274.5540203176552,41.47381865326418,5.827834877339915,21.444169758981413,6.008236261058241
-32.89488257575757,116.92627727272726,2928.0,2949.0,2.003387916431355,42.07114624505845,21.0,118,,121.67406342852932,112.96266707090894,225.92533414181787,45.869741428196974,3.5609462821755358,14.321629696170262,3.51732589930361
-32.89527575757575,116.92555075757573,2949.0,2970.0,3.2546583850931174,68.34782608695546,21.0,120,,130.17988311302892,120.85950268328827,241.71900536657654,47.80117740781539,3.9007477053642083,15.21854173668789,4.9888304846566
-32.89555072463768,116.9251724637681,2970.0,2992.0,3.002964426877422,66.06521739130328,22.0,122,,132.2673020148413,128.6449689866648,257.2899379733296,46.927217607912404,5.529954758803647,18.894369253468334,5.963169343641166
-32.89593472222222,116.92419166666666,2992.0,3015.0,3.1673913043478072,72.84999999999957,23.0,124,,132.2223093039123,134.44671794252568,268.89343588505136,45.645422421894565,4.191056281078147,14.650812873471125,4.979832432793917
-32.89604666666666,116.92302666666666,3015.0,3039.0,2.2884615384616023,54.923076923078455,24.0,126,,130.70412747821644,138.6813864711425,277.362772942285,44.095544955744586,6.179173595413031,22.411612939421424,5.140079543697042
-32.89626041666667,116.92158055555556,3039.0,3062.0,1.5408695652173956,35.4400000000001,23.0,128,,130.81510043970005,133.01583525526217,266.03167051052435,45.338942767905614,3.822672997206984,17.725749172909907,4.725596331351363
-32.89613641975309,116.92036234567902,3062.0,3088.0,2.695360195360217,70.07936507936564,26.0,130,,133.43761399025823,153.38018121788446,306.7603624357689,42.398871285006784,5.657573011333393,27.849081915596525,5.3445754910742505
-32.93506031746032,117.05818492063489,3940.0,3960.0,1.171428571428535,23.428571428570702,20.0,132,,109.69421515864569,96.99098095046877,193.98196190093753,44.29834887918936,5.585465846276299,23.440114252433823,7.105405916211457
-32.9350356060606,117.05719696969696,3960.0,3981.0,2.1626199887069326,45.41501976284559,21.0,134,,108.23931860679716,100.48979846016026,200.97959692032052,42.52113754907237,5.427316897516414,18.703973148616573,6.515536437254643
-32.93494022988506,117.05735632183908,3981.0,4009.0,1.1630541871921147,32.56551724137921,28.0,136,,110.86588534868952,137.23775079391436,274.4755015878287,35.16266201497278,11.720844041726926,47.00663965280079,9.087204090773852
