lat,lon,t_start,t_end,climb_rate_ms,alt_gain_m,duration_s,circle_id,seg_id,avg_speed_kmh,turn_radius_m,circle_diameter_m,bank_angle_deg,bank_std_deg,bank_range_deg,bank_masd_deg
-32.13267083333333,116.98098333333333,549.0,572.0,1.557391304347824,35.81999999999995,23.0,0,,128.88890700688552,131.05723699353373,262.11447398706747,44.91398709699128,35.923164972212234,126.44649515959519,45.28608224265259
-32.131620138888884,116.97948124999999,572.0,595.0,1.514347826086956,34.82999999999999,23.0,2,,127.62249323808553,129.76951803242386,259.5390360648477,44.631121805594184,37.87389873934626,120.73181269405134,54.970078996718556
-32.13115555555555,116.97855396825398,595.0,615.0,1.9766233766233767,39.532467532467535,20.0,4,,135.9891819198732,120.24083616428234,240.48167232856468,50.421447347054716,24.00257684794754,92.95916609451828,30.04870999389313
-32.13075961538461,116.97720705128202,615.0,640.0,2.361025641025651,59.02564102564127,25.0,6,,133.29211508563054,147.32013188230482,294.64026376460964,43.488328229442345,35.75943876157212,137.6884721677884,43.790698118553685
-32.13005611111111,116.97585333333335,640.0,669.0,1.959510567296999,56.82580645161297,29.0,8,,131.6276794457427,168.75741086490476,337.5148217298095,38.921845598052066,35.975142582634156,127.66381821359627,50.84320364186852
-32.126254861111114,116.97088541666665,774.0,797.0,1.7504347826086777,40.259999999999586,23.0,10,,124.19078258201718,126.2800748585318,252.5601497170636,43.8505450779737,35.19974754201102,113.99048162451557,46.64864725936484
-32.12533636363636,116.96996287878787,797.0,818.0,1.1168831168830629,23.45454545454432,21.0,12,,147.29772831800872,136.75177581343914,273.5035516268783,51.29353214399389,29.277701604108884,115.94317408458255,39.278400404562476
-32.124978472222224,116.96882916666668,818.0,841.0,0.15826086956522445,3.640000000000162,23.0,14,,120.5735726058205,122.60201166353197,245.20402332706394,43.00505288387158,27.151950762537187,126.43517378720846,27.243536554163203
-32.124378472222226,116.96757569444445,841.0,864.0,0.5156521739130153,11.859999999999353,23.0,16,,136.69146561239344,138.9910599738416,277.9821199476832,46.59695224294478,36.83262200824624,116.45101613693687,53.69724335832243
-32.12126944444444,116.97853611111111,1526.0,1544.0,0.42584269662923036,7.665168539326146,18.0,18,,123.8512670291513,98.55770677941854,197.11541355883708,50.754950173784245,36.313322427621834,100.17179037668083,48.1422526941606
-32.120897101449266,116.97805579710146,1544.0,1566.0,0.8962450592885393,19.717391304347863,22.0,20,,121.62970477654214,118.29869786774475,236.5973957354895,44.52675026311034,26.733464958433785,116.36679146660941,32.29486482945902
-32.120044444444446,116.97719126984124,1566.0,1586.0,0.9025974025973997,18.051948051947996,20.0,22,,128.72281049060328,113.81595321255996,227.63190642511992,48.869113546108494,30.140914613244274,101.53384223757737,40.57028581355271
-32.118764393939394,116.9765878787879,1586.0,1607.0,1.0971202710332992,23.039525691699282,21.0,24,,130.87613290072602,121.5059036560972,243.0118073121944,47.95321832998019,22.90756097160802,94.20517719971542,27.117434757111482
-32.117988888888895,116.97559206349206,1607.0,1627.0,1.6012987012986777,32.025974025973554,20.0,26,,124.5075250291595,110.0888225584923,220.1776451169846,47.92201352098563,26.572357861376318,87.52575402587672,29.51256806266622
-32.11653666666666,116.97471,1627.0,1646.0,0.05263157894734507,0.9999999999995564,19.0,28,,119.38307927879775,100.27992682952595,200.5598536590519,48.185917543140285,37.271677879097226,121.86273033957269,44.73874066656097
-32.11580392156863,116.9739019607843,1646.0,1662.0,0.8210784313725789,13.137254901961262,16.0,30,,101.1585708582836,71.55505150314484,143.11010300628968,48.36243444452931,31.697218054254485,106.21489504402189,39.37799301666996
-32.11514920634921,116.97300000000003,1662.0,1682.0,1.7675324675324575,35.35064935064915,20.0,32,,121.23811938459518,107.19803328457589,214.39606656915177,47.162726677599736,38.01326905640298,127.15527860638505,46.31593122349714
-32.11413245614035,116.97194736842106,1682.0,1700.0,0.8403508771929514,15.126315789473125,18.0,34,,89.3956309338972,71.13878276974243,142.27756553948487,41.46358177822024,38.053983568630336,112.54599510500694,49.12307165337667
-32.11338157894736,116.9718692982456,1700.0,1718.0,1.5684210526315383,28.23157894736769,18.0,36,,123.63421380963342,98.38498131541714,196.76996263083427,50.705701734391376,30.303244184999542,99.79128837123568,42.56744805610257
-32.112266666666656,116.97113416666666,1718.0,1737.0,0.895488721804487,17.014285714285254,19.0,38,,95.08078443952049,79.86637774874677,159.73275549749354,41.67940262231679,31.76287894929667,124.22016053129792,36.43158499641974
-32.110992105263165,116.9703210526316,1737.0,1755.0,2.85964912280699,51.47368421052582,18.0,40,,111.25341116560543,88.53265161420583,177.06530322841166,47.71688819612947,35.27101528013021,110.66432019313314,25.323794645499287
-32.110203921568626,116.96930686274511,1755.0,1771.0,1.1127450980392393,17.80392156862783,16.0,42,,122.1606511631054,86.41098437303519,172.82196874607038,53.64047775900716,23.425763712599263,83.15390137950598,27.49780574271385
-32.10951851851851,116.9682351851852,1771.0,1788.0,1.0144478844169142,17.24561403508754,17.0,44,,115.09255868769407,86.49953991113604,172.99907982227208,50.29985609544463,28.89462991299316,101.5488332525121,32.75712871534024
-32.10849907407408,116.96728796296296,1788.0,1805.0,1.2456140350877092,21.175438596491055,17.0,46,,107.64244355268421,80.9002940623056,161.8005881246112,48.40513846261046,29.85260740019881,93.86922123876414,36.24569645717425
-32.10757698412698,116.96603095238093,1805.0,1825.0,1.7844155844155583,35.68831168831117,20.0,48,,86.6695905300335,76.63274304780752,153.26548609561505,37.63163194468637,26.753611444613412,89.02884525141705,37.48206381077043
-32.104776984127,116.9632492063492,1860.0,1880.0,1.3298701298701097,26.597402597402194,20.0,50,,99.65038909828866,88.110288922352,176.220577844704,41.55558843280567,26.85515840783983,104.88566095125861,29.92494267997439
-32.10380476190477,116.9621777777778,1880.0,1900.0,2.73766233766232,54.7532467532464,20.0,52,,110.94568085773035,98.09751957335365,196.1950391467073,44.62327373901913,19.659629506923963,73.88132223601366,27.599036512634118
-32.102897619047624,116.9609238095238,1900.0,1920.0,1.4506493506493419,29.012987012986837,20.0,54,,121.40046228309879,107.34157592220208,214.68315184440416,47.20095060744604,20.63152883335964,67.11850696073873,24.969773679616473
-32.102234027777776,116.95988680555554,1920.0,1943.0,1.291304347826057,29.699999999999314,23.0,56,,97.98502525000679,99.63345158417317,199.26690316834635,37.160287278605004,33.00674376163108,125.27087324765282,36.26225831976679
-32.10173245614035,116.9587789473684,1943.0,1961.0,2.4614035087718866,44.30526315789396,18.0,58,,107.95892828648498,85.91098543848764,171.82197087697529,46.85851742278676,29.949966223138542,124.68834339266209,37.072557425956695
-32.100803703703704,116.95788148148146,1961.0,1978.0,1.289989680082541,21.929824561403198,17.0,60,,133.49107992722554,100.32722469294026,200.65444938588053,54.40512372286212,18.73409655306196,57.46571388475509,26.321137579649957
-32.10015964912281,116.95714473684211,1978.0,1996.0,0.8701754385964552,15.663157894736193,18.0,62,,108.25900063856872,86.14977542908433,172.29955085816866,46.93785939882203,21.54043040270133,68.87545968705408,26.746184805438602
-32.185471666666665,116.96774666666666,2501.0,2520.0,0.8150375939849368,15.485714285713799,19.0,64,,104.66192713973165,87.9143883606749,175.8287767213498,44.42242268386369,31.70693036748194,104.17613809025605,24.066294086951924
-32.184826470588234,116.96702843137257,2520.0,2536.0,0.8357843137255132,13.372549019608211,16.0,66,,118.5456429290044,83.8538891295904,167.7077782591808,52.81520822429439,28.248881279767886,116.81495630555915,19.051333924306277
-32.17374285714286,116.95472857142856,2903.0,2923.0,0.46623376623376867,9.324675324675374,20.0,68,,111.160718159413,98.2876542928644,196.5753085857288,44.67874182814424,28.642457638621416,116.93900275163905,31.724277609920165
-32.16358039215687,116.95315588235295,2987.0,3003.0,1.3455882352941446,21.529411764706314,16.0,70,,121.46244607575349,85.91710530217313,171.83421060434625,53.48355154349262,42.99003578590678,139.64670900117682,62.17002144858484
-32.16294444444444,116.95209722222222,3003.0,3020.0,1.7358101135190764,29.5087719298243,17.0,72,,90.31281925178475,67.87595481785259,135.75190963570518,43.38531562942756,37.804239239372244,134.6887260125544,50.64688248576819
-32.162149122807016,116.95140526315792,3020.0,3038.0,2.3666666666666476,42.59999999999965,18.0,74,,91.70918269094295,72.9798487609063,145.9596975218126,42.19105121134671,41.39120082990159,125.6841522655796,50.21523281190086
-32.161423148148145,116.949975,3038.0,3055.0,0.15273477812176198,2.5964912280699535,17.0,76,,126.29186223388132,94.91654458212464,189.8330891642493,52.88892325122553,40.820702281771254,121.11450641137068,56.04480576545177
-32.1578298245614,116.9517149122807,3088.0,3106.0,0.922807017543852,16.610526315789336,18.0,78,,115.03329398095393,91.54058678605995,183.0811735721199,48.66806145397731,41.39558175095921,148.54743090746476,54.91639172213223
-32.15731315789474,116.95097456140351,3106.0,3124.0,0.25964912280699065,4.673684210525832,18.0,80,,117.1609872760286,93.23375131253304,186.4675026250661,49.18816599098483,38.87601259482939,131.0526661383681,40.62049493072304
-32.15700263157895,116.95011666666669,3124.0,3142.0,2.3105263157894456,41.58947368421002,18.0,82,,110.89386457713627,88.24653353007236,176.4930670601447,47.62455730587833,36.459796696952225,140.5653996867864,41.838707385230336
-32.156145614035076,116.94902192982457,3156.0,3174.0,1.9807017543859418,35.65263157894695,18.0,84,,95.02645460173332,75.61964987181722,151.23929974363443,43.20565390280312,32.54209634132112,112.9411523378059,47.50790818626571
-32.155546875,116.94818541666666,3174.0,3189.0,1.8735294117647052,28.10294117647058,15.0,86,,107.91550595516937,71.56369253761697,143.12738507523395,52.00069041475644,28.782781094482388,117.74110656572253,30.905918605996014
-32.15497129629629,116.9476861111111,3189.0,3206.0,-0.11867905056761469,-2.0175438596494497,17.0,88,,101.56261851399506,76.33091030211081,152.66182060422162,46.746528393512676,34.44456238583803,117.63296387621531,41.94650890218987
-32.154208771929824,116.94585438596494,3219.0,3237.0,0.4210526315788974,7.5789473684201525,18.0,90,,90.76728264311569,72.23030851835529,144.46061703671057,41.89687579215864,37.10992071871481,139.96333600609557,43.870971559738024
-32.15375277777778,116.94492129629629,3237.0,3254.0,0.9432404540763538,16.035087719298016,17.0,92,,107.01183611229733,80.42635157566737,160.85270315133474,48.23794583370281,35.483652172259525,118.49527306810153,47.244517503389126
-32.15365833333334,116.94337685185185,3268.0,3285.0,1.5923632610938854,27.070175438596053,17.0,94,,108.59285376353391,81.61458912101938,163.22917824203876,48.65505958126825,31.52247943691943,99.75556140840379,36.2147948778435
-32.15315208333334,116.94240416666668,3285.0,3300.0,0.32647058823526526,4.897058823528979,15.0,96,,109.38045428292934,72.53516656985533,145.07033313971067,52.374870619684145,38.92070074081816,132.46856937590175,52.42234678678319
-32.152750980392156,116.9416568627451,3300.0,3316.0,1.2524509803922212,20.03921568627554,16.0,98,,106.94317196670752,75.64681977079161,151.29363954158322,49.93859728784964,28.131138135081002,116.55358330528526,27.3478517796803
-32.15241203703704,116.9406685185185,3316.0,3333.0,0.432404540763639,7.350877192981863,17.0,100,,112.07769890064294,84.23367678801138,168.46735357602276,49.55065156593664,37.04379621626994,137.60373812411873,45.30446861166388
-32.152303125,116.93916145833333,3333.0,3348.0,0.2176470588235317,3.2647058823529753,15.0,102,,89.27980908868695,59.205512228188546,118.41102445637709,46.639657168266034,39.08173521593776,121.55437133693997,53.62340621110237
-32.12532962962964,116.91697685185187,3521.0,3538.0,1.2755417956656276,21.68421052631567,17.0,104,,92.03591800683488,69.17097554927737,138.34195109855474,43.926142409145214,28.157304609493384,109.69917202803055,34.271731655849436
-32.124660185185185,116.91553425925925,3538.0,3555.0,2.2528379772961395,38.29824561403437,17.0,106,,113.75167457007342,85.4917783271481,170.9835566542962,49.96951485455996,26.870506082359547,93.22480061141835,31.64785404025478
-32.11810444444444,116.90863222222222,3600.0,3619.0,0.7484439834024312,14.220435684646194,19.0,108,,119.82255082776226,100.64907608451293,201.29815216902585,48.29051035575647,20.92940599274575,63.53922808315986,29.90863047127789
-32.117614814814814,116.90817037037037,3619.0,3636.0,1.5779153766770044,26.824561403509076,17.0,110,,97.16167738775819,73.0233169447638,146.0466338895276,45.47851128136341,27.089512956418428,84.69682981907563,37.034490348159196
-32.11722156862745,116.90761078431373,3636.0,3652.0,2.2009803921568745,35.21568627450999,16.0,112,,102.89314273635722,72.78201011889422,145.56402023778844,48.84564229582533,22.620236352878642,89.95262707668219,26.761197640145063
-32.11693611111111,116.90707777777779,3652.0,3669.0,1.7894736842105223,30.42105263157888,17.0,114,,116.48762478392375,87.54802277436737,175.09604554873474,50.63874343083707,29.63431676041632,113.95887758681218,35.45020722178534
-32.11635,116.90630416666666,3669.0,3688.0,1.2533834586466075,23.814285714285543,19.0,116,,129.8120148931201,109.04007028228256,218.0801405645651,50.55659033773508,19.726777574008796,73.00818316367645,29.403993159510353
-32.11604122807017,116.90529298245613,3688.0,3706.0,2.329824561403474,41.93684210526253,18.0,118,,125.82146018221894,100.12553667520116,200.25107335040232,51.19727961624978,28.41791195322955,123.12111503645312,29.103124798290924
-32.115612500000005,116.9041825,3706.0,3725.0,1.5661654135338043,29.757142857142284,19.0,120,,135.06791329904655,113.4549430662126,226.9098861324252,51.6677774371167,26.557777498097273,97.7668967794226,26.917017276622587
-32.11498333333334,116.90325500000002,3725.0,3744.0,1.6338345864661301,31.042857142856473,19.0,122,,135.39347610929758,113.72841075516494,227.4568215103299,51.73486781858491,20.031324472832097,89.63390322029497,20.72708248509841
-32.11798263888889,116.95694375000001,4675.0,4698.0,0.23999999999999141,5.519999999999802,23.0,124,,120.68200720852845,122.71227048840225,245.4245409768045,43.03074340127426,35.42930364209667,117.370674637718,50.150886412185876
-32.116938194444444,116.95666458333334,4698.0,4721.0,0.8908695652174055,20.490000000000325,23.0,126,,113.89972461050725,115.8158878714056,231.6317757428112,41.381837243193175,32.72789905150743,113.9262112178495,36.54751483921159
-32.11606913580247,116.95598271604939,4721.0,4747.0,1.794261294261281,46.650793650793304,26.0,128,,97.96962892429676,112.61142183908179,225.22284367816357,33.837440525909216,25.92750700153814,136.68324945047362,26.415791216858292
-32.11551011904762,116.95536309523807,4747.0,4774.0,1.1280788177339884,30.458128078817687,27.0,130,,78.99521870164605,94.29359652744229,188.58719305488458,27.498310153375755,10.72379800909764,35.325520629131255,10.877673362829066
-32.114858,116.95456399999999,4774.0,4798.0,0.6969230769230892,16.72615384615414,24.0,132,,84.10729224321337,89.24060873721356,178.48121747442713,31.943202455113813,22.25470075174027,122.78625016588745,22.582100605327604
-32.11394935897436,116.95388076923078,4798.0,4823.0,0.42085470085470666,10.521367521367667,25.0,134,,82.87435688879181,91.59627468342418,183.19254936684837,30.53116604961403,5.238882545519295,22.506752550939176,6.011763955032314
-32.11326234567901,116.95295679012345,4823.0,4849.0,0.6391941391941468,16.619047619047816,26.0,136,,95.73113311267602,110.03837753039885,220.0767550607977,33.227635610468816,19.079179727641478,93.22691419499135,22.19900315412963
-32.11240344827586,116.95190000000001,4849.0,4877.0,0.7945812807881675,22.248275862068688,28.0,138,,88.81367687859951,109.93994425085377,219.87988850170754,29.437173798644906,16.679112076171748,89.9770133268955,19.952141181204443
-32.11154722222222,116.95120555555555,4877.0,4900.0,0.706521739130447,16.25000000000028,23.0,140,,93.11428769149552,94.68077240205383,189.36154480410767,35.7641695142795,28.51448442334493,99.09932546915897,43.59075386578708
-32.110672988505755,116.95062643678162,4900.0,4928.0,0.2709359605911294,7.586206896551623,28.0,142,,77.48703408968376,95.91901278480401,191.83802556960802,26.213612752773567,14.606569317748745,73.34618977554919,16.138742432822088
-32.109949358974355,116.94972692307691,4928.0,4953.0,0.7350427350427531,18.376068376068826,25.0,144,,89.23553242832887,98.62691725976153,197.25383451952305,32.417484401898086,22.67938680267976,116.29227430456419,26.959623349626174
-32.108916666666666,116.9488688405797,4953.0,4975.0,0.30830039525688896,6.782608695651557,22.0,146,,96.46252341746732,93.82075648615776,187.64151297231552,37.957410390887574,32.18416355667344,129.3387520163092,39.507695192014786
-32.107808,116.94830666666667,4975.0,4999.0,0.5092307692307778,12.221538461538668,24.0,148,,90.9593860354668,96.51090605432307,193.02181210864615,33.99126681561454,29.626152654289886,110.56947313764704,38.349984112680765
-32.122771875,116.96008541666666,5156.0,5171.0,-1.5426470588235175,-23.13970588235276,15.0,150,,117.91231994417629,78.19303571061972,156.38607142123945,54.43412888658558,44.58270309714698,131.57626091241124,49.65492149748662
-32.12234696969698,116.95943106060605,5171.0,5192.0,-1.2795031055900739,-26.86956521739155,21.0,152,,104.15204287774543,96.69515599982125,193.3903119996425,41.424616011736774,38.423249315690946,134.4919491160101,50.67863550109317
-32.12070083333334,116.9572725,5201.0,5220.0,-1.042857142857154,-19.814285714285926,19.0,154,,109.0969307682365,91.63972231957317,183.27944463914633,45.61126315065916,37.108324090085056,141.16159814329765,37.344720469019165
-32.13632192982456,116.96302631578948,5324.0,5346.0,-2.300736825244263,-50.61621015537378,22.0,156,,119.26359998598032,115.99739230874219,231.99478461748438,43.96416519624886,33.86910638320449,137.25025384057267,39.87006692843711
