lat,lon,t_start,t_end,climb_rate_ms,alt_gain_m,duration_s,circle_id,seg_id,avg_speed_kmh,turn_radius_m,circle_diameter_m,bank_angle_deg,bank_std_deg,bank_range_deg,bank_masd_deg
-32.14567552083333,116.91083802083334,542.0,573.0,1.0522360703812503,32.61931818181876,31.0,0,,123.02897937425927,168.61132681663616,337.22265363327233,35.22516157538826,6.195585068489258,26.091141285681122,7.887261546623717
-32.14635729166667,116.911125,573.0,604.0,1.436217008797664,44.522727272727586,31.0,2,,123.59899413658466,169.39253256075912,338.78506512151824,35.35004786156093,5.837457175464821,27.123444946264204,7.166739944659366
-32.147315104166665,116.91199270833334,604.0,635.0,1.2998533724340302,40.29545454545494,31.0,4,,125.20730602670625,171.59672545179686,343.1934509035937,35.70034423104912,6.004921753211818,22.190571965583384,8.76727711927521
-32.14875707070707,116.91313989898991,635.0,667.0,1.502005347593546,48.06417112299347,32.0,6,,125.81725870128608,177.99501020961296,355.9900204192259,34.97346318938661,6.583656808805142,23.397623975302846,8.896266151799598
-32.13444666666667,116.96527166666667,1313.0,1342.0,1.557063403781975,45.15483870967728,29.0,8,,120.55030514379948,154.55531435869128,309.11062871738255,36.48547978173737,8.105158976664258,31.366487745975363,8.919612084173421
-32.13739139784946,116.9648435483871,1375.0,1405.0,2.200000000000012,66.00000000000037,30.0,10,,127.05752373666101,168.5152746642119,337.0305493284238,36.998293308288595,9.909542935781683,34.7132383522792,11.13604034098697
-32.140625,116.96611927083333,1439.0,1470.0,1.2565982404692375,38.95454545454636,31.0,12,,127.25229545946941,174.39938530753113,348.79877061506227,36.141346370105104,5.2500605964344675,19.76859984011501,4.925581988573401
-32.14221277777778,116.96726777777778,1470.0,1499.0,1.9804226918798558,57.432258064515814,29.0,14,,127.71046065294745,163.73521717398003,327.47043434796007,38.07856056332166,5.966298516670413,24.32678682453259,8.299409642278572
-32.14319722222222,116.9679938888889,1499.0,1528.0,1.5764182424916362,45.71612903225745,29.0,16,,120.52056522020115,154.51718535325028,309.03437070650057,36.478721582215485,6.092545083725296,25.49726686763659,8.863131741393317
-32.07819247311828,116.90546935483871,2334.0,2364.0,2.164516129032257,64.93548387096772,30.0,18,,121.15686278412205,160.68928001332932,321.37856002665865,35.69776767582672,8.212965292309681,36.49555728681719,7.90667640441006
-32.079194086021495,116.9058290322581,2364.0,2394.0,2.6826612903225704,80.47983870967711,30.0,20,,119.3975284100893,158.35589032850598,316.71178065701196,35.30155397636521,7.083585574339889,35.57894854848007,8.017834013414863
-32.07996130952382,116.90704761904762,2394.0,2421.0,2.136288998357976,57.679802955665345,27.0,22,,121.14224994800557,144.6029092237424,289.2058184474848,38.59870114996043,4.472458710907099,17.999381685702318,5.869228106342768
-32.08091774193548,116.90809838709679,2421.0,2451.0,2.361693548387102,70.85080645161307,30.0,24,,126.55751856472078,167.85212220849687,335.70424441699373,36.88977079877925,4.9130544587436775,15.1565573945268,6.492051411362841
-32.08215,116.90937760416668,2451.0,2482.0,1.6686217008798083,51.727272727274055,31.0,26,,124.12616436540087,170.115019833197,340.230039666394,35.465204516369674,5.8284780438182135,24.454761942734923,5.746647045093378
-32.09182142857142,116.91549107142855,2947.0,2974.0,1.6655719759168521,44.97044334975501,27.0,28,,125.4006370349729,149.685984382414,299.371968764828,39.567349181723436,4.867432991571147,21.96928983345042,5.659553348341561
-32.12609425287357,116.92156034482758,3648.0,3676.0,1.9418719211822524,54.372413793103064,28.0,30,,122.70146755803262,151.88868400603894,303.7773680120779,37.94178652772715,7.139348943287047,31.130185471843827,6.6740132792167435
-32.12627528735632,116.9218752873563,3676.0,3704.0,1.614778325123163,45.213793103448566,28.0,32,,121.63337781098303,150.56652585008231,301.13305170016463,37.69914634279835,6.646633174936166,23.64212713296931,6.957053984020762
-32.12746612903226,116.92397526881722,3704.0,3734.0,1.74233870967741,52.2701612903223,30.0,34,,127.06803185086238,168.52921148352624,337.0584229670525,37.00057070266169,7.314101290746024,28.677422547226403,7.351339600616625
-32.12820376344086,116.925688172043,3734.0,3764.0,1.0903225806451278,32.70967741935383,30.0,36,,129.1975871223063,171.3536218838404,342.7072437676808,37.45929514399094,6.0254997073993275,21.57761954465882,6.1108941540859885
-32.097803225806445,117.0152005376344,5374.0,5404.0,1.5540322580645134,46.6209677419354,30.0,38,,109.94382220516445,145.81752305307006,291.6350461061401,33.104974574510365,9.660317681475561,32.329510717792225,10.251969797683296
-32.09985862068966,117.01552241379311,5438.0,5466.0,2.548275862068976,71.35172413793133,28.0,40,,109.0309392975454,134.96632286010794,269.9326457202159,34.71373567283946,5.904031105239139,27.062633997995437,7.273618450922293
-32.101021264367816,117.01581149425287,5466.0,5494.0,2.796551724137919,78.30344827586173,28.0,42,,108.22556624561302,133.96937428706758,267.93874857413516,34.51514377390847,5.672915764378563,20.31615273563916,5.393156553660335
-32.10170476190476,117.01612499999999,5494.0,5521.0,2.9428024083196567,79.45566502463073,27.0,44,,108.41400154652614,129.40968184876516,258.8193636975303,35.54129737431682,6.418195025326966,22.62501849354869,8.401068502244765
-32.10205172413793,117.01631954022989,5521.0,5549.0,2.9798029556650287,83.4344827586208,28.0,46,,108.34148520416818,134.11286709458406,268.2257341891681,34.54378605986071,5.2801247154418505,22.959544448216064,5.930878208289686
-32.10247741935484,117.01689731182796,5549.0,5579.0,2.723790322580627,81.7137096774188,30.0,48,,110.56896378605707,146.64664282583124,293.2932856516625,33.25377302346114,4.6893531654239435,18.104291816869928,5.763332889133895
-32.103028888888886,117.01768611111112,5579.0,5608.0,2.1112347052280347,61.225806451613,29.0,50,,107.27690125348299,137.53772897447664,275.0754579489533,33.35041055978187,7.63747016865668,31.156052543268423,11.606331130554683
-32.14177083333333,116.91762202380953,6318.0,6345.0,2.574712643678155,69.51724137931019,27.0,52,,108.6973179171097,129.74786585504438,259.49573171008876,35.61205618399837,5.645884514164624,21.966477943814567,6.447015996738003
-32.14251935483871,116.91887150537634,6345.0,6375.0,1.7967741935483934,53.9032258064518,30.0,54,,111.73260213498122,148.189966119186,296.379932238372,33.52940182242665,6.1750458612701244,23.229545513078335,8.387443963745636
-32.14289583333333,116.92005885416667,6375.0,6406.0,2.4382331378299473,75.58522727272836,31.0,56,,116.39345668310774,159.51733700409414,319.0346740081883,33.74284844835265,8.01358700366268,28.097792703788095,8.218682244734639
-32.14280632183909,116.92138160919541,6406.0,6434.0,3.117733990147776,87.29655172413773,28.0,58,,115.94486409712682,143.52487525581145,287.0497505116229,36.3797785041391,6.716863674415286,29.220247265890404,8.400187664714492
-32.14336896551725,116.92263275862071,6434.0,6462.0,3.086699507389136,86.42758620689581,28.0,60,,116.59552562061185,144.33031079380748,288.66062158761497,36.53301900489069,5.973812755231481,22.18129617703141,8.253179198120002
-32.14376666666667,116.92385402298848,6462.0,6490.0,2.933004926108384,82.12413793103475,28.0,62,,111.42823837815916,137.93387173926942,275.86774347853884,35.29926127280309,6.901061145195661,29.537273592720364,7.419324899129941
-32.14393777777778,116.92554111111113,6490.0,6519.0,2.7984427141268124,81.15483870967756,29.0,64,,118.69052525278725,152.17092499235588,304.34184998471176,36.06058412092476,6.964121890687805,28.443028961752034,7.82426604467464
-32.14434107142857,116.92735119047617,6519.0,6546.0,2.870552818828701,77.50492610837492,27.0,66,,115.41269112028118,137.76375215498135,275.5275043099627,37.25292173038717,5.4991459775826455,24.198817927535064,7.579860982616486
-32.14528214285715,116.92903571428572,6546.0,6573.0,2.9250136836343597,78.97536945812772,27.0,68,,115.95155764386544,138.4069766866952,276.8139533733904,37.38159844129271,7.596667773767934,29.706379825720802,10.622581826006316
-32.14595833333333,116.93059166666664,6573.0,6600.0,2.5123152709359817,67.8325123152715,27.0,70,,114.32655993009776,136.46727854675152,272.93455709350303,36.99222152639079,5.843707822883145,24.189236754021216,8.24398724053721
-32.14640722222222,116.93243000000001,6600.0,6629.0,2.606896551724126,75.59999999999965,29.0,72,,114.38563012559457,146.65169865053284,293.3033973010657,35.059221987021004,5.558699266596032,22.405587719884,7.912485231394172
-32.14685166666666,116.93440777777778,6629.0,6658.0,2.1241379310344555,61.599999999999206,29.0,74,,115.7124872697111,148.3528376295954,296.7056752591908,35.37053229679879,6.148423399885116,24.574319054294108,8.547230115498836
-32.149103645833335,116.93861354166667,6691.0,6722.0,1.766129032258127,54.75000000000193,31.0,76,,123.50806954160548,169.26792032161285,338.5358406432257,35.3301527361179,6.441351233015507,27.755785551715395,7.874813703137057
-32.15016666666667,116.94040287356322,6722.0,6750.0,2.162068965517223,60.53793103448225,28.0,78,,117.14296673469447,145.00797269992512,290.01594539985024,36.661480947095775,4.774535364259104,19.195610588248122,6.0774473771263695
-32.15279086021505,116.94461827956991,6881.0,6911.0,1.260887096774203,37.82661290322609,30.0,80,,113.07926824188856,149.9760375159245,299.952075031849,33.84620470617096,7.414002295150547,26.777846083742503,10.077249781518423
-32.15412083333333,116.94715892857141,6944.0,6971.0,1.5473453749315933,41.77832512315302,27.0,82,,116.13866682175578,138.6303218158885,277.260643631777,37.42617552575176,4.538445144302026,21.34568673526783,5.167857194119874
-32.15424,116.94806055555554,6971.0,7000.0,2.113681868743052,61.2967741935485,29.0,84,,117.43918132385696,150.56660010843325,301.1332002168665,35.772086191849354,7.200656819604945,24.830786248027664,5.944619539525337
-32.15455632183908,116.9496143678161,7000.0,7028.0,2.68522167487681,75.18620689655067,28.0,86,,117.17611524896388,145.04900631027502,290.09801262055004,36.669245811632706,6.463178060937532,30.008250030558326,7.878709603211236
-32.15559540229886,116.95086954022987,7028.0,7056.0,2.727093596059063,76.35862068965376,28.0,88,,114.33411283010362,141.53097171840264,283.0619434368053,35.99781145426865,6.161698679329343,24.652776045039836,8.28862933983385
-32.15654583333333,116.95196927083333,7056.0,7087.0,2.139112903225852,66.3125000000014,31.0,90,,111.19319487074148,152.3903735160071,304.7807470320142,32.544108987054486,5.473785675778421,23.08189294347369,6.223072642698217
-32.15766666666667,116.95350357142857,7087.0,7114.0,2.2690202517788935,61.26354679803013,27.0,92,,115.21813546413983,137.53151844712096,275.0630368942419,37.20635518923823,5.620247625699085,22.757386910302262,7.138248583055661
-32.15855353535353,116.95525252525252,7114.0,7146.0,1.590574866310036,50.898395721921155,32.0,94,,113.70127382565758,160.85439791287592,321.70879582575185,32.29924015925533,7.8410441915562235,35.122391573899534,10.782963687272552
