lat,lon,t_start,t_end,climb_rate_ms,alt_gain_m,duration_s,circle_id,seg_id,avg_speed_kmh,turn_radius_m,circle_diameter_m,bank_angle_deg
-31.65013888888889,117.23002777777778,1273.0,1305.0,-0.016666666666667034,-0.5333333333333451,32.0,0,,106.61248929451426,150.82581925825528,301.65163851651056,30.657047357771248
-31.651989583333332,117.23073958333333,1305.0,1333.0,2.402072865176355e-15,6.725804022493794e-14,28.0,1,,107.24197993008882,132.75182054427586,265.5036410885517,34.27131693585108
-31.65340714285714,117.23178095238094,1333.0,1357.0,10.0,240.0,24.0,2,,151.88839056842104,161.15858771491085,322.3171754298217,48.390643930749626
-31.654133333333338,117.23667878787879,1357.0,1397.0,2.0545454545454716,82.18181818181887,40.0,3,,107.79798512448458,190.62869097675915,381.2573819535183,25.61619551652202
-31.65589333333333,117.23781999999999,1397.0,1433.0,2.0121212121212135,72.4363636363637,36.0,4,,107.91076128617631,171.74531071504495,343.4906214300899,28.070946984203633
-31.657005000000005,117.23950666666667,1433.0,1469.0,0.6575757575757657,23.672727272727563,36.0,5,,113.45420586731692,180.56797678349002,361.13595356698005,29.279118845640724
-31.659761111111113,117.24185925925924,1469.0,1501.0,1.158333333333333,37.066666666666656,32.0,6,,109.37919663471273,154.7399094740883,309.4798189481766,31.304844893354478
-31.661522222222224,117.24290555555555,1501.0,1533.0,0.3916666666666574,12.533333333333037,32.0,7,,109.7004474359926,155.19438638960764,310.3887727792153,31.37949292906784
-31.66330208333333,117.24407083333332,1533.0,1561.0,0.601190476190523,16.833333333334643,28.0,8,,109.75866316386396,135.86715169756772,271.73430339513544,34.89236416778177
-31.66603333333333,117.244335,1561.0,1597.0,0.14848484848484858,5.345454545454549,36.0,9,,107.43035176322705,170.980715212187,341.961430424374,27.964932534163793
-31.668341666666663,117.24583333333332,1597.0,1633.0,0.8484848484848528,30.545454545454703,36.0,10,,106.60407061781277,169.66564792542383,339.33129585084765,27.782104701512466
-31.671341666666667,117.24887666666666,1633.0,1669.0,0.8424242424242493,30.327272727272973,36.0,11,,114.9154379115289,182.89359981189614,365.7871996237923,29.592943495034064
-31.67347037037037,117.2513388888889,1669.0,1701.0,0.6833333333333047,21.86666666666575,32.0,12,,109.75794966008532,155.2757353958577,310.5514707917154,31.39284204063261
-31.67487361111111,117.25351805555556,1701.0,1745.0,0.40909090909087137,17.99999999999834,44.0,13,,102.8912876099446,200.14691918482026,400.2938383696405,22.58922671341708
-31.63761851851852,117.29622962962964,2229.0,2261.0,2.9666666666666526,94.93333333333288,32.0,14,,109.82197459919527,155.36631215621776,310.7326243124355,31.40770093227722
-31.63916666666667,117.29664333333332,2261.0,2297.0,2.8606060606060666,102.9818181818184,36.0,15,,101.61561141148017,161.72626851442277,323.45253702884554,26.665251963275704
-31.64093833333333,117.29668333333333,2297.0,2333.0,1.6636363636363658,59.89090909090917,36.0,16,,105.82374409084528,168.42371968549776,336.8474393709955,27.608878764753708
-31.64279393939394,117.30053636363635,2333.0,2373.0,3.600000000000006,144.00000000000023,40.0,17,,112.17063015711182,198.36122510263522,396.72245020527043,26.5153478365994
-31.644050000000004,117.30140833333331,2373.0,2417.0,2.5996503496503287,114.38461538461446,44.0,18,,108.16180503993318,210.39927242702188,420.79854485404377,23.62218690921776
-31.644607407407403,117.30306481481483,2417.0,2449.0,2.891666666666657,92.53333333333302,32.0,19,,105.62125446057756,149.4235088263806,298.8470176527612,30.42281858976953
-31.6456962962963,117.30416111111111,2449.0,2481.0,2.183333333333298,69.86666666666554,32.0,20,,107.59754709946814,152.21939098171896,304.4387819634379,30.88869735898518
-31.646887037037043,117.30527037037038,2481.0,2513.0,2.1583333333333234,69.06666666666635,32.0,21,,102.12811539263794,144.4817279413139,288.9634558826278,29.58838115532396
-31.647857407407407,117.30606851851852,2513.0,2545.0,1.683333333333311,53.86666666666595,32.0,22,,103.09736826926115,145.85294026505275,291.7058805301055,29.821322263626076
-31.64906111111111,117.30685555555556,2545.0,2577.0,1.2416666666666722,39.73333333333351,32.0,23,,103.2425084565562,146.05827162726868,292.11654325453736,29.856110865627446
-31.64999444444445,117.3080925925926,2577.0,2609.0,1.0333333333333323,33.066666666666634,32.0,24,,102.14562625489017,144.5065007438494,289.0130014876988,29.592599135511534
-31.650519696969695,117.30916666666666,2609.0,2649.0,0.5272727272727633,21.090909090910532,40.0,25,,104.45132417246225,184.71049505045934,369.4209901009187,24.918729688292974
-31.56590740740741,117.40216481481482,3583.0,3615.0,4.074999999999981,130.39999999999938,32.0,26,,107.85056261929024,152.57733472090695,305.1546694418139,30.94801744326353
-31.56646875,117.40392708333333,3615.0,3643.0,2.708333333333363,75.83333333333415,28.0,27,,105.21503359588316,130.24272087839165,260.4854417567833,33.76435601034192
-31.567546296296296,117.40611851851853,3643.0,3675.0,2.541666666666645,81.33333333333265,32.0,28,,108.59760261896912,153.63418013100707,307.26836026201414,31.122733533361345
-31.56871041666667,117.40792916666666,3675.0,3703.0,2.76190476190479,77.33333333333411,28.0,29,,111.94105691483472,138.56867533387774,277.13735066775547,35.423427593448395
-31.569674074074076,117.41001851851853,3703.0,3735.0,3.691666666666659,118.13333333333308,32.0,30,,110.70515755589327,156.61576045144446,313.2315209028889,31.612189897138414
-31.570394444444446,117.41214629629629,3735.0,3767.0,3.324999999999976,106.39999999999924,32.0,31,,111.40381114207507,157.6041530892197,315.2083061784394,31.773319902886573
-31.57144074074074,117.41409814814814,3767.0,3799.0,3.208333333333311,102.66666666666595,32.0,32,,111.8622865740639,158.25276314510603,316.50552629021206,31.87875377427191
-31.572418518518518,117.41541666666666,3799.0,3831.0,3.399999999999964,108.79999999999885,32.0,33,,113.05049678092527,159.93373672603252,319.86747345206504,32.15088168014086
-31.572862962962958,117.41724074074075,3831.0,3863.0,2.949999999999958,94.39999999999866,32.0,34,,114.60385562067135,162.1312899503977,324.2625799007954,32.50420166888699
-31.573802083333334,117.41941875,3863.0,3891.0,3.3214285714285983,93.00000000000075,28.0,35,,106.46736895318779,131.79295147579887,263.58590295159775,34.07829319861128
-31.575692592592596,117.42118888888889,3891.0,3923.0,3.6249999999999587,115.99999999999868,32.0,36,,111.77485194320319,158.12906844556028,316.25813689112056,31.858665345007303
-31.577021666666667,117.42314999999999,3923.0,3959.0,3.348484848484837,120.54545454545413,36.0,37,,110.62574596234936,176.06634303136184,352.1326860627237,28.66614927508083
-31.57870833333333,117.42516,3959.0,3995.0,2.778787878787884,100.03636363636383,36.0,38,,108.63727110987458,172.90158701150892,345.80317402301785,28.230872965113555
-31.30401875,117.60861458333332,4867.0,4895.0,4.196428571428602,117.50000000000087,28.0,39,,105.95447765218984,131.15805780828933,262.31611561657866,33.95000060169049
-31.304387500000004,117.60829375,4895.0,4923.0,3.9880952380952794,111.66666666666782,28.0,40,,104.09966406484271,128.86203641208695,257.7240728241739,33.48280312828098
-31.30503541666667,117.60817083333333,4923.0,4951.0,3.8095238095238435,106.66666666666762,28.0,41,,106.37123326095964,131.673947815377,263.347895630754,34.05427572060602
-31.306375925925927,117.60837777777778,4951.0,4983.0,2.6083333333333134,83.46666666666603,32.0,42,,111.02266774024554,157.06494547652608,314.12989095305215,31.685486423622947
-31.307351851851852,117.60807222222222,4983.0,5015.0,2.200000000000001,70.40000000000003,32.0,43,,114.96418438131639,162.64105086946287,325.28210173892575,32.58576657450636
-31.308016666666667,117.60819814814815,5015.0,5047.0,1.3249999999999635,42.39999999999883,32.0,44,,116.81481957485406,165.2591641042304,330.5183282084608,33.002347950453014
-31.309553333333334,117.60920666666667,5047.0,5083.0,0.8696969696969856,31.30909090909148,36.0,45,,113.8911610735142,181.26341259325037,362.52682518650073,29.373165785911564
-31.274442592592592,117.66978703703704,5259.0,5291.0,3.891666666666663,124.53333333333322,32.0,46,,113.96786936431145,161.2315534487249,322.4631068974498,32.3598764860153
-31.274900000000002,117.67057962962963,5291.0,5323.0,3.3499999999999823,107.19999999999943,32.0,47,,109.9619988255331,155.5644059142114,311.1288118284228,31.440181325004115
-31.275462500000003,117.67116458333334,5323.0,5351.0,3.65476190476191,102.33333333333348,28.0,48,,110.51290833899385,136.8008105147632,273.6016210295264,35.07668644702273
-31.27589761904762,117.67214047619048,5351.0,5375.0,2.857142857142916,68.57142857142998,24.0,49,,109.8303755950246,116.53364785058423,233.06729570116846,39.15173743757663
-31.276102083333335,117.67360208333334,5375.0,5403.0,2.5119047619047916,70.33333333333417,28.0,50,,107.53781512886096,133.11802658824934,266.2360531764987,34.34480262210899
-30.909025,117.93580625,6514.0,6542.0,5.898809523809528,165.1666666666668,28.0,51,,117.31438771774,145.2201698972691,290.4403397945382,36.701618512566554
-30.909419047619046,117.93724285714288,6542.0,6566.0,5.571428571428605,133.71428571428652,24.0,52,,120.09344079586988,127.42309823717716,254.84619647435431,41.677364326950496
-30.909520833333332,117.93826666666666,6566.0,6594.0,3.6011904761905025,100.83333333333407,28.0,53,,121.4824410857804,150.37968553744818,300.75937107489636,37.66472896310056
-30.751559259259256,117.96057222222223,7338.0,7370.0,2.6249999999999525,83.99999999999848,32.0,54,,108.18020710471127,153.04368627039798,306.08737254079597,31.025193016151853
-30.751459999999998,117.96119666666667,7370.0,7406.0,2.3818181818181943,85.74545454545499,36.0,55,,110.61396787159697,176.04759761772755,352.0951952354551,28.663581607964705
-30.654947916666664,117.60483125,8262.0,8290.0,2.47619047619052,69.33333333333455,28.0,56,,119.77288280182523,148.26347158215245,296.5269431643049,37.27267180512762
-30.65666458333333,117.60664166666666,8290.0,8318.0,2.2321428571429065,62.50000000000138,28.0,57,,129.7523763364979,160.61680500346063,321.23361000692125,39.5039615628193
-30.655135416666667,117.6044125,8318.0,8378.0,1.6897058823529585,101.38235294117752,60.0,58,,131.72470582431671,349.4106343210964,698.8212686421928,21.335263679387797
-30.652934615384613,117.59815641025641,8378.0,8426.0,0.8502747252747205,40.81318681318658,48.0,59,,114.86101245859356,243.74263868433255,487.4852773686651,23.061171530570654
-30.65579375,117.60057187500001,8426.0,8486.0,2.7705882352941225,166.23529411764736,60.0,60,,114.36484585140148,303.36217555321974,606.7243511064395,18.732675180824554
-30.656026388888886,117.60162222222222,8486.0,8530.0,1.2465034965034956,54.846153846153804,44.0,61,,118.25520719397646,230.03323164894863,460.06646329789726,25.555400804478058
-30.6567625,117.60424166666667,8530.0,8558.0,3.464285714285743,97.0000000000008,28.0,62,,105.35882816445991,130.42072011689308,260.84144023378616,33.80052025447847
-30.657229629629633,117.60509444444445,8558.0,8590.0,3.291666666666618,105.33333333333178,32.0,63,,114.81181995313521,162.42549929705038,324.85099859410076,32.55129507125187
-30.657707407407404,117.60662407407406,8590.0,8622.0,3.2000000000000073,102.40000000000023,32.0,64,,113.82977436809732,161.03618899304726,322.0723779860945,32.32847734865439
-30.53249833333333,117.33086,9298.0,9334.0,1.1848484848484802,42.654545454545286,36.0,65,,114.04570069104969,181.50937003359343,363.01874006718685,29.406386206020333
-30.534987037037038,117.33286851851852,9334.0,9366.0,0.7916666666666344,25.333333333332302,32.0,66,,120.83596295378014,170.94791828767333,341.89583657534666,33.894096755439335
-30.47652,117.21583333333334,9942.0,9978.0,2.2454545454545527,80.8363636363639,36.0,67,,117.42316695885621,186.88477455006887,373.76954910013774,30.12699882802676
-30.47741666666667,117.21652166666668,9978.0,10014.0,2.293939393939395,82.58181818181822,36.0,68,,115.58900827421509,183.96562033931323,367.93124067862647,29.73695097764128
-30.4781196969697,117.21819545454545,10014.0,10054.0,2.690909090909097,107.63636363636388,40.0,69,,114.69716656760076,202.82912242075713,405.65824484151426,27.028570710245674
-30.47800166666667,117.22068666666667,10054.0,10090.0,2.8727272727272872,103.41818181818235,36.0,70,,112.46929731782654,179.00044614204143,358.00089228408285,29.06649858835452
-30.478888333333334,117.22140999999999,10090.0,10126.0,2.306060606060602,83.01818181818167,36.0,71,,115.5721478381372,183.93878612186842,367.87757224373684,29.73335129436072
-30.47964666666666,117.22154166666667,10126.0,10162.0,2.88787878787883,103.96363636363787,36.0,72,,119.34869602053058,189.9493492323946,379.8986984647892,30.533187446767336
-30.4804,117.22216666666667,10162.0,10190.0,3.369047619047659,94.33333333333445,28.0,73,,108.85772558611804,134.75190649489159,269.50381298978317,34.67110417771259
-30.480858333333334,117.22262333333333,10190.0,10226.0,2.063636363636418,74.29090909091106,36.0,74,,118.83367912622083,189.12967438734228,378.25934877468455,30.424875179231684
-30.477225925925925,117.21625185185184,10290.0,10322.0,4.091666666666604,130.93333333333132,32.0,75,,114.3860125975157,161.8231051152572,323.6462102305144,32.45481828967555
-30.478094999999996,117.2169483333333,10322.0,10358.0,4.257575757575726,153.27272727272612,36.0,76,,120.50269930936493,191.7860025100175,383.572005020035,30.775008826571348
-30.479448333333334,117.21776,10358.0,10394.0,3.7060606060606776,133.4181818181844,36.0,77,,116.9132786005179,186.0732620235233,372.1465240470466,30.01887403734929
-30.427689393939396,117.05704545454546,10782.0,10822.0,2.4454545454545644,97.81818181818258,40.0,78,,110.97791212222876,196.25203653634088,392.50407307268176,26.271457923819163
-30.427616666666665,117.05916333333332,10822.0,10858.0,1.8393939393939638,66.2181818181827,36.0,79,,114.74382903600988,182.62047580372322,365.24095160744645,29.55618808770331
-30.36724222222222,116.95932111111111,11134.0,11190.0,2.660714285714289,149.0000000000002,56.0,80,,109.98908304692125,272.3047639365278,544.6095278730556,19.26134613270319
-30.36549444444444,116.96086111111111,11190.0,11234.0,2.2307692307691886,98.1538461538443,44.0,81,,120.16026938894707,233.73901022394614,467.4780204478923,25.91354441101991
-30.365348333333333,116.96124333333334,11234.0,11270.0,2.5363636363636193,91.30909090909029,36.0,82,,115.47567742229494,183.78524868643416,367.5704973728683,29.712750005792618
-30.365585185185182,116.96158888888888,11270.0,11302.0,2.2999999999999794,73.59999999999934,32.0,83,,113.32054872724724,160.31578207846567,320.63156415693135,32.212504556814665
-30.365796969696973,116.9625803030303,11302.0,11342.0,1.9999999999999827,79.9999999999993,40.0,84,,114.87561370581773,203.14468624439968,406.28937248879936,27.064643685396426
-30.28913690476191,116.84296071428571,11750.0,11802.0,2.5208791208791186,131.08571428571418,52.0,85,,126.53688341949068,290.89624026168093,581.7924805233619,23.40944898917358
-30.290602777777778,116.84390138888891,11802.0,11846.0,2.255244755244722,99.23076923076778,44.0,86,,120.91996405245229,235.21678885762535,470.4335777152507,26.055761184332795
-30.290613636363638,116.84488636363636,11846.0,11886.0,2.0863636363636147,83.45454545454459,40.0,87,,123.58932075126357,218.553903454815,437.10780690963,28.797794574091782
-30.376980000000003,116.86367833333334,12110.0,12146.0,1.2499999999999654,44.99999999999875,36.0,88,,124.19922668586807,197.6692085524674,395.3384171049348,31.541476951460414
-30.534514814814813,116.90716666666668,12542.0,12574.0,2.524999999999958,80.79999999999866,32.0,89,,113.5964777575583,160.7061418039462,321.4122836078924,32.27538237640133
-30.536098484848484,116.90917575757572,12574.0,12614.0,2.418181818181814,96.72727272727256,40.0,90,,111.22437406240982,196.6878769370502,393.3757538741004,26.321939509594092
-30.53774166666667,116.91135166666668,12614.0,12650.0,2.5484848484848266,91.74545454545375,36.0,91,,108.50329612649108,172.68835920294754,345.3767184058951,28.201417095563663
-30.537946666666663,116.91309000000001,12650.0,12686.0,2.263636363636377,81.49090909090957,36.0,92,,113.28264117762374,180.29492309924305,360.5898461984861,29.242145139592594
-30.538788333333333,116.91449499999999,12686.0,12722.0,2.1696969696969606,78.10909090909058,36.0,93,,107.7245681699055,171.4489751668031,342.8979503336062,28.029883563519043
-30.64911333333334,116.91172000000002,12982.0,13018.0,2.2909090909090866,82.47272727272711,36.0,94,,124.62363877163563,198.3446813660459,396.6893627320918,31.62868486932706
-30.650166666666664,116.91188333333334,13018.0,13046.0,2.4642857142857886,69.00000000000207,28.0,95,,111.93625707965901,138.56273375336698,277.12546750673397,35.42226720220907
-30.65178333333333,116.9114090909091,13046.0,13086.0,2.568181818181825,102.727272727273,40.0,96,,112.01953984404457,198.09403876732463,396.18807753464927,26.484509530851312
-30.65442,116.91063833333332,13086.0,13122.0,3.909090909090932,140.72727272727354,36.0,97,,117.67468374577264,187.28507594915226,374.5701518983045,30.180247394270875
-30.656303333333334,116.91080833333335,13122.0,13158.0,3.5696969696969827,128.50909090909138,36.0,98,,114.94020501669517,182.93301788402906,365.8660357680581,29.59824593526177
-30.656583333333334,116.91216111111112,13158.0,13202.0,2.762237762237737,121.53846153846044,44.0,99,,109.37868583853881,212.7663819123204,425.5327638246408,23.858413014092292
-30.657637037037034,116.91385555555556,13202.0,13234.0,3.2833333333332986,105.06666666666555,32.0,100,,108.32223646551323,153.244616713383,306.489233426766,31.058406103646202
-30.957811666666665,117.02958166666664,13930.0,13966.0,2.7363636363636457,98.50909090909124,36.0,101,,112.95710451367296,179.77681540698893,359.55363081397786,29.17191562339858
-30.959931666666666,117.02987,13966.0,14002.0,2.648484848484887,95.34545454545594,36.0,102,,115.00920299202839,183.0428315724052,366.0856631448104,29.613014913388277
-30.96153148148148,117.03091666666666,14002.0,14034.0,3.6499999999999493,116.79999999999838,32.0,103,,114.49128048243745,161.97202870844941,323.94405741689883,32.47868849557819
-30.96225,117.03242333333333,14034.0,14070.0,2.42424242424246,87.27272727272856,36.0,104,,114.5219307344126,182.2673136880942,364.5346273761884,29.508621953970867
