lat,lon,t_start,t_end,climb_rate_ms,alt_gain_m,duration_s,circle_id,seg_id,avg_speed_kmh,turn_radius_m,circle_diameter_m,bank_angle_deg,bank_std_deg,bank_range_deg,bank_masd_deg
-32.936690833333344,117.06554333333334,616.0,646.0,1.4545796895267513,43.637390685802536,30.0,0,,106.33211546133188,141.02734820907602,282.05469641815205,32.23538763359684,9.587567304518199,37.55517830870696,12.841094350069145
-32.93662816091954,117.06390804597699,941.0,969.0,3.063054187192114,85.76551724137919,28.0,2,,102.8768865785124,127.34839466902397,254.69678933804795,33.17202015084198,8.610168067849827,29.042009468050832,8.777089446182778
-32.936747979797985,117.06733636363634,969.0,1001.0,3.2984625668448855,105.55080213903634,32.0,4,,107.25276380652882,151.73162240068078,303.46324480136155,30.80774366565741,10.452893993642675,41.01516259936992,11.058160056243786
-32.94375591397849,117.08862258064518,1198.0,1228.0,4.050403225806416,121.51209677419249,30.0,6,,101.30041100690016,134.35384290824004,268.7076858164801,30.995607033677004,7.616837619492747,28.794709670825235,6.550604956051788
-32.943422023809525,117.08972738095237,1228.0,1255.0,2.749589490968777,74.23891625615698,27.0,8,,104.557422527803,124.80622974185806,249.61245948371612,34.56562398255776,9.59889093033055,32.92209515008365,8.141800094753924
-32.94312298850575,117.09985574712643,1335.0,1363.0,2.7334975369457983,76.53793103448236,28.0,10,,107.14344816022418,132.62985084696604,265.2597016939321,34.246813009647695,9.22447429546918,31.893446248231527,7.325677333383035
-32.94486666666666,117.10345517241377,1398.0,1426.0,3.422660098522156,95.83448275862037,28.0,12,,111.07361475326131,137.49489316162763,274.98978632325526,35.213174436471085,11.009015756380803,43.97461508185629,8.05472886550704
-32.94536011904761,117.1054238095238,1426.0,1453.0,3.232621784345932,87.28078817734017,27.0,14,,99.2048199874036,118.41703109652704,236.83406219305408,33.17257772710604,7.282811972353545,32.17745578777494,7.212731214516639
-33.08060885416667,117.07714322916667,2186.0,2217.0,4.443365102639341,137.74431818181955,31.0,16,,99.8011441576507,136.777557774007,273.555115548014,29.802896531264686,7.938139414668896,34.37268009502539,8.563016813331
-33.08137738095238,117.07957023809523,2217.0,2244.0,4.765188834154376,128.66009852216814,27.0,18,,111.08536224239076,132.5983837952271,265.1967675904542,36.20352097289614,7.595672146077489,33.69605079544681,6.562643941430294
-33.08191319444444,117.08142291666667,2244.0,2267.0,4.52173913043474,103.999999999999,23.0,20,,100.43177406423446,102.12136265935014,204.24272531870028,37.842773429749364,5.553512378494173,19.585907170943287,7.3325162152983525
-33.0822908045977,117.08357816091954,2267.0,2295.0,4.206896551724105,117.79310344827493,28.0,22,,99.70978299792317,123.42792652353096,246.8558530470619,32.35673251739311,5.620789593501795,23.65683405453784,6.761360660413378
-33.08266845238096,117.08626726190478,2295.0,2322.0,4.4989053092501745,121.47044334975472,27.0,24,,99.4997814693163,118.76911543053794,237.53823086107587,33.250529149390644,7.3591295364435325,27.448432223739893,6.974931679305914
-33.08258154761905,117.0882255952381,2322.0,2349.0,2.9844006568144756,80.57881773399085,27.0,26,,97.39685790445353,116.25893532834539,232.51787065669077,32.69173768579833,6.9890787743937555,29.001790714951632,7.818923294496402
-33.08267797619048,117.09043095238097,2349.0,2376.0,2.8278598795840244,76.35221674876865,27.0,28,,100.73015455535557,120.23776511921578,240.47553023843156,33.57419172382491,10.213947712978928,37.938450999947385,9.738301275014926
-33.082837777777776,117.09322611111111,2376.0,2405.0,3.175528364849881,92.09032258064654,29.0,30,,102.10879109306747,130.91179062010613,261.82358124021226,32.064319737524045,8.750957588287731,35.87609798203049,11.12663316413048
-33.22788817204301,117.02024677419357,3932.0,3962.0,2.7556451612903285,82.66935483870985,30.0,32,,100.83300548264064,133.73392707812036,267.4678541562407,30.878763167039526,10.661784447109989,43.032459979591486,8.978483603499873
-33.228713461538455,117.02252243589744,3962.0,3987.0,2.249230769230756,56.23076923076889,25.0,34,,99.18531074465925,109.62383671609858,219.24767343219716,35.21656026890536,7.484295088607151,27.93718119097377,10.127539226463385
-33.229637333333336,117.02467666666665,3987.0,4011.0,2.248461538461561,53.963076923077466,24.0,36,,99.65001432141607,105.7319490562102,211.4638981124204,36.45368472165213,9.554813025309958,37.053470633464094,8.714191513069776
-33.230688666666666,117.02645933333334,4011.0,4035.0,2.010769230769256,48.25846153846214,24.0,38,,101.64184466521117,107.84534668964633,215.69069337929267,36.997162395523524,6.896150721091713,22.201788250098737,4.72061497096896
-33.23153799999999,117.02817800000001,4035.0,4059.0,1.873076923076951,44.953846153846825,24.0,40,,98.35957153865229,104.3627467385161,208.7254934770322,36.09746372034629,8.27559510120757,32.86524544360252,7.411385684620417
-33.23210133333333,117.02978666666667,4059.0,4083.0,2.3569230769230542,56.5661538461533,24.0,42,,102.57088113188811,108.83108499620809,217.66216999241618,37.24802980161544,9.126221212017837,43.76777206057516,6.0577431453295505
-33.23262013888888,117.03225555555555,4083.0,4106.0,2.40173913043479,55.24000000000017,23.0,44,,103.42102918358003,105.16090675750343,210.32181351500685,38.65976915792438,5.450079427738806,22.404506989667887,4.98730734147161
-33.23300714285715,117.03453333333333,4106.0,4133.0,2.626163108921734,70.90640394088682,27.0,46,,99.21934011377883,118.43436322067907,236.86872644135815,33.17641830685559,6.915812533124908,23.664548697461374,6.293670466198379
-33.23348494623656,117.03635483870967,4133.0,4163.0,1.8556451612903369,55.669354838710106,30.0,48,,94.68013410380627,125.57342796020257,251.14685592040513,29.313997058883988,8.356327227183504,34.654888909537256,7.925161166250393
-33.23379540229885,117.03867528735631,4163.0,4191.0,2.4266009852216532,67.94482758620629,28.0,50,,95.37789607630567,118.06560595082662,236.13121190165324,31.217350841056508,9.46190978293921,35.447498332931126,7.045261792236861
-33.234690625,117.04446041666668,4224.0,4255.0,2.755498533724401,85.42045454545642,31.0,52,,100.72155968258392,138.03898807824058,276.07797615648116,30.030271280130286,6.408299836622572,24.434286519692982,9.995961456054463
-33.23522171717171,117.04746616161616,4255.0,4287.0,2.4986631016042216,79.95721925133509,32.0,54,,101.8471209990069,144.0842021926251,288.1684043852502,29.52064757468672,5.903385925314211,27.885885671416755,6.89892101410906
-33.23534139784946,117.05066344086022,4287.0,4317.0,2.1915322580645085,65.74596774193526,30.0,56,,100.36890546265371,133.11839530920398,266.23679061840795,30.762462973945503,7.069319976359395,26.173922438166063,7.637944994024534
-33.23700858585859,117.05302272727272,4317.0,4349.0,2.2657085561497166,72.50267379679093,32.0,58,,110.22766163184949,155.94024190373065,311.8804838074613,31.501743344532965,12.113266793976713,49.153730606914735,9.100092356981351
-33.111278666666664,116.93215400000001,5003.0,5027.0,1.686923076923111,40.486153846154664,24.0,60,,102.21707132969814,108.45568113665543,216.91136227331086,37.15268667243107,7.989208187814015,26.22520717824732,6.793446511582359
-33.11135763888888,116.93451319444443,5027.0,5050.0,1.6460869565217278,37.85999999999974,23.0,62,,101.30032395985529,103.0045243848585,206.009048769717,38.082052831690525,8.75980717262668,33.05666819398132,7.6529047546042515
-33.111283928571424,116.93725892857141,5050.0,5077.0,1.9417077175698236,52.42610837438524,27.0,64,,100.39765420797738,119.8408720652282,239.6817441304564,33.48696183245775,6.782551787284112,26.781187676959263,6.998641773089293
-33.11161666666667,116.93950733333332,5077.0,5101.0,2.2899999999999894,54.959999999999745,24.0,66,,105.29082439883081,111.71703443529776,223.43406887059552,37.97298100370173,6.4945921455969255,23.392466546054532,9.482852232264399
-33.11214022988506,116.94186666666667,5101.0,5129.0,1.848275862068943,51.7517241379304,28.0,68,,101.90825724304236,126.14935574974939,252.29871149949878,32.924256554278095,8.525520026194057,32.2120673676932,8.526695537098684
-33.112756,116.94339666666669,5129.0,5153.0,2.3100000000000365,55.44000000000088,24.0,70,,100.99764667822384,107.16183139658713,214.32366279317426,36.82223197525885,7.269582021351701,29.84722259757879,6.005582095585446
-33.11312716049384,116.94506234567903,5153.0,5179.0,1.6868131868132072,43.85714285714339,26.0,72,,103.16682537715465,118.58535160241289,237.17070320482577,35.220250434456794,7.944105136870232,33.413291976630994,6.977393627556208
-33.11325747126436,116.94599770114945,5179.0,5207.0,0.9152709359606025,25.62758620689687,28.0,74,,99.77529640929696,123.50902372665614,247.01804745331228,32.37374860293584,11.045345877381783,48.741382908558414,8.339727096348742
-33.112972023809526,116.94714702380952,5207.0,5234.0,1.3004926108374857,35.11330049261211,27.0,76,,106.20001706012278,126.76693253671615,253.5338650734323,34.98403404656839,11.387590276621387,45.13744142559951,7.002070176712786
-33.11205512820513,116.94827435897436,5234.0,5259.0,1.324444444444461,33.111111111111526,25.0,78,,108.21101645245663,119.59943170421447,239.19886340842893,37.59940265556105,9.634559891422871,42.990961744708365,5.1168223273833915
-33.111473076923076,116.94982435897435,5259.0,5284.0,1.6974358974359345,42.43589743589836,25.0,80,,107.88207354246394,119.23586996726746,238.47173993453492,37.515112303005324,9.613667888417785,42.327082051848436,8.223425639713232
-33.101736309523815,116.94664702380953,5371.0,5398.0,1.178981937602644,31.832512315271387,27.0,82,,112.91840135917192,134.78641306760102,269.57282613520204,36.65154613346071,10.02698106840193,40.542197184170604,6.11644224424361
-33.10264277777778,116.94961333333332,5398.0,5427.0,1.7243604004449362,50.00645161290315,29.0,84,,109.66232668980507,140.5960387626617,281.1920775253234,33.9315561369821,7.438589850601464,29.573340883903942,7.024976982044308
-33.082208620689656,116.93708333333335,5547.0,5575.0,1.3300492610837271,37.24137931034436,28.0,86,,112.53313423265371,139.30159113694927,278.60318227389854,35.56630987084926,6.262820635295708,25.22359618779297,5.436932590478911
-32.95397083333333,116.82066875,6240.0,6271.0,2.50568181818186,77.67613636363767,31.0,88,,103.52788429267022,141.88505847881996,283.7701169576399,30.717122128456246,8.017211245216487,30.677631123856067,9.695638543302264
-32.95512654320988,116.82273950617284,6271.0,6297.0,2.741758241758238,71.28571428571418,26.0,90,,103.14571790529362,118.5610895689256,237.1221791378512,35.214727054438434,6.349533119865205,28.89615761698212,7.506712547811633
-32.95611111111112,116.82421277777777,6297.0,6326.0,2.422469410456014,70.25161290322441,29.0,92,,99.01441487223529,126.9445481566027,253.8890963132054,31.276485749289858,10.014955844445506,34.43790538549519,6.282830102807793
-32.95791666666667,116.82574652777778,6326.0,6349.0,2.4621739130434617,56.62999999999962,23.0,94,,104.37554626836418,106.13148191947798,212.26296383895595,38.916796412674415,10.30138583730385,42.71668257131874,8.547223737340007
-32.9590768115942,116.82788478260869,6349.0,6371.0,2.7618577075098316,60.7608695652163,22.0,96,,104.46536343985673,101.60442705932788,203.20885411865575,40.1913899708172,5.4756711749145515,22.760567273738733,7.511256103780776
-32.96011944444445,116.83004055555557,6371.0,6400.0,1.536151279199138,44.548387096775,29.0,98,,98.27879135095894,126.0014188592949,252.0028377185898,31.087226770388742,9.887563194473403,37.907282681477994,8.503451562017462
-32.96120961538462,116.832625,6400.0,6425.0,1.9435897435897755,48.58974358974439,25.0,100,,100.2445275630623,110.79452833036885,221.5890566607377,35.50380602670384,7.5100929990585925,23.90080430081776,6.970138914854682
-32.962521839080466,116.83463620689655,6425.0,6453.0,1.3886699507389184,38.882758620689714,28.0,102,,98.59018528207444,122.04200810657314,244.08401621314627,32.06494383246198,9.225628667837992,44.53267160991546,10.06513350997765
-32.96425192307692,116.83412628205127,6498.0,6523.0,2.589743589743639,64.74358974359097,25.0,104,,104.19534822145773,115.16114386546056,230.32228773092112,36.557283656196695,7.768984337717587,27.769383964469462,7.163911773978648
-32.96505,116.83530114942529,6523.0,6551.0,2.650246305418713,74.20689655172397,28.0,106,,108.49349050856387,134.30103017124554,268.6020603424911,34.58131502775353,7.010470579553049,25.44967629663689,7.193206009922757
-32.96582866666667,116.83630466666668,6551.0,6575.0,1.1915384615385067,28.596923076924163,24.0,108,,105.66163715067506,112.1104789847479,224.2209579694958,38.07072261290595,9.838141920535993,37.44331997722257,6.933916337718591
-32.9657440860215,116.84117903225805,6617.0,6647.0,1.703225806451602,51.09677419354806,30.0,110,,109.82347775962037,145.6579112748868,291.3158225497736,33.07627173549297,11.889085529241036,55.189088444447215,10.652273163837743
-32.919995,116.81002388888888,6999.0,7028.0,1.4235817575083212,41.283870967741315,29.0,112,,104.76094273294248,134.31206513570228,268.62413027140457,32.72894264995074,10.643178269447318,41.16859903794241,9.202775002648718
-32.863508888888894,116.76402944444446,7382.0,7411.0,1.5221357063403882,44.14193548387126,29.0,114,,108.6531225805072,139.30215685851755,278.6043137170351,33.68664762400525,9.296573099108413,34.62588959915057,9.449667640089512
-32.815597849462364,116.75572204301076,7637.0,7667.0,2.3108870967742092,69.32661290322628,30.0,116,,113.54760589902648,150.59718962567098,301.19437925134196,33.95583413738978,12.016483355750246,55.71090365766938,8.310933614705746
-32.81038484848485,116.76157424242425,7712.0,7744.0,1.9966577540106245,63.893048128339984,32.0,118,,100.1628272716702,141.7014139941868,283.4028279883736,29.1127462165117,11.427244322561924,35.37674490516836,8.049939240898846
-32.80963717948718,116.76288461538459,7744.0,7769.0,2.0389743589744103,50.97435897436026,25.0,120,,108.53667100171195,119.95935900459189,239.91871800918378,37.6826626705786,10.439033856732012,42.444892277163945,6.460305306355508
-32.809998717948716,116.76421923076921,7769.0,7794.0,1.3094017094017112,32.73504273504278,25.0,122,,99.78151105516021,110.28278273338437,220.56556546676873,35.3784934194286,8.652866163249712,26.626029887673905,5.401327322677177
-32.80980104166666,116.76555364583334,7794.0,7825.0,0.7369868035191074,22.846590909092328,31.0,124,,99.15730496058109,135.89517557571023,271.79035115142045,29.643228560700244,11.236267908715282,48.683434048533876,8.153660901378657
-32.66410913978495,116.7441188172043,8902.0,8932.0,0.8463709677419153,25.39112903225746,30.0,126,,109.01129317690445,144.58071801620122,289.16143603240243,32.8820708003471,10.77726373103043,38.15035237876083,8.680016492449601
-32.665717816091956,116.74664195402299,8973.0,9001.0,-0.38128078817737177,-10.67586206896641,28.0,128,,104.20533301247445,128.99284102034068,257.98568204068135,33.50955608803356,8.983339952161538,37.86020206634782,8.325066448691887
-32.698415624999996,116.78435364583333,9200.0,9231.0,1.8275293255132419,56.6534090909105,31.0,130,,105.59697315662225,144.7207466266603,289.4414932533206,31.21735487816467,8.238625307439925,35.693121946789944,9.384254841426838
-32.699507070707064,116.78657929292928,9231.0,9263.0,1.4381684491978108,46.02139037432995,32.0,132,,100.31783427030196,141.92070403904086,283.8414080780817,29.150421982175875,8.830810228690668,37.1926032293927,8.72154648720955
-32.69957555555555,116.78717277777778,9263.0,9292.0,0.30789766407118957,8.929032258064497,29.0,134,,97.65918409410617,125.20703186668152,250.41406373336304,30.927228883942355,10.380746519203106,40.42517553067095,9.459308185127778
-32.700729310344826,116.78922241379311,9292.0,9320.0,1.3477832512314858,37.737931034481605,28.0,136,,103.37238328623214,127.96175606039675,255.9235121207935,33.29822352956963,8.95586126099189,37.3136345844524,6.119795883849286
-32.70258383838384,116.7907282828283,9320.0,9352.0,0.7269385026737478,23.26203208555993,32.0,138,,104.95053778283548,148.47463882925328,296.94927765850656,30.263687267280577,9.776308173533879,41.7063305030635,8.92339391737318
-32.70474427083333,116.79592864583333,9395.0,9426.0,-0.37481671554247814,-11.619318181816823,31.0,140,,98.35913490317938,134.80128279460854,269.6025655892171,29.444582244406902,7.559151852609959,30.07476021408572,7.2867253616274406
