lat,lon,t_start,t_end,climb_rate_ms,alt_gain_m,duration_s,circle_id,seg_id,avg_speed_kmh,turn_radius_m,circle_diameter_m,bank_angle_deg,bank_std_deg,bank_range_deg,bank_masd_deg
-32.93612719298246,117.1688149122807,160.0,178.0,3.2315789473683947,58.1684210526311,18.0,0,,103.88780235664412,82.67128636006883,165.34257272013767,45.75852703603927,15.897819656376305,56.657163563408815,23.504937857343762
-32.93673245614035,117.16832631578946,178.0,196.0,2.8526315789473196,51.347368421051755,18.0,2,,105.05273012428562,83.59830642289458,167.19661284578916,46.077811719847816,16.33388856831396,68.75601872020157,18.618985079316875
-32.9374746031746,117.16797936507936,196.0,216.0,2.2753246753246494,45.50649350649299,20.0,4,,98.7039178432108,87.2734245960185,174.546849192037,41.28432575355823,10.86566825970852,42.14170703875674,13.74454092232672
-32.93812045454545,117.1676606060606,216.0,237.0,2.1372106154714388,44.881422924900214,21.0,6,,93.58545709405536,86.88509723852812,173.77019447705624,38.4095510436217,8.313464721344234,24.898750994763116,10.660511129241623
-32.93888583333334,117.16711749999999,237.0,256.0,1.6661654135338195,31.65714285714257,19.0,8,,97.1507195564263,81.60509100123737,163.21018200247474,42.292960281096605,6.030466317772283,23.977846866667242,7.281924046050004
-32.93939782608696,117.1663963768116,256.0,278.0,2.8201581027667872,62.04347826086932,22.0,10,,94.97413859958505,92.37313325789229,184.74626651578458,37.526163255598355,6.443273264097421,30.745699826180132,6.513979124765342
-32.940085256410256,117.16571730769229,278.0,303.0,2.201025641025642,55.02564102564105,25.0,12,,90.69767886908154,100.24294388177547,200.48588776355095,32.84033578929819,6.847077860930861,26.946737495444278,8.670564074135607
-32.94084629629629,117.1644364197531,303.0,329.0,1.4938949938950223,38.84126984127058,26.0,14,,100.34961050935482,115.34709730490721,230.69419460981442,34.47638003076294,9.593822380435903,41.40153262073276,10.561469195237812
-32.94119444444444,117.16335500000001,329.0,358.0,1.7368186874304612,50.36774193548337,29.0,16,,96.39592709833379,123.58743346031898,247.17486692063795,30.599360528205636,10.054801001103938,42.315979682953035,7.727195875513142
-32.9504,117.2391196969697,572.0,593.0,2.702992659514366,56.762845849801685,21.0,18,,103.45031907786404,96.0436729331092,192.0873458662184,41.23253647902617,5.681243753505529,19.726333348780926,5.980835911121452
-32.95040797101449,117.23868115942028,593.0,615.0,3.611660079051342,79.45652173912953,22.0,20,,95.78836053330791,93.16505653610572,186.33011307221145,37.76269978168218,6.4029314084385645,21.520989012822863,6.62213005552713
-32.95065289855072,117.23832536231885,615.0,637.0,3.7104743083003595,81.6304347826079,22.0,22,,96.40357829789531,93.76342566467925,187.5268513293585,37.94042698066225,6.311716781285509,27.93587101583448,7.174203993128414
-32.95121319444444,117.23795972222223,637.0,660.0,4.005652173913033,92.12999999999975,23.0,24,,96.79303234079302,98.42140548319186,196.84281096638372,36.82326032348262,7.0284674790580635,27.155072967288476,7.821493358567312
-32.95153666666667,117.23763333333335,660.0,684.0,3.943076923076907,94.63384615384577,24.0,26,,98.06848241217439,104.05389158278771,208.10778316557543,36.01665993840639,6.692264138949599,22.97754121960087,10.062591152177738
-32.951996794871796,117.23701987179487,684.0,709.0,3.821196581196605,95.52991452991513,25.0,28,,97.59461219510716,107.86572881936023,215.73145763872046,34.78133518483488,6.422034342135271,27.281251039001514,7.5911759712162805
-32.9521891025641,117.23672371794872,709.0,734.0,4.467008547008575,111.67521367521438,25.0,30,,102.44622166541099,113.22793457734848,226.45586915469696,36.09435811723042,6.901101085549275,22.246751927961636,10.528153841528288
-32.95242013888889,117.23598402777777,734.0,757.0,4.3052173913043275,99.01999999999953,23.0,32,,97.53893914167377,99.17986085881928,198.35972171763856,37.03450947760513,5.391575537758178,24.78761546143977,6.5717095602949875
-32.95248405797103,117.23532173913044,757.0,779.0,3.440711462450553,75.69565217391217,22.0,34,,98.08450691472994,95.39831959906391,190.79663919812782,38.42166866738793,4.653587769084494,17.67747933727258,5.9895598198591635
-32.95270763888889,117.23482916666666,779.0,802.0,3.8426086956521486,88.37999999999941,23.0,36,,100.18436309757422,101.86978943675575,203.7395788735115,37.77432775741821,5.039193115057852,19.796895326901943,4.965118455429037
-32.952784666666666,117.23402266666668,802.0,826.0,3.28999999999999,78.95999999999975,24.0,38,,99.93904735480517,106.038622629415,212.07724525883,36.53302596862921,6.767246187107789,22.86283803253763,8.522626829676627
-32.95301474358975,117.2333564102564,826.0,851.0,2.792478632478634,69.81196581196585,25.0,40,,98.36844336331097,108.72100003837559,217.44200007675119,34.99363853549678,7.023604317341129,26.46301268192581,7.268385928802015
-32.95303012820513,117.23280576923078,851.0,876.0,2.840683760683809,71.01709401709523,25.0,42,,99.96306927267145,110.48344862071677,220.96689724143354,35.42767754894491,8.537714150011434,33.75007451897513,9.32114765319133
-32.95307916666667,117.23203869047619,876.0,903.0,1.8191023535851685,49.11576354679955,27.0,44,,96.34397783357363,115.00215232011928,230.00430464023856,32.409305517756785,5.205045475949054,19.01253098687795,5.868655324027534
-32.94735666666667,117.19771800000002,1455.0,1479.0,1.6730769230768991,40.15384615384558,24.0,46,,102.65715337136051,108.92262268529902,217.84524537059804,37.27124155939997,6.86210569902317,26.693596627789397,8.64033379295888
-32.94789086021506,117.19811720430108,1479.0,1509.0,2.001612903225798,60.048387096773936,30.0,48,,99.08972557993961,131.42183029722347,262.84366059444693,30.440451037958937,12.222443394719775,55.052294429902005,11.18199151374811
-32.94790913978494,117.19741129032259,1509.0,1539.0,1.2012096774193712,36.03629032258114,30.0,50,,102.365837540134,135.76690873545192,271.53381747090384,31.260879207051257,9.430853585244872,39.880031344441406,10.054811784567429
-32.93395862068965,117.07076379310345,1923.0,1951.0,2.1231527093595965,59.448275862068705,28.0,52,,97.28305152137794,120.42394411203978,240.84788822407955,31.721908680716986,5.678702745285242,21.918603726301047,6.697295817114882
-32.935051515151514,117.06998636363633,1951.0,1972.0,2.66459627329188,55.956521739129485,21.0,54,,98.10250578674957,91.07874256636435,182.1574851327287,39.73100046194231,6.16817228050048,23.29973100404336,8.149900069230316
-32.935609523809525,117.06948095238096,1972.0,1992.0,2.754545454545421,55.090909090908426,20.0,56,,97.24098281668448,85.97990603549661,171.95981207099322,40.860562425508704,5.887487346782689,19.951277234106936,7.856298304791871
-32.93612971014493,117.06891666666667,1992.0,2014.0,3.109683794466385,68.41304347826048,22.0,58,,102.03161871829077,99.23733398751047,198.47466797502094,39.52693850901813,6.106623340578223,24.944709494010045,7.286172868602803
-32.936854,117.068382,2014.0,2038.0,3.1938461538461653,76.65230769230797,24.0,60,,96.25539844328463,102.13014974352451,204.26029948704902,35.5096187677712,5.298771943013575,24.722893043766195,7.373249546133403
-32.937603472222214,117.06773125,2038.0,2061.0,3.543913043478237,81.50999999999945,23.0,62,,95.79430990980741,97.40588129753445,194.8117625950689,36.53857383496156,4.912345798091597,20.06651217858822,7.077806834501987
-32.93828043478261,117.06734637681157,2061.0,2083.0,2.9970355731224925,65.93478260869483,22.0,64,,97.96798893838219,95.28499263748454,190.56998527496907,38.38851493203799,6.680672295405015,25.846720119087223,8.080001964114032
-32.938907638888885,117.06669375,2083.0,2106.0,3.0586956521738755,70.34999999999914,23.0,66,,102.57259022661765,104.29819430195265,208.5963886039053,38.429746480323615,5.296426283125055,20.34927862550391,6.53316649120612
-32.93979743589743,117.06615384615384,2106.0,2131.0,3.5316239316239186,88.29059829059797,25.0,68,,97.29089471150617,107.53004729978711,215.06009459957423,34.697709200831014,4.405103752197001,16.965196958311047,5.486049785782957
-32.940540666666664,117.06581266666666,2131.0,2155.0,3.1692307692307753,76.0615384615386,24.0,70,,98.28814377350092,104.2869595258638,208.5739190517276,36.07765136245774,6.326117836438652,28.292960209876853,6.648430434459179
-32.941090476190475,117.06546964285714,2155.0,2182.0,3.123152709359609,84.32512315270944,27.0,72,,97.9770664876069,116.95150830859443,233.90301661718885,32.84661791938237,5.84478467797991,24.238562317319495,7.72208825730488
-32.99176277777778,116.93314000000001,2605.0,2634.0,0.7975528364849962,23.12903225806489,29.0,74,,105.13196663158246,134.78774800701882,269.57549601403764,32.821140894269604,9.294470674130798,38.29798961480697,9.06965652384723
-33.01229761904762,116.9014994047619,2768.0,2795.0,0.4931581828133848,13.31527093596139,27.0,76,,109.51988039596083,130.72972748887747,261.45945497775494,35.816785113561494,8.077833921269624,31.906969572635,9.793808559463496
-33.032730769230774,116.83448141025642,3020.0,3045.0,2.0570940170940126,51.42735042735032,25.0,78,,104.82297521870004,115.85482399760664,231.7096479952133,36.72205379254071,7.145704560340174,31.862577936985826,9.066089023434822
-33.03337435897436,116.83405192307691,3045.0,3070.0,1.883418803418826,47.08547008547065,25.0,80,,98.3369559808175,108.68619883998073,217.37239767996147,34.98502126311234,10.141872415482956,39.950807562439316,10.117442994682603
-32.952349999999996,116.68230402298852,4027.0,4055.0,1.4970443349753597,41.91724137931007,28.0,82,,98.67952491230486,122.15259911363559,244.30519822727118,32.088296213853674,5.513203521677685,21.375371148383515,5.299875523351175
-32.9527703125,116.6818890625,4055.0,4086.0,1.1829178885630673,36.67045454545509,31.0,84,,94.38623671061353,129.3564222506699,258.7128445013398,28.444211913963386,11.650283045111854,40.24804786471662,10.175695832925488
-32.95247371794871,116.68085128205128,4086.0,4111.0,1.546666666666716,38.6666666666679,25.0,86,,98.40201453664424,108.7581043313019,217.5162086626038,35.00282408865437,10.056283580042248,43.11574197990285,9.0642262880979
-32.953172222222214,116.67992722222222,4111.0,4140.0,1.4351501668520537,41.619354838709555,29.0,88,,95.10962096158755,121.93828417704525,243.8765683540905,30.263214236290448,10.175473943630184,40.89384179402604,6.982962365630587
-32.95305833333333,116.67909464285715,4140.0,4167.0,1.5654077723043158,42.26600985221653,27.0,90,,98.62372524651215,117.72340034339523,235.44680068679045,33.0186015268152,23.915963351166365,140.15935395781563,20.783922349735253
-32.95365833333333,116.67802666666667,4167.0,4196.0,1.7205784204671812,49.896774193548254,29.0,92,,100.45671517096292,128.7936946668797,257.5873893337594,31.645361252904916,5.861054680838801,24.570913887483194,6.81976965884003
-32.92973333333333,116.71870632183906,4445.0,4473.0,2.5566502463054452,71.58620689655247,28.0,94,,100.52457271609039,124.43653172196137,248.87306344392275,32.56790603101848,20.614572410299914,127.92813021084959,16.99562166503006
-32.929409615384614,116.71881987179486,4473.0,4498.0,2.1945299145299213,54.863247863248034,25.0,96,,98.59756219644662,108.9742319470491,217.9484638940982,35.05628774549264,23.778267098275148,114.56239547842591,21.049988747440725
-32.92975987654321,116.71856111111111,4498.0,4524.0,2.0555555555555522,53.44444444444436,26.0,98,,103.57079756165653,119.04969838599976,238.09939677199952,35.32581662942257,21.50503673949854,118.5972046571801,19.20519176375679
-32.923067333333336,116.72814733333333,4639.0,4663.0,4.151538461538439,99.63692307692253,24.0,100,,100.75335110703715,106.90262574505499,213.80525149010998,36.75568411407836,8.138858241847299,33.06879238740275,10.020155801426485
-32.92378271604938,116.7273925925926,4663.0,4689.0,3.6092796092796373,93.84126984127057,26.0,102,,100.9108680100017,115.99223606739588,231.98447213479176,34.62565074175288,9.617343870377516,36.01325556604334,13.710740861213779
-32.92474935897435,116.72683205128207,4689.0,4714.0,3.848205128205154,96.20512820512886,25.0,104,,99.49195150394871,109.9627491646706,219.9254983293412,35.299927482813196,4.163626556952406,19.481656136981965,4.450425881139115
-32.925602469135804,116.72604197530865,4714.0,4740.0,3.568376068376102,92.77777777777865,26.0,106,,102.88307044621281,118.25918882545777,236.51837765091554,35.145934865286684,6.71767466499126,24.707447744653606,9.787731363161058
-32.926408024691355,116.7259,4740.0,4766.0,3.5506715506715762,92.31746031746098,26.0,108,,109.73514206958767,126.13531877025643,252.27063754051287,36.9027994918573,18.172433987074697,94.4885072386155,18.277022700901945
-32.92721777777778,116.72541999999999,4766.0,4795.0,3.3023359288097875,95.76774193548384,29.0,110,,101.24497770362167,129.80431146612318,259.60862293224636,31.845735724235936,6.997651775210975,27.209751496107152,8.09984926370917
-32.92773733333333,116.72517733333332,4795.0,4819.0,3.0130769230769148,72.31384615384596,24.0,112,,104.5147368875295,110.89358001066115,221.7871600213223,37.76756876338804,5.4836124895613425,20.885235154645994,6.015005686879232
-32.928619047619044,116.72500059523809,4819.0,4846.0,3.189107827038868,86.10591133004944,27.0,114,,103.25116507756282,123.24699976568552,246.49399953137103,34.22985244569797,7.195765509077532,25.898789667404426,7.106106381693201
-32.929547916666664,116.72540364583334,4846.0,4877.0,2.5010997067449328,77.53409090909291,31.0,116,,100.11115420872038,137.20242682764956,274.4048536552991,29.879595805875823,9.432410986175785,36.065040808119846,7.604576857085834
-32.929873118279566,116.72600967741934,4877.0,4907.0,2.36814516129032,71.0443548387096,30.0,118,,103.96319413721339,137.88546872133222,275.77093744266443,31.65581471064624,8.173473690873873,27.893143832901313,8.530612759909769
-32.89638444444444,116.56946444444445,6220.0,6249.0,1.7968854282535656,52.1096774193534,29.0,120,,107.9916749976729,138.4541271585943,276.9082543171886,33.52536963107127,6.501667805657354,22.498343807178607,7.631894877655452
-32.89755,116.56875499999998,6249.0,6278.0,2.0880978865406283,60.55483870967822,29.0,122,,106.50373038250638,136.54646091526908,273.09292183053816,33.1603623254199,11.738265830555505,49.43757124264532,9.065479140329023
-32.89866190476191,116.56763630952382,6278.0,6305.0,1.7493158182813535,47.23152709359655,27.0,124,,103.17356936453989,123.15437670600797,246.30875341201593,34.209821745141845,9.148275285971938,36.03183414323061,7.508819699013093
-32.87056319444444,116.57966944444445,6474.0,6497.0,2.4826086956521745,57.100000000000016,23.0,126,,102.19051548513258,103.90969182251602,207.81938364503205,38.325679905217484,5.187816303473837,21.19177651311453,6.799940331611484
-32.87061488095238,116.57844880952382,6497.0,6524.0,0.7865353037767023,21.236453201970964,27.0,128,,107.36399802016169,128.15633246262897,256.31266492525793,35.27796534470903,9.667543005951405,41.048361920724915,8.633331168299883
-32.77777068965517,116.77217528735633,7471.0,7499.0,0.6714285714285576,18.799999999999613,28.0,130,,96.04072816789653,118.88610709162259,237.77221418324518,31.393511119014455,7.249054098403066,28.968126840920412,7.67874708639932
-32.77900517241379,116.77113218390805,7499.0,7527.0,0.44039408866997337,12.331034482759254,28.0,132,,94.66939510851739,117.18857259697965,234.3771451939593,31.028324581589626,6.644715661581458,24.82739191596214,7.673922025882144
-32.77969871794872,116.77007499999999,7527.0,7552.0,0.6105982905982976,15.26495726495744,25.0,134,,97.48156030511993,107.74077904771198,215.48155809542396,34.750227101539586,6.401681266199077,23.244023801472796,9.405926759146604
-32.78037183908046,116.76916206896551,7552.0,7580.0,0.4620689655172202,12.937931034482165,28.0,136,,97.19072763123222,120.30965897384516,240.61931794769032,31.697583163674807,8.91015451686044,35.6046944878834,8.978471813473954
-32.781003125,116.76810885416667,7580.0,7611.0,0.7435850439882832,23.05113636363678,31.0,138,,94.22398085380279,129.1340504530676,258.2681009061352,28.402945694477722,8.42149463046909,37.62123899160498,10.066287580123875
-32.85975833333334,116.92318076923077,8316.0,8341.0,1.2328205128205074,30.820512820512686,25.0,140,,94.83246852496299,104.8128898010725,209.625779602145,34.014555922246466,7.823269101811407,25.568571686810476,6.821794745753955
-32.86057708333333,116.9225125,8341.0,8364.0,0.003478260869564993,0.07999999999999484,23.0,142,,95.5911391506804,97.19929254643549,194.39858509287097,36.48040166581853,8.68078832400144,35.94234012220061,7.8923950861622645
-32.86109111111111,116.92193055555556,8364.0,8393.0,-0.002224694104569258,-0.06451612903250847,29.0,144,,95.26252264604004,122.13431659586274,244.26863319172548,30.303292891609747,9.998839166280353,39.20346161405989,8.587382026083128
-32.85884139784945,116.92141559139786,8440.0,8470.0,0.4983870967742055,14.951612903226165,30.0,146,,97.23867933519574,128.9668039660345,257.933607932069,29.97069037562768,11.453774976589326,42.59831802948444,11.025711810187131
-32.8588136904762,116.91986785714286,8470.0,8497.0,-0.09304871373836522,-2.512315270935861,27.0,148,,96.68327726686422,115.40716118509285,230.8143223701857,32.50051576441839,6.643246268035438,24.54353081423232,8.324897852858879
-32.8661984375,116.9449765625,8662.0,8693.0,0.7166422287390329,22.21590909091002,31.0,150,,96.57014557029996,132.3494713058698,264.6989426117396,28.99650842378393,10.039625169873698,43.09744388738302,8.380032326048509
-32.86667628205128,116.94391089743588,8693.0,8718.0,1.0495726495726678,26.239316239316697,25.0,152,,92.66596711435238,102.4183800183347,204.8367600366694,33.403263516469565,6.946870608295476,27.826667319687303,7.11048472655501
-32.86773086419753,116.94299320987653,8718.0,8744.0,0.8669108669108702,22.539682539682623,26.0,154,,97.16764327096601,111.68957753174132,223.37915506348264,33.61995443680596,7.283112021435996,29.80560860368746,6.624884304758076
-32.868502777777785,116.9419911111111,8744.0,8773.0,0.6126807563959978,17.767741935483937,29.0,156,,93.7105899023929,120.14461235768755,240.2892247153751,29.894979105778003,8.674560806259969,44.94586896247132,8.1416252750742
-32.88334733333333,116.97591800000001,8918.0,8942.0,1.4976923076922957,35.9446153846151,24.0,158,,88.77496654813537,94.19316499302265,188.3863299860453,33.348656848202964,11.032176022046759,49.54138424713261,10.398522504657235
-32.8838891025641,116.9753544871795,8942.0,8967.0,1.2249572649572886,30.623931623932215,25.0,160,,93.1430309664514,102.94565133939041,205.89130267878082,33.53861768309971,8.209844224777099,29.42849519532927,8.007307017379025
-32.893571264367814,116.98734885057472,9090.0,9118.0,1.3458128078817624,37.68275862068935,28.0,162,,100.0485690791527,123.8473002528075,247.694600505615,32.44465783610453,12.366608117803802,51.54740920817247,10.455315690259933
-32.89364066666666,116.98578466666667,9118.0,9142.0,2.1007692307692194,50.418461538461266,24.0,164,,95.90591612053412,101.75933748226464,203.51867496452928,35.41113948392798,6.949951305255788,27.499499758404625,8.949176687378783
-32.89392564102564,116.9846576923077,9142.0,9167.0,1.9254700854700997,48.13675213675249,25.0,166,,98.22825944239018,108.56606278867736,217.1321255773547,34.955259922306425,7.913915692474087,26.382566123476714,7.837540323520425
-32.89465694444444,116.98311666666666,9167.0,9190.0,2.367391304347804,54.44999999999949,23.0,168,,94.96926191731075,96.5669533184346,193.1339066368692,36.30180082723268,6.373752001129922,24.859392175773177,6.768251544734306
-32.895388000000004,116.98243933333333,9190.0,9214.0,1.96769230769231,47.22461538461544,24.0,170,,91.99213987645231,97.60669191292297,195.21338382584594,34.291744222932365,7.495232716581852,27.967399228614084,7.2737514404875085
-32.896047777777774,116.98172444444442,9214.0,9243.0,1.4355951056729694,41.632258064516115,29.0,172,,94.53819700250602,121.20567209843968,242.41134419687936,30.11314249476901,6.514956691589565,31.841152192880557,6.798728569736325
-32.89706041666667,116.9811215277778,9243.0,9266.0,1.4417391304347413,33.15999999999905,23.0,174,,96.10263778337914,97.71939624724416,195.43879249448833,36.626687819968296,6.237485810153744,22.602722862176307,6.8674463596454
-32.89791091954023,116.98024827586207,9266.0,9294.0,1.615763546798025,45.2413793103447,28.0,176,,95.97356924047455,118.80297295061848,237.60594590123696,31.37569234189772,9.043883441134478,31.43323367005778,9.051163638081325
