lat,lon,t_start,t_end,climb_rate_ms,alt_gain_m,duration_s,circle_id,seg_id,avg_speed_kmh,turn_radius_m,circle_diameter_m,bank_angle_deg,bank_std_deg,bank_range_deg,bank_masd_deg
-32.92741822916667,117.09881770833333,529.0,560.0,1.3234970674486835,41.028409090909186,31.0,0,,96.42610577947198,132.15206464307033,264.30412928614066,28.960261444050495,12.547974369412254,49.01823125022318,6.6630128717456545
-32.928363580246916,117.0966074074074,560.0,586.0,0.5732600732600925,14.904761904762406,26.0,2,,96.07394706819483,110.43242584293338,220.86485168586677,33.32158220093555,6.54914844419172,23.73552687808432,6.563523722347701
-32.92825555555556,117.09476604938271,586.0,612.0,0.8547008547008699,22.222222222222616,26.0,4,,94.86261894408882,109.04006186373886,218.0801237274777,32.988717682654304,10.362287521029758,33.801808443321804,6.691759962129559
-32.928450000000005,117.09292051282051,646.0,671.0,1.1887179487179678,29.717948717949195,25.0,6,,88.1146272697356,97.38804506026624,194.77609012053247,32.09061084930242,11.426662488604508,53.78349140915779,8.295324178492661
-32.928795138888894,117.09293611111111,671.0,694.0,1.3452173913043317,30.93999999999963,23.0,8,,91.20406752230225,92.73841612611447,185.47683225222895,35.202826572684735,8.889009063434532,34.73840116543761,8.676493792851117
-32.92986481481481,117.09265370370369,694.0,720.0,1.3290598290598203,34.55555555555533,26.0,10,,92.35539754497772,106.15813029250216,212.31626058500433,32.291707766416266,7.65657240915705,31.192327685542487,7.3062446582984535
-32.93040654761905,117.09217321428571,720.0,747.0,1.459222769567597,39.39901477832512,27.0,12,,93.30518902831544,111.37486537485061,222.74973074970123,31.584173765471775,6.057590487950159,26.695877539087856,7.413300500489073
-32.93142471264368,117.09110574712642,747.0,775.0,1.551724137931032,43.4482758620689,28.0,14,,97.00625753494865,120.08130864747497,240.16261729494994,31.648940718553302,9.812254001690732,33.306469901957925,8.830398914113958
-32.92205333333334,117.100965,883.0,905.0,1.3477516939291923,29.650537266442228,22.0,16,,90.85073604539033,88.36265609820552,176.72531219641104,36.304982385564216,7.743551456152448,34.78367302499844,9.210244660431911
-32.91908010752689,117.10026344086023,1010.0,1040.0,1.8149193548387244,54.44758064516173,30.0,18,,94.64792118260439,125.53070424653,251.06140849306,29.305674476112387,5.652340374116383,21.259579518740672,7.4447859248036465
-32.92004086021505,117.0992306451613,1040.0,1070.0,2.365322580645174,70.95967741935522,30.0,20,,99.21347481498051,131.58595781772846,263.1719156354569,30.471696354155853,8.55999858886332,33.44184630519848,7.538652698001723
-32.921236979166665,117.09810677083333,1070.0,1101.0,1.723423753665703,53.42613636363679,31.0,22,,94.85315931529249,129.99634010007432,259.99268020014864,28.56278390778733,9.12494919979324,34.31806674644462,7.77183927947115
-32.92261388888889,117.09715,1101.0,1124.0,1.9213043478260743,44.189999999999706,23.0,24,,89.38945373056272,90.89327463738232,181.78654927476464,34.66229203115724,8.04538397269783,31.598721101885538,9.549505877514092
-32.923046666666664,117.09721133333335,1124.0,1148.0,1.4569230769230541,34.9661538461533,24.0,26,,90.05285827473817,95.54905022652315,191.0981004530463,33.72575099145099,9.771703577364928,39.256426263270555,10.83315840568108
-32.92330961538462,117.09752179487181,1148.0,1173.0,1.306324786324822,32.65811965812055,25.0,28,,88.80277305632471,98.14861314015177,196.29722628030353,32.291563880955586,7.351424194676656,29.94170607184857,6.868291490648249
-32.92286913580247,117.09801851851854,1173.0,1199.0,1.102564102564145,28.666666666667773,26.0,30,,87.46015638232794,100.53128375216096,201.06256750432192,30.899422504481795,9.17388054860153,34.84354334173507,7.775405481750152
-32.924527160493824,117.09436296296296,1247.0,1273.0,2.506715506715527,65.1746031746037,26.0,32,,92.68207088520317,106.53362573658654,213.0672514731731,32.38313903463043,5.78040806802578,23.259280494631906,4.869829917890431
-32.924976923076926,117.0931128205128,1273.0,1298.0,2.394188034188076,59.8547008547019,25.0,34,,91.63700787432997,101.28113037048993,202.56226074097987,33.10988287296222,8.329529227267216,29.088969272248637,8.904217169214988
-33.02353655913979,117.03479462365588,1942.0,1972.0,1.958467741935474,58.754032258064214,30.0,36,,91.4505870192375,121.29010810639306,242.58021621278613,28.472856568426774,8.591569125959694,34.366903224386185,7.054972520748599
-33.02421234567901,117.03368456790122,1972.0,1998.0,1.741758241758263,45.28571428571484,26.0,38,,93.84151045212462,107.86634629091675,215.7326925818335,32.70615947455027,9.178987303531695,38.34756944719009,7.639117639890992
-33.16666790123457,117.0310111111111,2505.0,2531.0,2.6123321123321555,67.92063492063605,26.0,40,,88.29851707525543,101.49493943485741,202.98987886971483,31.140821268777422,6.266282449423747,19.55843327193324,9.506331030854165
-33.167588271604934,117.03071851851853,2531.0,2557.0,2.0323565323565536,52.84126984127039,26.0,42,,89.88525571761247,103.31881992276774,206.6376398455355,31.594362412797352,7.74382062753101,31.652140413113685,8.054896157315186
-33.168488461538466,117.03026089743591,2557.0,2582.0,1.7832478632479103,44.58119658119776,25.0,44,,92.02838804798095,101.71370043482825,203.4274008696565,33.22170683966026,5.804986125496994,23.669317052585647,7.833548010692184
-33.1697046875,117.03035520833333,2582.0,2613.0,1.6380131964809894,50.77840909091067,31.0,46,,90.07974344768542,123.4543693629489,246.9087387258978,27.33806303621332,6.3714109151712774,27.133351604483554,8.614734826046782
-33.255851190476186,117.02305714285714,2919.0,2946.0,1.9313081554461462,52.14532019704595,27.0,48,,96.3464854622149,115.00514558132201,230.01029116264402,32.40998029428672,9.261674839120822,36.45856830521304,5.966567503598769
-33.257250694444444,117.02275416666667,2946.0,2969.0,2.144347826086953,49.319999999999915,23.0,50,,91.84838187486199,93.39356993851544,186.78713987703088,35.393043381125736,9.406179162979145,34.15916743957526,6.647787182271947
-33.25803225806452,117.0222134408602,2969.0,2999.0,1.3762096774193504,41.28629032258051,30.0,52,,94.16908932104197,124.89563376588369,249.79126753176737,29.18180266183988,10.506378786286493,41.933182684726134,7.60760094957552
-33.33838620689655,117.06665402298849,3468.0,3496.0,0.40295566502463936,11.282758620689902,28.0,54,,92.49415904527118,114.49590926031105,228.9918185206221,30.443269412462488,13.05442563429969,47.36347519240415,10.95232637666349
-33.337265476190474,117.06901964285714,3530.0,3557.0,0.9403393541324994,25.389162561577482,27.0,56,,98.90670351361264,118.0611807683699,236.1223615367398,33.0936513763017,8.768919065524745,33.748704771386436,6.806480614159384
-33.337580555555554,117.06867499999998,3557.0,3580.0,1.5299999999999745,35.189999999999415,23.0,58,,98.76990367704292,100.43153421526952,200.86306843053904,37.38057828869841,5.853502728888009,23.1382983444638,5.5919866353984995
-33.32219444444444,117.08198194444442,3723.0,3746.0,1.6699999999999846,38.40999999999965,23.0,60,,96.57339330223068,98.19807140271618,196.39614280543236,36.76083275075072,10.830046042564012,32.27774699291185,9.166387543879665
-33.32233456790124,117.0809061728395,3746.0,3772.0,2.341880341880371,60.88888888888964,26.0,62,,97.767129676571,112.3786585995133,224.7573171990266,33.78262987833531,8.800389975121641,43.64540913616668,8.044729609430313
-33.32237083333334,117.08010714285716,3772.0,3799.0,1.7495894909687577,47.23891625615646,27.0,64,,95.75414394032933,114.29808997227201,228.59617994454402,32.25030701211219,11.00587838725895,41.48821985244393,7.80797798848346
-33.32187241379311,117.08031551724137,3799.0,3827.0,1.0039408866995203,28.11034482758657,28.0,66,,96.62172337845188,119.60530466685393,239.21060933370785,31.547380048062717,11.897690029686371,41.54005122199478,7.886731472257968
-33.27706724137931,117.18097068965517,4218.0,4246.0,1.2778325123152918,35.77931034482817,28.0,68,,98.96980179876276,122.51192467965303,245.02384935930607,32.1640890066006,12.85640678357401,49.28281455764807,9.797649115133472
-33.276108974358976,117.18134615384616,4246.0,4271.0,2.1439316239316795,53.59829059829199,25.0,70,,96.08145718348838,106.19332534878104,212.3866506975621,34.3630195220119,11.954105463568014,46.38553708332006,7.624351197478219
-33.276322435897434,117.1807891025641,4271.0,4296.0,1.6225641025641155,40.56410256410289,25.0,72,,93.34391953484531,103.16768195515806,206.33536391031612,33.59548799892425,8.057857540684077,35.56440339291887,5.6067647548688875
-33.14998505747126,117.2934396551724,5085.0,5113.0,2.0453201970443025,57.26896551724047,28.0,74,,92.06069940692758,113.95934180640832,227.91868361281664,30.325836282343534,6.687872051270449,29.976013633426973,9.321174807360997
-33.149958974358974,117.29271923076922,5113.0,5138.0,2.321025641025673,58.025641025641825,25.0,76,,91.7501144619605,101.40614059630697,202.81228119261394,33.14222865613248,7.765563461286429,28.30246481206508,6.724146185850581
-33.149660144927545,117.29252753623189,5138.0,5160.0,0.38043478260868363,8.36956521739104,22.0,78,,89.06983682640451,86.63052940245497,173.26105880490994,35.765388714315506,11.072550244045969,40.295695850215175,7.623082635533948
-33.152354320987655,117.2927037037037,5193.0,5219.0,0.7258852258852426,18.873015873016307,26.0,80,,95.98416747009045,110.32922847140422,220.65845694280844,33.29699805406456,10.292585901505495,36.69365067895629,9.578091321069394
-33.153962820512824,117.29229423076923,5219.0,5244.0,1.929914529914524,48.2478632478631,25.0,82,,92.47182958319235,102.2038109369196,204.4076218738392,33.34806107876407,9.542948169604067,32.15528195438082,4.6133484580838555
-33.15570666666667,117.29235499999999,5244.0,5273.0,1.8707452725250406,54.25161290322618,29.0,84,,89.47555999367856,114.71495891899221,229.42991783798442,28.76358290100432,10.744503682845698,38.84872686253267,8.041513128614294
-33.157410666666664,117.29179,5273.0,5297.0,1.7523076923077496,42.05538461538599,24.0,86,,93.4782446056714,99.18349800363937,198.36699600727874,34.720380112296276,11.65382437233292,40.785902209337955,8.025676820505801
-33.15933666666667,117.29130166666667,5297.0,5326.0,2.56974416017797,74.52258064516113,29.0,88,,94.06947403199001,120.60473105586972,241.20946211173944,29.98970144041476,8.762345119836752,40.71885491997141,7.531156372741743
-33.160932692307696,117.29036923076923,5326.0,5351.0,3.225982905982987,80.64957264957468,25.0,90,,90.49527089841519,100.01923395779805,200.0384679155961,32.78203781606133,4.992497243798029,19.59798404273494,5.507494910310093
-33.16193928571429,117.29023154761906,5351.0,5378.0,2.659824849480082,71.8152709359622,27.0,92,,88.67198082220138,105.84438046202321,211.68876092404642,30.297463547430024,6.756551991935946,25.016765864725304,9.92276566198922
-33.16302469135802,117.28985370370371,5378.0,5404.0,2.085470085470118,54.22222222222307,26.0,94,,90.56127728638049,104.09587451497896,208.19174902995792,31.78626212288737,4.8496661264695495,19.593889833228037,5.553665206283183
-33.04117115384615,117.40392564102564,6098.0,6123.0,1.9695726495726578,49.239316239316445,25.0,96,,94.36049237738149,104.29124162809286,208.58248325618572,33.882125816377126,11.11645413772308,43.064575769152434,6.488057318227033
-33.041011805555556,117.40343333333333,6123.0,6146.0,1.904782608695653,43.81000000000002,23.0,98,,95.58680329502849,97.19488374761067,194.38976749522135,36.47915926379944,6.145364747273703,27.906567150924047,5.973176826693356
-33.04080595238095,117.40297797619048,6146.0,6173.0,0.49261083743843437,13.300492610837727,27.0,100,,90.3328567837349,107.82690510557744,215.65381021115488,30.76269766394316,10.079676872383356,31.080409328521895,9.08739256012163
-33.041504347826084,117.40311884057972,6173.0,6195.0,0.9703557312253057,21.347826086956726,22.0,102,,91.66031296843475,89.15006157613446,178.30012315226892,36.54783711406307,7.617946181649154,26.74125047701392,8.056954259432839
-33.04218602150538,117.40278118279568,6195.0,6225.0,0.7604838709677302,22.814516129031905,30.0,104,,87.18052222988094,115.62675878515347,231.25351757030694,27.339826470519746,9.02906042911759,33.93399743329482,8.174710268402544
-32.972565942028986,117.44997608695653,6713.0,6739.0,2.190238577888691,56.946203025105966,26.0,106,,92.01507671103649,105.76694770446564,211.53389540893127,32.19626022779745,13.475247987003437,66.62292350722625,11.967367358731043
-32.97268525641026,117.44997820512822,6739.0,6764.0,2.5029059829060207,62.57264957265052,25.0,108,,91.6825057918132,101.33141660984995,202.6628332196999,33.1228970560202,6.366257693490649,24.41406827339268,6.828675058962614
-32.972785256410255,117.44977756410255,6764.0,6789.0,2.138803418803457,53.470085470086424,25.0,110,,92.38110807707933,102.10354165815134,204.2070833163027,33.322240656943706,5.941057339020434,21.996950030532066,7.062716513852071
-32.972425308641974,117.44965679012347,6789.0,6815.0,2.4529914529914847,63.7777777777786,26.0,112,,94.53425521994423,108.66262340385785,217.3252468077157,32.898050067711374,9.34680538252947,39.74110178141163,8.22497280955156
-32.971986,117.449966,6815.0,6839.0,1.7661538461538708,42.3876923076929,24.0,114,,93.55777366464173,99.2678809560032,198.5357619120064,34.74319443263653,8.583944412741703,35.95470892794098,7.689576062909857
-32.971627160493824,117.4496950617284,6839.0,6865.0,1.039682539682543,27.03174603174612,26.0,116,,90.87128699566018,104.45221590903367,208.90443181806734,31.8739980714959,9.095660120976023,33.797298048548996,5.897929996121425
-32.94370192307692,117.39547884615384,7120.0,7152.0,1.3250759114838684,42.40242916748379,32.0,118,,85.82163092978357,121.41277143718533,242.82554287437065,25.508154124435443,16.914023940873168,61.13558847806215,9.00748156279082
-32.94198585858586,117.27590454545455,7722.0,7754.0,1.7693850267379077,56.620320855613045,32.0,120,,96.17947826195328,136.06612790568317,272.13225581136635,28.135095330796954,13.29814823499958,42.21787809838401,6.543053833984896
-32.94071388888889,117.27696277777777,7754.0,7783.0,-0.33325917686317486,-9.664516129032071,29.0,122,,95.42864235672002,122.34729560138821,244.69459120277642,30.346799151123466,12.651775008927222,37.83902853832334,5.035903330774394
