lat,lon,t_start,t_end,climb_rate_ms,alt_gain_m,duration_s,circle_id,seg_id,avg_speed_kmh,turn_radius_m,circle_diameter_m,bank_angle_deg,bank_std_deg,bank_range_deg,bank_masd_deg
-32.15824545454546,116.96142348484847,344.0,367.0,3.0105070410254346,69.241661943585,23.0,0,,133.16891774456116,135.409251411287,270.818502822574,45.849718240766535,10.112416941778903,46.45808878554249,11.653463922457455
-32.159013218390804,116.96080459770114,367.0,395.0,2.5778325123152612,72.17931034482731,28.0,2,,130.86854311370473,161.9984763582961,323.9969527165922,39.74503697853436,10.560329025853607,56.53585050458132,11.372351091194286
-32.15943456790123,116.95949135802468,395.0,421.0,3.0207570207570345,78.5396825396829,26.0,4,,127.11294705794406,146.1102778434736,292.2205556869472,41.01709855876513,9.774468786320586,53.62763756257963,6.945333963296468
-32.16001321839081,116.95902183908046,421.0,449.0,2.836945812807869,79.43448275862033,28.0,6,,131.44295319337084,162.70952238583465,325.4190447716693,39.868447550656896,6.315422522254253,20.65004158817457,8.422565199093453
-32.16032083333334,116.95828333333334,449.0,472.0,2.333043478260859,53.659999999999755,23.0,8,,131.67760110957167,133.89284598739917,267.78569197479834,45.52718453820129,12.322897775327283,56.922776374002744,16.319255405567453
-32.16068908045977,116.95768103448273,472.0,500.0,2.879802955665015,80.63448275862042,28.0,10,,135.95146811449442,168.29048577461543,336.58097154923087,40.821826206204854,17.10559888290692,84.89192220015478,16.160820096089946
-32.16134292929293,116.9574207070707,500.0,532.0,1.9879679144384768,63.614973262031256,32.0,12,,133.43881799508344,188.77731097117587,377.55462194235173,36.571416485739995,11.2347393134621,54.54899368912423,11.216398833399992
-32.17996543209877,116.95553024691355,617.0,643.0,3.3803418803419354,87.88888888889032,26.0,14,,132.57057854685712,152.38356527538943,304.76713055077886,42.21294448851907,14.358358262438452,88.81654691807059,12.857730402837833
-32.17972931034483,116.95497068965518,643.0,671.0,3.6615763546797893,102.5241379310341,28.0,16,,129.90605801079644,160.80704321111705,321.6140864222341,39.537254299238356,5.07894649598698,18.98609250961814,6.424477815232876
-32.179402083333336,116.95367395833333,671.0,702.0,2.4860703812317033,77.06818181818281,31.0,18,,130.36796552237698,178.66941392925628,357.33882785851256,36.803826407987444,10.993070817430642,50.47827527025668,12.295488323347046
-32.1787091954023,116.95313218390807,702.0,730.0,2.772906403940887,77.64137931034483,28.0,20,,131.87072115887344,163.2390442785488,326.4780885570976,39.96006494072052,6.205818246447706,30.418040535210675,7.323483038132582
-32.17857873563218,116.95259022988503,730.0,758.0,2.821674876847296,79.00689655172428,28.0,22,,131.27574207898496,162.5025364661003,325.0050729322006,39.83256836486458,6.954619362414815,29.583552257629897,8.77572234027588
-32.14746505376344,116.97300913978495,1078.0,1108.0,1.3229838709677557,39.68951612903267,30.0,24,,129.52431785943435,171.7869619827903,343.5739239655806,37.52918270740595,7.544231261770451,25.112274357505065,5.924229121833814
-31.966215151515144,116.95390833333332,1665.0,1690.0,2.5231940918532465,63.07985229633116,25.0,26,,136.77980229691218,151.1748725742066,302.3497451484132,44.22767406375359,27.500313241798704,127.84206099269838,24.20915770970416
-31.966976388888884,116.95413263888888,1690.0,1713.0,2.186086956521719,50.27999999999954,23.0,28,,153.5060254620668,156.0884953260001,312.1769906520002,49.897294039753795,18.94208708651177,90.55223904377944,20.082607748752814
-31.96702826086956,116.95361014492754,1713.0,1735.0,2.9377470355730733,64.63043478260761,22.0,30,,175.47710601440613,170.671409465659,341.342818931318,54.82829386719295,23.37155705445629,106.621596974667,26.80506985687244
-31.96678115942029,116.95322246376813,1735.0,1757.0,3.6590909090908568,80.49999999999885,22.0,32,,185.49043414821094,180.41050800024678,360.82101600049356,56.31090293481202,20.40204944497042,76.56940429784554,18.746748486695136
-31.96682430555555,116.95309583333334,1757.0,1780.0,3.1573913043478243,72.61999999999996,23.0,34,,171.3416190052405,174.2241414742228,348.4482829484456,52.96561373007877,21.10215313904335,91.72410735949744,24.406391524218126
-31.81062272727273,116.96142575757575,2171.0,2192.0,1.920383963862196,40.328063241106115,21.0,36,,142.39965217613496,132.20438314065763,264.40876628131525,50.344673089358075,12.801522962084839,74.78138676180991,9.984635806063359
-31.81076264367816,116.96066896551723,2192.0,2220.0,2.965517241379296,83.03448275862029,28.0,38,,137.61816259117649,170.35363983252137,340.70727966504273,41.16749069560941,8.085471831687462,38.18092185676261,6.040042794434515
-31.631138333333332,116.98698833333333,2761.0,2790.0,1.8496420047732782,53.63961813842507,29.0,40,,79.66015384526885,102.13080841836842,204.26161683673683,26.04523678893248,21.888417393208424,70.73461203674916,25.769885595325327
-31.630316071428574,116.98484464285714,2790.0,2817.0,2.1176792556103248,57.17733990147877,27.0,42,,130.27031031430167,155.4987286847717,310.9974573695434,40.642813276900455,8.514815692105643,33.93511273113544,11.309837168127993
-31.480944444444443,117.01853232323232,3442.0,3474.0,0.43382352941173696,13.882352941175583,32.0,44,,134.9768239473012,190.9531443027333,381.9062886054666,36.886130823536526,12.358428638784366,56.157103614348955,11.273550296340401
-31.439232222222227,117.04006777777776,3796.0,3825.0,2.2091212458286886,64.06451612903197,29.0,46,,132.51878679342022,169.89988309741676,339.7997661948335,39.11093438406525,8.670819481179478,34.96577340401264,7.254984167086193
-31.439469642857148,117.03957083333333,3825.0,3852.0,2.1521620142309947,58.10837438423686,27.0,48,,128.5967491396742,153.5010621834569,307.0021243669138,40.27703858360212,6.841943449513798,28.938214532176,8.267946242159464
-31.439098333333337,117.04049499999998,3852.0,3881.0,2.164182424916574,62.76129032258065,29.0,50,,128.04907744536075,164.16935149438794,328.3387029887759,38.15223824697771,10.305616557066626,47.37674153718687,7.620224746579368
-31.438916091954024,117.04070172413793,3881.0,3909.0,2.0349753694581305,56.97931034482765,28.0,52,,132.403604748952,163.8986858365209,327.7973716730418,40.07385308213893,16.353387678885355,104.15849516747733,14.899733892829472
-31.438292307692304,117.04040512820514,3909.0,3934.0,1.9634188034188178,49.08547008547045,25.0,54,,128.98738948487383,142.562365507203,285.124731014406,42.550152387806286,14.074728900711778,79.74470779101841,16.28441938917801
-31.43826041666667,117.03997916666667,3934.0,3957.0,1.8391304347825885,42.299999999999535,23.0,56,,131.88712375686862,134.10589348605507,268.21178697211013,45.57272383678714,7.176293930567842,38.88949894896139,7.3258929920436735
-31.438368589743597,117.03911923076923,3990.0,4015.0,1.8577777777777507,46.44444444444377,25.0,58,,131.9156509293517,145.79880497632846,291.5976099526569,43.191453217954304,10.447358350998421,60.38025224967235,11.054999367404088
-31.43824930555556,117.03872013888889,4015.0,4038.0,2.600869565217384,59.81999999999983,23.0,60,,135.44229337316995,137.72087260082807,275.44174520165615,46.334291321801274,16.765884868804857,90.95297322737534,15.063110497165011
-31.43879277777778,117.03904944444442,4038.0,4067.0,2.7639599555061123,80.15483870967725,29.0,62,,131.635479650249,168.76741136268947,337.53482272537894,38.92350515480896,13.474860450105119,70.1078460658016,14.183066567672528
-31.438857692307693,117.03868846153844,4067.0,4092.0,4.054700854700886,101.36752136752214,25.0,64,,142.10618989802708,157.06182337657341,314.12364675314683,45.32198738866149,15.72090413360179,73.80427936457559,14.751873221835533
-31.438821527777776,117.03824930555555,4092.0,4115.0,2.9721739130434486,68.35999999999932,23.0,66,,157.00597720989782,159.64732762843337,319.29465525686675,50.532448975714594,21.412709790283657,90.00134014479565,22.53688876234036
-31.43887101449275,117.03760579710145,4115.0,4137.0,3.990118577075069,87.78260869565152,22.0,68,,170.9011470749282,166.22076983752675,332.4415396750535,54.112331482305834,22.6898471619442,115.84492367681776,21.081211739413437
-31.438983908045973,117.0378327586207,4137.0,4165.0,2.5433497536945744,71.21379310344808,28.0,70,,133.84171843061202,165.67888617890972,331.35777235781944,40.379048998249736,8.471996858631012,40.9080175247569,10.089819819352261
-31.438748275862064,117.03729712643678,4165.0,4193.0,3.0359605911330143,85.0068965517244,28.0,72,,138.42310399555552,171.35005408123672,342.70010816247344,41.33313735655947,8.069936266541431,43.423453073736674,7.227594175826103
-31.438441071428574,117.03756666666666,4193.0,4220.0,2.605911330049253,70.35960591132984,27.0,74,,135.18015225192877,161.35942079107102,322.71884158214203,41.69316331957567,6.131474096486066,20.11367572534819,7.1740297214423805
-31.30895,117.04085952380953,4570.0,4590.0,2.7519480519480393,55.038961038960785,20.0,76,,154.75569445224104,136.83407635385092,273.66815270770184,54.00539784621471,27.84227318516272,139.34142971449387,24.620678829461248
-31.308907333333337,117.04047733333333,4590.0,4614.0,4.3207692307692405,103.69846153846177,24.0,78,,161.0751740076819,170.90606768473168,341.81213536946336,50.054510740824384,24.949007818017943,126.2582925424988,26.114402133143184
-31.309025000000005,117.04001742424242,4614.0,4635.0,2.6239412761151373,55.10276679841788,21.0,80,,163.15659530307272,151.47520873641295,302.9504174728259,54.1162813338604,20.27734348885186,82.27138672392242,24.378093598147885
-31.308788636363637,117.03908712121212,4635.0,4656.0,3.0214568040654735,63.450592885374945,21.0,82,,163.88620897332555,152.1525848657272,304.3051697314544,54.237602594297684,25.38131854728251,120.6841616354343,26.316178715737713
-31.308868253968257,117.03838095238098,4656.0,4676.0,3.8246753246752823,76.49350649350565,20.0,84,,151.7542543046438,134.18022059893667,268.36044119787334,53.47022783360897,20.49437719557364,107.3419031610567,18.092313362444557
-31.308610606060608,117.03750378787878,4676.0,4697.0,2.745906267645287,57.66403162055103,21.0,86,,146.81547120082928,136.30404645653707,272.60809291307413,51.20180955865998,13.725804020380021,62.47191356706713,12.826454489030152
-31.30823133333334,117.036406,4697.0,4721.0,2.88615384615384,69.26769230769216,24.0,88,,164.57972397952705,174.6245106936098,349.2490213872196,50.660362630105006,23.19698259149492,115.75426176017416,17.99440255032561
-31.307747727272726,117.03571515151515,4721.0,4742.0,3.009599096555571,63.20158102766699,21.0,90,,175.52349116838582,162.95668228113888,325.91336456227776,56.08018249747663,13.675746807766707,62.23317634012221,19.416921348287985
-31.307424637681162,117.03486666666666,4742.0,4764.0,3.782608695652162,83.21739130434756,22.0,92,,146.03344361142575,142.0341047124387,284.0682094248774,49.74330049933373,22.719377972354618,116.95508784251894,20.47044631609647
-31.306826923076922,117.03393653846153,4764.0,4789.0,3.007863247863312,75.1965811965828,25.0,94,,132.89160675139038,146.8774729854727,293.7549459709454,43.40224609959852,5.936689563652737,24.588946714168127,7.927796571644763
-31.329738405797105,117.2987507246377,5990.0,6014.0,2.4858467344929633,59.660321627831124,24.0,96,,138.83183986474006,147.30515715343887,294.61031430687774,45.82352864307856,15.323886299723481,65.99926902796747,19.001566755170725
-31.329531944444444,117.29821527777779,6014.0,6037.0,4.17652173913043,96.05999999999989,23.0,98,,148.92468636874372,151.43008323108407,302.86016646216814,49.03986044326138,28.239896955378846,128.9917977002566,28.114700040466406
-31.32927878787879,117.297775,6037.0,6058.0,2.9791078486730256,62.56126482213354,21.0,100,,135.02511920752366,125.35783845345722,250.71567690691444,48.84098947516048,20.36255013457824,99.87914717816156,22.59091251388893
-31.328815277777778,117.29737777777778,6058.0,6081.0,2.9730434782608315,68.37999999999913,23.0,102,,128.39078191737318,130.55073182233886,261.1014636446777,44.803056711413504,5.092425377236067,20.084294139997716,6.4810056571691215
-31.32843765432099,117.29695185185184,6081.0,6107.0,2.9688644688644485,77.19047619047566,26.0,104,,133.87398139449837,153.88176476347164,307.7635295269433,42.49203105600321,17.101331368692637,85.95845441260559,18.24694759360719
-31.32804782608696,117.2962927536232,6107.0,6129.0,2.1353754940711656,46.978260869565645,22.0,106,,154.71811547703575,150.48093416909006,300.9618683381801,51.36701435623984,12.136019526720865,38.6629868878303,16.88579302921323
-31.327855333333332,117.29585066666667,6129.0,6153.0,3.306923076923054,79.3661538461533,24.0,108,,148.4277477106442,157.48673160097186,314.97346320194373,47.73415996238325,20.71208715807166,91.01896890685092,26.054860628335092
-31.3279487654321,117.29525000000001,6153.0,6179.0,2.3180708180707676,60.26984126983996,26.0,110,,137.77896204726522,158.37035401700433,316.74070803400866,43.3134735531751,5.471494222202432,26.218452340800063,5.968510080883602
-31.327721111111106,117.29473166666668,6179.0,6208.0,2.2529477196885033,65.3354838709666,29.0,112,,135.04003068681126,173.13232321486947,346.26464642973895,39.640476459388026,6.034724144104662,28.347443500196537,7.158369465268769
-31.401609615384622,117.3944980769231,6511.0,6536.0,2.21401709401712,55.350427350428,25.0,114,,132.8814604845522,146.86625889851976,293.7325177970395,43.40006215696939,9.226726341657995,52.144387100168146,10.574636196538505
-31.401705128205126,117.39351666666667,6536.0,6561.0,2.4311111111111523,60.77777777777881,25.0,116,,131.47308251445563,145.30965948405725,290.6193189681145,43.09538197415557,5.776236933707289,20.431338516838913,5.117324796725292
-31.46260654761905,117.53671964285714,6916.0,6943.0,3.292282430213474,88.8916256157638,27.0,118,,135.99341926091157,162.33018677506982,324.66037355013964,41.863912026403966,23.480793879621455,87.54798673630862,27.59203455760106
-31.46292530864197,117.5362450617284,6943.0,6969.0,2.0549450549450974,53.42857142857253,26.0,120,,133.63011246755437,153.60144904821303,307.20289809642605,42.440001805223446,16.840818024002687,100.6102282511337,14.1235800560294
-31.462349358974357,117.53618782051282,6969.0,6994.0,2.875213675213733,71.88034188034332,25.0,122,,130.67250903435738,144.42483152109946,288.8496630421989,42.92082736980389,7.067176945417712,27.020870992488472,9.306722716274614
-31.459596551724143,117.5348816091954,7028.0,7056.0,2.7113300492610897,75.91724137931051,28.0,124,,138.12045388467016,170.9754120498778,341.9508240997556,41.27095434945495,17.53409192388492,93.94302076140417,19.227442220912028
-31.458490151515154,117.53447954545453,7056.0,7077.0,2.939582156973451,61.73122529644247,21.0,126,,138.66597539161245,128.73802329636638,257.47604659273276,49.59495860360898,21.737512463196495,79.73488329147996,25.12806302981094
-31.458461805555554,117.53348819444444,7077.0,7100.0,2.6878260869565436,61.820000000000505,23.0,128,,135.2700891810502,137.54577137495832,275.09154274991664,46.29788307126671,17.36706717857952,82.69653218944667,16.42915823366205
-31.45787222222222,117.53308055555556,7100.0,7123.0,3.1739130434782594,72.99999999999997,23.0,130,,136.62967684584348,138.92823171957727,277.85646343915454,46.584019540714436,12.196879750022799,68.12894472886082,13.569295522694045
-31.543253472222222,117.76505208333333,7684.0,7712.0,2.1842808088515584,61.15986264784364,28.0,132,,133.17859632867925,164.85802604249568,329.71605208499136,40.23866315081467,8.009022484990414,31.849635853196055,6.15896634800631
-31.54347430555556,117.76403402777778,7712.0,7735.0,2.1604347826087107,49.690000000000346,23.0,134,,135.79970927897358,138.08430140288678,276.16860280577356,46.40970349350068,17.800829211272315,77.84517040635993,18.35412030154796
-31.543235333333335,117.76230133333333,7735.0,7759.0,1.2592307692308427,30.221538461540224,24.0,136,,136.81753000292835,145.1679080105983,290.3358160211966,45.40493180835251,13.845166607657323,78.28039636911654,14.785552450271672
-31.58024027777778,117.86382430555555,8075.0,8098.0,1.8286956521739004,42.05999999999971,23.0,138,,139.0601273334032,141.39957027730236,282.7991405546047,47.08810218116639,22.785736852880955,83.22473368354285,26.5171736633525
-31.57987121212121,117.86468686868687,8098.0,8130.0,2.4194518716577154,77.42245989304689,32.0,140,,129.208674677088,182.79288235743252,365.58576471486504,35.692449445065805,14.029541047460224,59.23242787803365,8.810337967598317
-31.579847222222224,117.86493541666668,8130.0,8153.0,1.6569565217391073,38.10999999999947,23.0,142,,149.81671827065847,152.3371220064908,304.6742440129816,49.209173921278285,24.46128452362618,107.9917412000011,30.627511899394108
-31.57969236111111,117.86471250000001,8153.0,8176.0,3.0743478260869006,70.70999999999871,23.0,144,,151.68499725030017,154.23683150586498,308.47366301172997,49.56006363964774,34.91056767802011,125.05529805852103,45.233644112725464
-31.579768452380954,117.86401547619047,8176.0,8203.0,1.9105090311987039,51.583743842365,27.0,146,,137.74126883632604,164.41652852288198,328.83305704576395,42.227815862740904,6.324530220309526,21.701059385810346,7.0772994323905625
-31.57936466666667,117.86295133333333,8203.0,8227.0,1.8176923076922578,43.62461538461419,24.0,148,,140.89464583936177,149.49386227010913,298.98772454021827,46.24577708037869,19.599152569801046,99.03077590676041,20.35239209840843
-31.57922028985507,117.8624123188406,8227.0,8249.0,1.3221343873517435,29.086956521738358,22.0,150,,143.23047281773407,139.30789736313835,278.6157947262767,49.194837277048336,15.390083001716636,63.764762931608914,18.200531591176134
-31.674824242424254,117.75932348484848,8769.0,8790.0,1.514398644833383,31.802371541501046,21.0,152,,133.97528071011394,124.38316436664348,248.76632873328697,48.61927124615311,23.114276263961344,74.8528322172765,31.856069301507652
-31.696300000000004,117.72365476190477,8917.0,8937.0,2.179220779220757,43.58441558441514,20.0,154,,125.77952357476758,111.21351620371024,222.42703240742048,48.211534127574126,6.554835339153392,31.631238517605276,6.140088163505547
-31.695925362318842,117.7229152173913,8937.0,8959.0,2.5770750988141957,56.69565217391231,22.0,156,,130.35956928393657,126.78948229975444,253.57896459950888,46.51176446670099,4.450593085303112,17.494786637633347,5.702598436546153
-31.6964859375,117.72190208333333,8959.0,8990.0,2.7844574780059257,86.3181818181837,31.0,158,,126.71208319448492,173.65902391280176,347.3180478256035,36.02532730796533,9.003430142965517,35.278366003684326,9.577189101735515
-31.87191726190477,117.44058571428573,9810.0,9837.0,2.0686918445539195,55.85467980295583,27.0,160,,135.39597986198953,161.61704602354763,323.23409204709526,41.73856586526198,16.64396810575119,74.69374034380533,15.286997110596225
-31.87158768115942,117.43938623188407,9837.0,9859.0,1.4071146245059138,30.956521739130103,22.0,162,,135.45606026503629,131.7463984401534,263.4927968803068,47.60752705515053,21.146822779192043,102.88305026149668,26.097947709798035
-31.871905555555557,117.43773456790124,9859.0,9885.0,1.561050061050096,40.58730158730249,26.0,164,,132.98519547493046,152.8601476846682,305.7202953693364,42.301991828813904,5.925879413131877,27.984276358975894,6.629931763357572
