lat,lon,t_start,t_end,climb_rate_ms,alt_gain_m,duration_s,circle_id,seg_id,avg_speed_kmh,turn_radius_m,circle_diameter_m,bank_angle_deg,bank_std_deg,bank_range_deg,bank_masd_deg
-31.631398275862065,117.25263333333334,325.0,355.0,1.1123816123816008,33.371448371448025,30.0,0,,140.50543473124745,186.3511205729475,372.702241145895,39.80307147272682,7.1217412932371,34.95427735597961,9.021094074621853
-31.62286481481481,117.2504111111111,454.0,486.0,1.8750000000000036,60.000000000000114,32.0,2,,134.67303589591145,190.5233721246806,381.0467442493612,36.824172568728606,2.4584857463721552,6.437436235531017,2.2602387607278325
-31.621027777777776,117.2500111111111,486.0,518.0,1.6249999999999942,51.999999999999815,32.0,4,,134.52198122333985,190.30967347741924,380.6193469548385,36.79332722676412,1.599616415480758,4.214681276186688,1.1650632023534502
-31.61895185185185,117.24930740740741,518.0,550.0,1.5124999999999806,48.39999999999938,32.0,6,,136.1538364961335,192.61827643809198,385.23655287618396,37.125238044623984,3.3470613602490644,9.000750558636803,1.4154943584993478
-31.607349999999997,117.17683148148149,1921.0,1953.0,1.3791666666666524,44.13333333333288,32.0,8,,130.72907832620086,184.94381352411045,369.8876270482209,36.010636879895635,1.3298597068244329,3.674213381655548,1.2414442742660492
-31.604970370370374,117.17646666666668,1953.0,1985.0,0.46666666666664514,14.933333333332644,32.0,10,,133.56768291893394,188.95961754559335,377.9192350911867,36.59788454604882,1.354609139476061,3.8225027251813373,1.1482150028467808
-31.617181481481484,117.17412962962963,2278.0,2310.0,1.6666666666666559,53.33333333333299,32.0,12,,140.98432391588437,199.4520182193948,398.9040364387896,38.09088245734675,1.0931169575125685,3.4138643853958115,1.284310351340418
-31.836239583333334,117.14605208333333,4987.0,5015.0,1.187500000000016,33.25000000000045,28.0,14,,133.79204630167524,165.61739845226606,331.2347969045321,40.36855340239016,9.051003736890681,23.835111430590505,7.065810921749371
-31.93312142857142,117.11992619047619,5379.0,5403.0,1.7857142857142987,42.85714285714317,24.0,16,,135.74541684857624,144.03036062347178,288.06072124694356,45.17957277991504,3.5708386293246956,8.725159443702495,3.4241726557232353
-31.931689583333334,117.12029166666667,5403.0,5431.0,0.9196428571428624,25.75000000000015,28.0,18,,131.89160546531463,163.2648963721289,326.5297927442578,39.96453157316941,8.827866878308795,22.16267143472981,7.52975620245957
-31.929912962962963,117.12126851851852,5431.0,5463.0,-0.12083333333333302,-3.8666666666666565,32.0,20,,126.27742530920182,178.6460127900185,357.292025580037,35.0717702506958,5.746095006302833,15.782359684217663,3.193301930573477
-31.95338541666667,117.11207708333333,5587.0,5615.0,2.732142857142855,76.49999999999994,28.0,22,,127.94973702043981,158.38536866530836,316.7707373306167,39.11105790957312,2.104738319854613,5.011493756320398,2.09092049610474
-31.95215625,117.11199791666667,5615.0,5643.0,2.8630952380952386,80.16666666666669,28.0,24,,130.87287865757156,162.00384320569808,324.00768641139615,39.74597011947386,2.7503932773943536,7.130723539058046,1.7290973400065444
-31.951004761904763,117.1113880952381,5643.0,5667.0,3.705357142857158,88.92857142857179,24.0,26,,133.7315344370897,141.89356501951235,283.7871300390247,44.75138048974916,2.35919742814502,6.056652542342036,1.5582200909441226
-31.949266666666666,117.11119375,5667.0,5695.0,3.312500000000011,92.75000000000031,28.0,28,,133.0860681263687,164.743487992038,329.486975984076,40.21902809522774,2.4154610991627266,7.597434017918147,2.1018473937629714
-31.94785625,117.11076875,5695.0,5723.0,3.7261904761905016,104.33333333333404,28.0,30,,135.95770376901683,168.29820471537607,336.59640943075215,40.82312621671318,2.25700729335892,5.577635565445924,1.6932760540282104
-31.946033333333332,117.110675,5723.0,5751.0,2.729166666666662,76.41666666666654,28.0,32,,135.96842092146343,168.31147117594745,336.6229423518949,40.82536041175072,4.609671699537078,12.805978089290953,3.807488356710126
-31.9442625,117.11083333333333,5751.0,5779.0,3.0148809523809708,84.41666666666718,28.0,34,,137.42568170044825,170.11537316977595,340.2307463395519,41.12775601042706,2.8993037361507614,9.50925750260857,3.275688913760922
-31.942345833333334,117.11089583333333,5779.0,5807.0,2.345238095238116,65.66666666666725,28.0,36,,130.8368910816756,161.95929520108012,323.91859040216025,39.73822373242769,1.5427399455935837,4.353728831838474,1.3217328492973006
-31.940301851851853,117.11163518518518,5807.0,5839.0,1.7041666666666417,54.533333333332536,32.0,38,,134.85540405399527,190.78137029198373,381.56274058396747,36.861379013827126,8.162386879113376,26.393538246699286,7.6079800999849985
-32.14875,117.06200476190476,6531.0,6555.0,1.7142857142857328,41.142857142857586,24.0,40,,129.543832924176,137.45027571302154,274.9005514260431,43.84026125745702,4.499296707219475,11.614537271131475,2.432660089970922
-32.14717708333333,117.06194791666667,6555.0,6583.0,1.6309523809523836,45.66666666666674,28.0,42,,125.44967782461646,155.29061593946008,310.58123187892016,38.558803755584016,4.7869854948062285,13.697138906859976,3.5435325173753136
-32.14581458333333,117.06160208333333,6583.0,6611.0,2.5684523809524014,71.91666666666724,28.0,44,,128.77361786874135,159.4052275171767,318.8104550343534,39.29117862311893,1.697162918197247,4.766134986972055,2.337461587479568
-32.14397708333333,117.0615375,6611.0,6639.0,2.351190476190482,65.8333333333335,28.0,46,,126.96559206297312,157.1671233954211,314.3342467908422,38.89468622290673,3.0115306205929007,7.468538801276402,2.4674654862793055
-32.14249761904762,117.06156904761905,6639.0,6663.0,2.428571428571426,58.28571428571423,24.0,48,,128.78549581611685,136.6456550511707,273.2913101023414,43.672225224275785,2.23353666611192,6.154462269682533,1.8948928928510285
-32.35496666666666,117.02474523809524,7471.0,7495.0,1.1964285714285894,28.714285714286145,24.0,50,,131.07938211966552,139.07954401184114,278.1590880236823,44.17763855464074,2.524244087984221,7.675633399103695,2.994528853801731
-32.35410714285714,117.02499285714285,7495.0,7519.0,1.8482142857143053,44.35714285714333,24.0,52,,132.26784900708714,140.34054654406907,280.68109308813814,44.43613543945219,2.1377018153674645,5.3620075807606185,1.6730894245970305
-32.35323809523809,117.0252642857143,7519.0,7543.0,1.839285714285711,44.14285714285707,24.0,54,,127.00573101023716,134.7572659418591,269.5145318837182,43.27413088509986,1.7082295520117412,4.9296277379623845,1.6041858944001675
-32.352428571428575,117.02556190476191,7543.0,7567.0,1.9821428571428543,47.571428571428505,24.0,56,,128.43715788964036,136.27605703206993,272.55211406413986,43.59472195252592,2.5562469695029573,6.95998795454323,2.472545817048355
-32.35165714285714,117.02565952380954,7567.0,7591.0,2.116071428571439,50.78571428571453,24.0,58,,129.59523210264496,137.50481193518283,275.00962387036566,43.85161642214792,1.9659414907731039,4.87976448033082,1.1802836678607762
-32.350680952380955,117.02559761904763,7591.0,7615.0,1.776785714285704,42.6428571428569,24.0,60,,129.7356511841632,137.65380120803655,275.3076024160731,43.88261593546427,2.657422483712981,7.135277928331384,2.805278268358424
-32.34933333333334,117.02555952380952,7615.0,7639.0,2.4642857142857326,59.14285714285758,24.0,62,,133.24297219828378,141.37518438408566,282.7503687681713,44.646535181650236,2.849858718039398,6.587314887374866,2.3182621089361177
-32.3478261904762,117.02579047619047,7639.0,7663.0,2.294642857142853,55.07142857142848,24.0,64,,138.30863147959695,146.7500158150212,293.5000316300424,45.71539994845487,2.792564936780697,7.263203471341782,2.097842993051374
-32.34665277777778,117.02608055555555,7663.0,7683.0,3.364285714285694,67.28571428571388,20.0,66,,141.38310534080892,125.0101115815105,250.020223163021,51.51163796680349,2.55804068377696,6.3776641017499855,2.7343171276632443
-32.34560555555556,117.02613055555555,7683.0,7703.0,3.157142857142828,63.14285714285656,20.0,68,,138.16562813637765,122.16523712945087,244.33047425890175,50.86750828108593,1.7407950876837495,4.126800682968117,1.4922274505276238
-32.34455,117.02617142857142,7703.0,7727.0,3.22321428571428,77.35714285714272,24.0,70,,133.43679842887775,141.580840402085,283.16168080417,44.68817567533458,0.9731585947524956,2.5719997829704013,0.9333003696101614
-32.343511111111106,117.02614722222222,7727.0,7747.0,3.242857142857114,64.85714285714228,20.0,72,,134.9568114791062,119.32802028233773,238.65604056467546,50.20688120664217,2.6643326002565506,6.661049875326356,2.967183596508459
-32.34245555555555,117.02619166666666,7747.0,7767.0,2.192857142857149,43.857142857142975,20.0,74,,135.23039893137778,119.56992470120963,239.13984940241926,50.26393193053952,2.134747241660299,5.384818002073516,2.050006240431438
-32.34133611111111,117.02607777777779,7767.0,7787.0,2.4857142857142542,49.71428571428508,20.0,76,,136.85263030096988,121.00429215292806,242.00858430585612,50.599424632781265,2.755008678071272,6.955319770454963,2.485326909618607
-32.34020952380952,117.0261761904762,7787.0,7811.0,1.5000000000000238,36.00000000000057,24.0,78,,138.17126230741968,146.60426259648483,293.20852519296966,45.68694103711518,7.568327874756216,20.485925182650554,4.598236924622685
-32.304327777777786,117.31230740740742,8569.0,8601.0,0.4249999999999915,13.599999999999728,32.0,80,,134.67469764365032,190.52572301683003,381.05144603366006,36.82451175917607,6.681488789684842,19.88109341846485,7.332709982407032
-32.30186904761905,117.30879761904761,8637.0,8661.0,1.1428571428571472,27.428571428571534,24.0,82,,139.90906264530008,148.44812602235436,296.8962520447087,46.04483688793001,2.286072883155713,6.100510181745683,2.574164863960344
-32.300179166666666,117.30826875,8661.0,8689.0,1.6190476190476228,45.33333333333344,28.0,84,,138.47077686141643,171.40906697653875,342.8181339530775,41.34292149768162,10.6802834322806,29.059786959892,10.977580064967702
-32.29912916666667,117.30714583333334,8689.0,8717.0,1.9404761904762033,54.33333333333369,28.0,86,,134.98970984277366,167.09995235125194,334.1999047025039,40.620707542315266,11.191542898473783,32.051874057817315,9.950096339231793
-32.29237037037038,117.31887962962963,8797.0,8829.0,1.3416666666666506,42.93333333333282,32.0,88,,132.91449540080185,188.03554623646758,376.07109247293516,36.46353657321428,8.507022271712593,25.60599637023107,7.777285163928971
-32.286633333333334,117.32363333333333,8865.0,8889.0,3.3303571428571517,79.92857142857164,24.0,90,,129.59241003818704,137.50181763179484,275.0036352635897,43.85099308063049,3.738888479357383,10.586200556632427,3.180489630670169
-32.285263888888885,117.32319722222223,8889.0,8909.0,3.614285714285711,72.28571428571422,20.0,92,,134.26976430129426,118.72053720185937,237.44107440371874,50.063008805450906,3.4906901298857917,8.432877431669986,3.2722933455816055
-32.28400833333334,117.32265,8909.0,8929.0,4.035714285714299,80.71428571428598,20.0,94,,137.66951630720106,121.72657796311857,243.45315592623714,50.7665742696761,2.7440771285547374,6.238173522090193,3.1127496495097873
-32.282264285714284,117.32199523809525,8929.0,8953.0,3.18750000000002,76.50000000000048,24.0,96,,139.7192729833751,148.2467529367337,296.4935058734674,46.00597393659847,4.121018926971488,9.325339068240602,3.5223070613943706
-32.28085,117.32205357142858,8953.0,8972.0,3.6898638426626285,70.10741301058994,19.0,98,,143.62591740842242,120.64353320042107,241.28706640084215,53.36721056077344,6.295337279650424,24.461829882119517,7.192044012089691
-32.27932651515151,117.3215325757576,8972.0,8999.0,2.7311598951508,73.7413171690716,27.0,100,,148.34255307751548,177.0708794486883,354.1417588973766,44.34769317439201,4.409127960108759,18.280543148835783,5.475805575632175
-32.27770952380952,117.32096904761904,8999.0,9023.0,2.580357142857164,61.92857142857194,24.0,102,,148.02130233681032,157.05547966535522,314.11095933071044,47.65595212743775,2.9730660868423837,7.061846361613668,2.5030340642439795
-32.17780833333333,117.58647291666668,9587.0,9615.0,2.255952380952389,63.16666666666689,28.0,104,,124.00390228945909,153.50093120484743,307.00186240969487,38.23551015335121,5.061905231158721,12.895122530427791,3.091863427697715
-32.17617083333333,117.58688333333333,9615.0,9643.0,1.934523809523799,54.16666666666637,28.0,106,,123.75572882924979,153.19372428200774,306.3874485640155,38.17972427816738,4.761537275148069,14.800332030864453,6.3639227380613015
-32.15615952380953,117.6135,9731.0,9755.0,4.187500000000025,100.5000000000006,24.0,108,,141.15817869926218,149.77347931891111,299.54695863782223,46.29925794623815,2.409662235811236,5.7251432268687665,2.2598213130487337
-32.15376666666666,117.61395476190476,9755.0,9779.0,3.723214285714287,89.35714285714289,24.0,110,,136.8236015661173,145.17435013922375,290.3487002784475,45.406202962596986,6.830755777294417,18.845465935168278,5.473221194193539
-32.1522880952381,117.61392380952381,9779.0,9803.0,4.160714285714301,99.85714285714322,24.0,112,,135.12832192073463,143.3756025693189,286.7512051386378,45.04904449685571,3.519483450455143,9.24263518202239,3.585009958554198
-32.150083333333335,117.61315208333333,9803.0,9831.0,3.3690476190476395,94.33333333333391,28.0,114,,133.0860711673565,164.74349175639097,329.48698351278193,40.219028740731204,5.799056174128797,16.953457890669718,5.399333801332947
-32.05132592592592,117.83884814814814,10303.0,10335.0,2.0333333333333146,65.06666666666607,32.0,116,,133.88942396285373,189.41478801257452,378.82957602514904,36.663888970729595,12.306930746377484,34.987619744690726,5.520033854009512
-32.04888148148148,117.83949999999999,10335.0,10367.0,1.6583333333333123,53.066666666665995,32.0,118,,136.2826559395258,192.80051867082295,385.6010373416459,37.151316150305256,10.676547575972346,29.82847642983768,8.880151956051595
-32.04508518518519,117.84145925925925,10367.0,10399.0,1.4833333333333543,47.46666666666734,32.0,120,,132.86121207905833,187.96016575611347,375.92033151222694,36.452556632266656,14.315873697099692,36.759578137941205,8.961645954438357
-32.008972916666664,117.94141250000001,10623.0,10651.0,2.6488095238095606,74.1666666666677,28.0,122,,131.42226533839846,162.68391347398384,325.36782694796767,39.864010504306506,5.730998547878906,15.722493139025385,5.1336345364170155
-32.00669285714286,117.94181666666667,10651.0,10675.0,2.767857142857137,66.42857142857129,24.0,124,,135.02460314274765,143.26555352793173,286.53110705586346,45.02704716649577,2.944056696490998,8.323795307967423,4.101437955768577
-32.004445833333335,117.94194791666666,10675.0,10703.0,2.7172619047619215,76.0833333333338,28.0,126,,137.0360044691377,169.63300272198256,339.2660054439651,41.047165643671455,4.89493195258368,12.806204305616582,4.182913069280306
-32.00128333333333,117.94304166666666,10703.0,10731.0,1.3125000000000056,36.750000000000156,28.0,128,,138.85006775670274,171.8785804720743,343.7571609441486,41.420660612800745,10.611481540350095,30.350764809597333,9.995326242430364
-31.952489583333332,118.01907291666666,10959.0,10987.0,0.8988095238095534,25.166666666667496,28.0,130,,137.13375880755487,169.75401005884297,339.50802011768593,41.0674011027319,3.5882782693044177,9.776763904166508,2.6717197630895875
-31.949483333333333,118.02078703703702,10987.0,11019.0,0.38750000000001356,12.400000000000434,32.0,132,,139.37472028551207,197.17489489324004,394.3497897864801,37.77189565788443,11.24512816912087,33.547552313304216,10.405431276100378
-31.892004166666666,118.14826458333334,11383.0,11411.0,2.306547619047652,64.58333333333425,28.0,134,,129.431431605309,160.21951657790942,320.43903315581883,39.43433090147486,4.610355416071162,11.555542979028232,4.0146962745476245
-31.884022916666666,118.17302083333333,11495.0,11523.0,3.011904761904769,84.33333333333353,28.0,136,,135.54510144042956,167.78745593661915,335.5749118732383,40.73699684659471,2.024235135585672,4.4889041489538,2.002865806438731
-31.882181250000002,118.17266666666666,11523.0,11551.0,2.7202380952380945,76.16666666666664,28.0,138,,138.05955769871608,170.90003037979977,341.80006075959955,41.25842817908428,4.988707658649896,13.020656718107816,4.106450787152103
-31.87993541666667,118.17230625,11551.0,11579.0,2.6398809523809446,73.91666666666644,28.0,140,,137.2348647319851,169.8791662294459,339.7583324588918,41.08831725650129,4.826344765790299,13.531487438283023,4.836032996959841
-31.87749259259259,118.17144444444446,11579.0,11611.0,1.9999999999999805,63.999999999999375,32.0,142,,135.16757689673378,191.22300452328045,382.4460090465609,36.924983997068956,4.696239110417593,10.316927032948513,2.9360604763335507
-31.73763125,118.02793958333334,12499.0,12527.0,3.2738095238095277,91.66666666666677,28.0,144,,139.85303851167072,173.1201296654169,346.2402593308338,41.62533494979253,2.2807377731554697,5.9946991843616075,2.0470160240076942
-31.735072222222225,118.02815370370371,12527.0,12559.0,2.424999999999996,77.59999999999987,32.0,146,,131.7286088637352,186.35785997584279,372.71571995168557,36.218428006590386,4.596469203877452,14.145070151304765,3.6272484335756374
-31.732945238095237,118.02725714285712,12559.0,12583.0,4.08035714285714,97.92857142857136,24.0,148,,130.3976259862293,138.3561782877105,276.712356575421,44.02832276427375,3.635814313214916,9.756345276494898,2.727682595586759
-31.73142380952381,118.02654047619048,12583.0,12607.0,2.9553571428571463,70.92857142857152,24.0,150,,138.06662250145277,146.4932363140594,292.9864726281188,45.66524325347517,1.5815065896416152,3.976925774339982,1.7543381585922275
-31.729740476190475,118.02585238095239,12607.0,12631.0,3.4285714285714417,82.2857142857146,24.0,152,,134.80678729981514,143.0344437406888,286.0688874813776,44.98079632174019,2.4086512904022,7.291910466578102,2.567009600768125
-31.728090476190477,118.02505952380953,12631.0,12655.0,3.5982142857142976,86.35714285714315,24.0,154,,131.0766460902174,139.07664099443372,278.15328198886743,44.177040825455194,3.6378134712697188,9.836857567025007,2.723886799328189
-31.726195833333332,118.02401666666667,12655.0,12683.0,2.7202380952381136,76.16666666666718,28.0,156,,129.91676052965747,160.82029155718578,321.64058311437157,39.53957164431583,3.150983992416492,8.470083980385645,2.1026040668617916
-31.724231481481482,118.02307037037038,12683.0,12715.0,3.1041666666666567,99.33333333333302,32.0,158,,129.18733240186597,182.7626892143355,365.525378428671,35.68796478230856,6.184740647188471,20.86711696106135,5.8697702582889715
-31.72228888888889,118.02327592592593,12715.0,12747.0,2.270833333333321,72.66666666666627,32.0,160,,129.83975539568587,183.68567894280883,367.37135788561767,35.8248309621575,8.583761487879935,24.01734331144371,6.524665225905291
-31.720355555555557,118.0233925925926,12747.0,12779.0,2.0124999999999917,64.39999999999974,32.0,162,,130.39961399041013,184.47771683421195,368.9554336684239,35.941903796361714,6.068287749626458,17.91299653614611,5.109254631428999
-31.718477777777778,118.02395370370371,12779.0,12811.0,1.9416666666666798,62.13333333333375,32.0,164,,132.0776315668082,186.85162609535715,373.7032521907143,36.29072708077694,8.882021218212092,23.424335643617876,5.719477670229831
-31.66673958333333,117.65146250000001,13575.0,13603.0,3.011904761904769,84.33333333333353,28.0,166,,130.29076990209475,161.28326720463318,322.56653440926635,39.62045627406535,1.6509463593979765,4.680503719254887,1.702222729341513
-31.66445416666667,117.65123125,13603.0,13631.0,3.413690476190499,95.58333333333397,28.0,168,,133.74421592403436,165.5581905775766,331.1163811551532,40.35844387364863,2.776622911522218,7.49087844467239,2.3516346881610417
-31.662372916666666,117.65091666666666,13631.0,13659.0,3.1904761904762045,89.33333333333373,28.0,170,,132.38779026057546,163.87910952765068,327.75821905530137,40.07048163109012,2.8394744390030207,7.836973212532975,3.0347510350685796
-31.660461904761906,117.65011190476191,13659.0,13683.0,2.3571428571428603,56.57142857142865,24.0,172,,134.22599143580823,142.41820018946194,284.8364003789239,44.85710490914203,2.321857897212314,6.402358807055116,2.4230940863819983
-31.65834047619047,117.6494023809524,13683.0,13707.0,1.7946428571428932,43.071428571429436,24.0,174,,136.81682576538,145.1671607913521,290.3343215827042,45.404784364110995,4.301795126380591,9.65976364988149,3.701844199257593
