lat,lon,t_start,t_end,climb_rate_ms,alt_gain_m,duration_s,circle_id,seg_id,avg_speed_kmh,turn_radius_m,circle_diameter_m,bank_angle_deg,bank_std_deg,bank_range_deg,bank_masd_deg
-31.625815277777775,117.23867847222222,719.0,742.0,1.0113043478260786,23.259999999999806,23.0,0,,89.44416659200952,90.94890794684041,181.89781589368081,34.67869407512475,7.744071509703629,28.600752762407957,9.838274385223093
-31.624861666666668,117.23864833333332,742.0,761.0,1.9308270676691557,36.685714285713956,19.0,2,,98.62683504976415,82.84500502052786,165.69001004105573,42.72332748137678,8.631519121238817,32.478723308408135,8.152442660227889
-31.624263333333335,117.23902833333334,761.0,780.0,1.7443609022556141,33.14285714285667,19.0,4,,95.69223248264059,80.37998457975294,160.75996915950589,41.861876539180415,4.08965453204577,15.22508100444761,3.6877606197594073
-31.62389166666667,117.23920833333334,780.0,799.0,1.8263157894736564,34.69999999999947,19.0,6,,93.99567394869756,78.95490184044358,157.90980368088717,41.35300853053455,4.6537141270936075,14.324742799006906,6.125389398731217
-31.623521739130435,117.23914420289857,799.0,821.0,1.6897233201581032,37.17391304347827,22.0,8,,93.39764089582197,90.83981024367225,181.6796204873445,37.06388435377124,6.36130720216036,28.33149094993622,6.2790181714190245
-31.622878070175435,117.23858684210525,821.0,839.0,2.3087719298245326,41.55789473684159,18.0,10,,94.7287828568662,75.38277022374525,150.7655404474905,43.11595832464003,6.981102443112089,27.701878975014868,7.408744555196627
-31.62243596491228,117.23815175438597,839.0,857.0,2.998245614035073,53.968421052631314,18.0,12,,102.12698283370426,81.27007070522588,162.54014141045175,45.26888967769571,6.97303981030044,27.97575392282763,8.014339624918446
-31.62211818181818,117.23805984848485,857.0,878.0,2.5742518351213888,54.059288537549165,21.0,14,,98.55483918844298,91.49869063106064,182.99738126212128,39.860618591168134,5.78862717165969,18.93425068075111,4.805907344533989
-31.62169469696969,117.2378696969697,878.0,899.0,2.0502540937323492,43.05533596837933,21.0,16,,102.64741845349519,95.29825691455997,190.59651382911994,41.011369200166214,5.660048113087354,22.507946191802198,6.74954784612237
-31.621134166666668,117.23831833333334,899.0,918.0,1.9293233082706636,36.65714285714261,19.0,18,,103.01646245227839,86.53222365647058,173.06444731294116,43.96863450822962,6.848647684555278,27.322393287735025,8.457098589921129
-31.62088194444445,117.23873333333334,918.0,941.0,1.396521739130445,32.12000000000023,23.0,20,,102.49722177159563,104.22155790475573,208.44311580951145,38.409241900010535,4.371639336422048,16.904068876793843,4.64552519253262
-31.620363461538457,117.2391717948718,941.0,966.0,0.6892307692307793,17.230769230769482,25.0,22,,102.17972283983256,112.93338870638325,225.8667774127665,36.02334271711445,7.68768162324734,30.70706337734439,10.339322860604293
-31.620186419753082,117.23935061728395,966.0,992.0,0.6074481074481071,15.793650793650784,26.0,24,,108.13866074641199,124.30023953482038,248.60047906964076,36.50044941414318,8.56843170237475,31.441929857581034,8.919361251595824
-31.61938333333333,117.23966666666666,992.0,1010.0,1.1912280701753857,21.442105263156943,18.0,26,,108.55718546980518,86.38706337831586,172.77412675663172,47.01647006436356,4.674230448472748,15.389779202862734,5.132266409943741
-31.618844,117.24001466666667,1010.0,1034.0,0.6946153846153719,16.670769230768926,24.0,28,,105.76519944592945,112.2203619927991,224.4407239855982,38.09797378202551,8.321174240328249,34.42090343603058,8.570279325914207
-31.620656790123455,117.24053888888886,1071.0,1097.0,-1.094017094017075,-28.444444444443953,26.0,30,,97.60374613507057,112.19085700104357,224.38171400208714,33.738355511698074,13.605341235520712,41.29983486215862,9.364023047310324
-31.615681578947374,117.29874473684212,1326.0,1344.0,3.8368421052631314,69.06315789473636,18.0,32,,97.42251407642837,77.52637341851666,155.0527468370333,43.91812687174495,3.957091028184563,14.173939157665302,5.306789604848403
-31.615719607843136,117.29879019607843,1344.0,1360.0,3.090686274509837,49.45098039215739,16.0,34,,96.39605868719066,68.18626326507926,136.37252653015852,46.987070818610164,4.7814871526969265,17.570683280488105,5.995099707424107
-31.61560925925926,117.29867685185185,1360.0,1377.0,2.7337461300309576,46.47368421052628,17.0,36,,96.78943199676732,72.74355033411678,145.48710066823355,45.36855691089546,6.405538992210848,21.14142258191832,5.526804309647896
-31.61564166666667,117.29887291666665,1377.0,1392.0,2.638235294117645,39.573529411764675,15.0,38,,96.62085440715786,64.07369410275632,128.14738820551264,48.89225727890317,4.719779543425079,13.258327652376806,7.13928443794825
-31.615547058823527,117.29884705882353,1392.0,1408.0,2.990196078431417,47.84313725490267,16.0,40,,93.32446068265163,66.01355212901888,132.02710425803775,46.06071699862187,3.813388646867651,13.842337932626165,3.529845230975476
-31.61557619047619,117.29910238095235,1408.0,1428.0,3.2844155844156133,65.68831168831227,20.0,42,,89.49058624783693,79.12705089741577,158.25410179483154,38.52253125083312,6.435511982980205,24.349073679354383,5.443808312807576
-31.615896296296302,117.29928518518517,1428.0,1445.0,4.031991744066074,68.54385964912326,17.0,44,,98.57997438004001,74.08925933659668,148.17851867319337,45.89354733723858,4.378392737463749,16.31508299138072,4.6731173562709465
-31.616064705882355,117.29965686274511,1445.0,1461.0,3.916666666666704,62.66666666666726,16.0,46,,100.23175514626489,70.89946349468701,141.79892698937402,48.100429076703776,7.588433589198123,27.756042534701653,5.425730161631838
-31.616203508771935,117.30040438596492,1461.0,1479.0,4.519298245614001,81.34736842105202,18.0,48,,95.33103424665471,75.86202665208928,151.72405330417857,43.297158776586635,8.216394833503616,31.549353929958617,7.911949676465916
-31.615996376811594,117.30133768115941,1479.0,1501.0,4.550395256916967,100.10869565217327,22.0,50,,93.63951945564901,91.07506460626594,182.15012921253188,37.13518011093331,9.570425862367932,35.41821765763991,10.330555054683556
-31.615846031746027,117.30184444444443,1501.0,1521.0,4.742857142857118,94.85714285714236,20.0,52,,95.26337585369315,84.23131757075761,168.46263514151522,40.27897416556317,4.568331941532742,16.849796289932947,5.603353974550144
-31.61559603174603,117.30203730158729,1521.0,1541.0,4.914285714285695,98.28571428571391,20.0,54,,101.1126060800461,89.40317259190537,178.80634518381075,41.97023313094692,4.908948996768776,17.45919790316995,7.430113833690005
-31.615334999999998,117.30230583333335,1541.0,1560.0,5.090977443608961,96.72857142857025,19.0,56,,100.89567865375963,84.75079830355229,169.50159660710457,43.37336140000742,4.903243984603762,21.087810544837083,5.342024317135012
-31.6150625,117.30263583333335,1560.0,1579.0,4.972180451127772,94.47142857142768,19.0,58,,105.26565835839247,88.42151317934893,176.84302635869787,44.58717535607345,4.988652783752868,20.421538398453947,4.7760298132768675
-31.614557936507946,117.30274841269842,1579.0,1599.0,5.289610389610361,105.79220779220721,20.0,60,,106.30953971227889,93.99827079462965,187.9965415892593,43.40123831382287,5.106908261988375,14.694953396197938,5.387460238624405
-31.614126811594208,117.30292028985504,1599.0,1621.0,4.797430830039501,105.54347826086904,22.0,62,,107.30896094647372,104.3701484997505,208.740296999501,40.95157685451346,4.788743464837948,19.319220975808644,5.797613539925187
-31.61364,117.30303266666668,1621.0,1645.0,4.873846153846171,116.9723076923081,24.0,64,,108.38071293291209,114.9955079939778,229.9910159879556,38.779509367793004,14.424445105463676,57.8170029980349,7.698054820704454
-31.534571969696966,117.26396136363634,2015.0,2036.0,3.025409373235404,63.533596837943485,21.0,66,,110.7630399666093,102.83283104833102,205.66566209666203,43.17955448285367,6.426557878457278,30.174414210047843,7.06643721234273
-31.53425588235294,117.26398823529412,2036.0,2052.0,4.03186274509807,64.50980392156912,16.0,68,,114.28818493017391,80.84235363839039,161.68470727678078,51.801386338837986,6.357009680243606,24.004219259309046,6.0509609708722065
-31.406510416666666,117.19383750000001,2595.0,2618.0,1.5660869565216984,36.019999999999065,23.0,70,,105.85795767403435,107.63883229916935,215.2776645983387,39.31231126323011,9.227760386333784,47.312816259413665,6.172076114605729
-31.40625614035088,117.1930149122807,2618.0,2636.0,1.98596491228063,35.74736842105134,18.0,72,,108.65269317227293,86.46306599307133,172.92613198614265,47.04159999313709,9.165080389864492,28.98369742406175,7.922350912921455
-31.406502469135805,117.19321296296296,2636.0,2662.0,2.0244200244200536,52.63492063492139,26.0,74,,103.5002719293651,118.96863253104408,237.93726506208816,35.30740666169469,7.924782583427014,32.015769800087355,7.316157757801064
-31.406326315789478,117.19313859649124,2662.0,2680.0,2.522807017543797,45.410526315788346,18.0,76,,105.88591976609337,84.26133767302792,168.52267534605585,46.30393023297904,6.705798971475652,23.940492731856608,8.409192410507782
-31.40663,117.1932033333333,2680.0,2699.0,2.0511278195487437,38.97142857142613,19.0,78,,100.5180236291149,84.4335739660083,168.8671479320166,43.26611525058434,7.5425932733325585,31.326390807100864,7.788043734547249
-31.406632456140347,117.19341140350878,2699.0,2717.0,1.6912280701753388,30.442105263156098,18.0,80,,100.51446878968189,79.98687280066954,159.9737456013391,44.81295566618558,4.082909240247038,16.162382403087584,3.4133764472863937
-31.406613157894743,117.19356754385963,2717.0,2735.0,1.1192982456139804,20.147368421051645,18.0,82,,100.95867015286983,80.34035701406715,160.6807140281343,44.93927844129101,4.403073572335979,14.185240440551027,5.206681923882904
-31.406440579710146,117.19366811594203,2735.0,2757.0,0.40415019762841875,8.891304347825212,22.0,84,,101.59776496809204,98.81536195520272,197.63072391040544,39.40713349366804,5.498894096095179,19.47721198750851,6.424134974369266
-31.321046031746032,117.15055793650795,3166.0,3186.0,2.3948051948051314,47.89610389610263,20.0,86,,111.3713968237793,98.47393513085271,196.94787026170542,44.73298282548963,13.772029061063694,45.31905606905344,7.392605551058678
-31.320337719298244,117.15079298245614,3186.0,3204.0,1.7228070175437649,31.010526315787768,18.0,88,,111.3656085619574,88.62193546536312,177.24387093072625,47.74563346672342,6.730239994708545,23.080468673736043,4.652079112633446
-31.320096376811595,117.15053405797102,3204.0,3226.0,1.9515810276679486,42.93478260869487,22.0,90,,107.26227362522015,104.32473977890078,208.64947955780156,40.93923484868795,9.422740140790557,34.46307609026107,11.040815925298718
-31.319241397849463,117.15102634408599,3226.0,3256.0,1.8806451612903392,56.41935483871018,30.0,92,,108.62195667527037,144.0643444431915,288.128688886383,32.78867376473824,10.47946062855903,39.03896454748848,5.670562159886099
-31.217391666666668,117.12580416666665,3805.0,3824.0,4.360150375939785,82.84285714285592,19.0,94,,112.43564121700383,94.44418708568531,188.88837417137063,46.47422672647235,5.58107972846778,22.53543616729096,6.7112884608247265
-31.216992708333333,117.12588333333333,3824.0,3839.0,3.4323529411764726,51.485294117647086,15.0,96,,114.24174269876028,75.75890857475059,151.51781714950118,53.57256613903735,5.32796045168393,19.975689365507193,4.689812793859799
-31.216321929824563,117.12627017543859,3839.0,3857.0,4.09473684210514,73.70526315789253,18.0,98,,112.32940444515383,89.38889986007476,178.77779972014952,47.99125817978029,9.031998510723087,31.732704719991958,10.888078548243724
-31.215571929824563,117.12656140350876,3857.0,3875.0,4.199999999999934,75.5999999999988,18.0,100,,108.98632143657716,86.72855893016725,173.4571178603345,47.129198601711906,6.270947035334813,28.944220779444787,6.880831748299409
-31.215124561403513,117.12685701754386,3875.0,3893.0,3.908771929824547,70.35789473684184,18.0,102,,104.08324928207536,82.8268180815413,165.6536361630826,45.81235220513744,6.332111223338206,25.78557105621239,8.99330749497254
-31.21455873015873,117.12735793650795,3893.0,3913.0,3.3389610389610738,66.77922077922148,20.0,104,,101.25929212947455,89.53287153551182,179.06574307102363,42.01153417954509,9.111213848644256,31.981894968196517,10.169032262166434
-31.1672775,117.2887625,4472.0,4491.0,3.848120300751813,73.11428571428445,19.0,106,,99.47416783130336,83.55675135716386,167.11350271432772,42.96770540076275,5.862316478914916,21.666275389145127,7.531677453973476
-31.166409523809527,117.28871507936508,4491.0,4511.0,3.3129870129869667,66.25974025973933,20.0,108,,94.80793247374493,83.82861720843961,167.65723441687922,40.14359714920097,6.770131995025334,25.464500812740557,7.454052272519268
-31.16577666666666,117.28880666666666,4511.0,4530.0,2.8879699248119377,54.87142857142682,19.0,110,,97.00640176377371,81.48386630360996,162.96773260721992,42.25056506590042,5.994080698004129,21.113881604556763,7.1934523294498245
-31.165167424242426,117.28845303030303,4530.0,4551.0,2.6053077357424472,54.71146245059139,21.0,112,,96.07650784070091,89.19779830415294,178.39559660830588,39.144418255805206,5.182917566487333,20.52546610123655,6.995568611950591
-31.1643606060606,117.28839393939394,4551.0,4572.0,1.9333709768491876,40.60079051383294,21.0,114,,97.13091481868408,90.17671378584981,180.35342757169963,39.45093082649164,6.626457972690642,27.349358398977028,8.145084771319919
-31.16389130434782,117.28830797101449,4572.0,4594.0,1.8774703557312782,41.30434782608812,22.0,116,,103.3471935626808,100.51687989551728,201.03375979103456,39.887709111833935,7.00467548163896,25.369737504655582,9.95456578226351
-31.16290362318841,117.28816811594206,4594.0,4616.0,1.7015810276679781,37.43478260869552,22.0,118,,99.85116052389368,97.11659082180003,194.23318164360006,38.92063386631436,8.725394910928781,31.225983963757137,6.133925058042913
-31.226406989247312,117.28535376344087,5143.0,5173.0,1.8919354838709614,56.75806451612884,30.0,120,,98.26233926907314,130.3244751203821,260.6489502407642,30.231030215217476,15.889567572199779,62.755067074507735,10.057860862983922
-31.226381609195403,117.28606666666667,5173.0,5201.0,0.09901477832512083,2.772413793103383,28.0,122,,99.62563238158013,123.32375885032367,246.64751770064734,32.33486631022784,11.919573006565868,44.991786016048785,10.128495804196847
-31.26907619047619,117.28299047619049,5414.0,5434.0,1.7181818181818116,34.36363636363623,20.0,124,,104.59324589490214,92.48073387888758,184.96146775777515,42.935921579814256,6.309660813790112,24.983931018502602,5.499650257154383
-31.268255208333336,117.28214166666666,5448.0,5463.0,2.4088235294117735,36.1323529411766,15.0,126,,111.5904706835606,74.0007292134996,148.0014584269992,52.92760018216454,3.958501863932317,12.798980636621238,3.5926737841792806
-31.267944791666668,117.281859375,5463.0,5478.0,2.639705882352931,39.59558823529397,15.0,128,,110.74328833787061,73.43892397176315,146.8778479435263,52.71736791356386,3.817966253822394,12.86749178998491,5.491615751297478
-31.2675068627451,117.28132058823529,5478.0,5494.0,0.9166666666667344,14.66666666666775,16.0,130,,111.67924720830561,78.99690770659375,157.9938154131875,51.156702458690056,6.08709776282811,21.23109801020469,7.366469689435852
-31.339964705882352,117.28320392156863,5872.0,5888.0,2.889705882352962,46.23529411764739,16.0,132,,108.58136841069279,76.80560671219526,153.6112134243905,50.36707917349037,4.830974252285567,16.176730438561783,5.702962052855522
-31.339647916666664,117.28323541666666,5888.0,5903.0,2.9779411764706265,44.669117647059394,15.0,134,,110.45209152495161,73.24581808764371,146.49163617528743,52.644634736688346,4.158286529635515,14.457353512771029,5.079202845683818
-31.339378124999996,117.28329791666667,5903.0,5918.0,2.801470588235323,42.02205882352984,15.0,136,,113.35073403039294,75.16804010013232,150.33608020026463,53.357978551476045,10.20155460974919,43.04756393528369,12.04083244293737
-31.338895098039217,117.28338235294119,5918.0,5934.0,2.625000000000097,42.00000000000155,16.0,138,,106.32863466147899,75.21212354927385,150.4242470985477,49.77586806558304,10.866123904154422,42.88892856238262,13.544744942717331
-31.33856666666667,117.28304298245614,5934.0,5952.0,2.9333333333332385,52.79999999999829,18.0,140,,101.33981939408378,80.64366594304178,161.28733188608356,45.047229099992634,9.564906198685051,36.90889018746345,12.045517769698835
-31.338460416666667,117.28281979166667,5952.0,5967.0,3.0617647058823554,45.92647058823533,15.0,142,,106.87528134477104,70.87387216815557,141.74774433631114,51.731139017650776,11.491321867933033,44.338414516570175,15.873434371596627
-31.338301960784314,117.28232352941176,5967.0,5983.0,3.330882352941251,53.29411764706001,16.0,144,,99.78444098562491,70.58305345121654,141.16610690243309,47.97301249416406,25.566521433788242,87.23770110234355,23.166921741959527
