lat,lon,t_start,t_end,climb_rate_ms,alt_gain_m,duration_s,circle_id,seg_id,avg_speed_kmh,turn_radius_m,circle_diameter_m,bank_angle_deg,bank_std_deg,bank_range_deg,bank_masd_deg
-32.12301851851852,116.96231296296297,217.0,243.0,1.1959706959706984,31.09523809523816,26.0,0,,102.66105488069175,118.00399250820874,236.00798501641748,35.087694064123106,7.171114078679181,34.78650275978296,6.6085227789012855
-32.12308735632184,116.96035057471262,243.0,271.0,1.22364532019704,34.26206896551712,28.0,2,,97.97988516987691,121.28653482059488,242.57306964118976,31.905098994553367,6.251133252086491,25.599740549995353,7.435192028434874
-32.12310909090909,116.95841893939397,271.0,292.0,0.8339920948616625,17.513833992094913,21.0,4,,102.11341821535676,94.80248904574007,189.60497809148015,40.86344608937905,6.47534824117894,21.791301719409688,7.554334979860853
-32.123110317460316,116.95691507936507,292.0,312.0,1.5402597402597458,30.805194805194915,20.0,6,,106.19714768309348,93.89889442235749,187.79778884471497,43.37098339135685,4.416323791877496,16.135546312461763,5.465579086669235
-32.12334466666667,116.95539466666669,312.0,336.0,1.2984615384615348,31.163076923076837,24.0,8,,99.43713272410012,105.50607466616933,211.01214933233865,36.39514347837613,7.970035445939166,31.80773967906149,8.760899125074577
-32.1235005952381,116.95427559523809,336.0,363.0,1.4674329501915926,39.620689655173,27.0,10,,97.9424346941669,116.91016965023857,233.82033930047714,32.83738847029566,8.209353131962272,28.328603485005285,9.201846604825445
-32.12361666666667,116.95236309523808,363.0,390.0,1.008210180623971,27.221674876847217,27.0,12,,101.69783006206141,121.39284267072469,242.78568534144938,33.82705617520051,6.5476590655264,28.42744690368444,7.73102273447669
-32.12323863636363,116.94560075757576,503.0,524.0,-0.05646527385663912,-1.1857707509894215,21.0,14,,105.67559610948122,98.1096286625385,196.219257325077,41.837769690199224,5.735107499518618,21.87794535641556,8.24507292716246
-32.123436,116.94414266666665,524.0,548.0,3.112307692307695,74.69538461538468,24.0,16,,104.44874603056196,110.82356153675947,221.64712307351894,37.75004965031659,6.647741861092813,26.118355682317798,8.430658247713547
-32.12352628205128,116.94282179487179,548.0,573.0,1.229743589743612,30.7435897435903,25.0,18,,101.79635561697765,112.50967489710011,225.01934979420022,35.92095979314232,6.911029624425731,29.63411366596392,8.182634333550832
-32.08120476190476,116.94120654761907,769.0,796.0,2.013136288998381,54.35467980295629,27.0,20,,97.9288146956696,116.89391197459544,233.78782394919088,32.83375818489417,8.183480802085764,31.29094553636221,10.720093073224943
-32.08136521739131,116.94008913043479,796.0,818.0,1.9347826086956372,42.56521739130402,22.0,22,,107.71238772860214,104.76252685089791,209.52505370179583,41.058032582174086,4.66934191174438,18.013846351443533,4.548796787119876
-32.08133636363636,116.93897348484847,818.0,839.0,3.0095990965556023,63.20158102766765,21.0,24,,109.23538948385632,101.4145544820577,202.8291089641154,42.78268180145199,6.328977316482363,20.53528224794697,7.878184327615422
-32.08129924242425,116.93796969696967,839.0,860.0,1.989271597967195,41.7747035573111,21.0,26,,112.69954031397563,104.63068539672908,209.26137079345816,43.675331266450115,6.739578641939953,22.904173000579807,8.5879456740163
-32.081404166666665,116.93691041666666,860.0,883.0,1.6047826086956254,36.909999999999386,23.0,28,,108.65496313629225,110.48289247666592,220.96578495333185,40.046556042927286,3.7973385552142624,15.038889647765707,3.9299613987565207
-32.081406410256406,116.93550448717949,883.0,908.0,1.6170940170940002,40.42735042735001,25.0,30,,104.2291421254788,115.19849432984478,230.39698865968955,36.56617348843369,5.2808985532470505,18.21358339241181,7.341802761536958
-32.08110238095239,116.93410595238093,908.0,935.0,0.8527640941434318,23.024630541872657,27.0,32,,104.73579035175837,125.01914064839087,250.03828129678175,34.61126424081424,7.5087138946005805,25.16638845616289,9.053339426038928
-32.033825,116.94601805555556,1106.0,1129.0,2.617826086956511,60.20999999999975,23.0,34,,112.77399980158482,114.67122471537026,229.34244943074052,41.099735611195925,7.009650989972828,35.749300891828526,7.150488522875609
-32.033428846153846,116.94443846153847,1129.0,1154.0,2.7798290598290856,69.49572649572714,25.0,36,,112.53190885080973,124.37506631370121,248.75013262740242,38.68903215564322,7.26834971244154,27.192701486044623,7.543220681653897
-32.03273717948718,116.94249615384616,1154.0,1179.0,1.8888888888889408,47.22222222222352,25.0,38,,114.18598339281913,126.20322006094607,252.40644012189213,39.09758953094165,7.685132681862781,27.450497669039983,8.138953076287882
-32.03200370370371,116.9409537037037,1179.0,1205.0,1.4438339438339274,37.53968253968211,26.0,40,,110.21490124974609,126.68677909537148,253.37355819074295,37.0228881290794,6.210724228103027,26.420483941611316,6.619127248784
-31.91151287878789,116.96487500000002,1640.0,1661.0,2.1214003387916054,44.54940711462371,21.0,42,,107.70398980764782,99.9927971502032,199.9855943004064,42.37966189330422,5.63944669545625,20.065249399872943,6.915003337483138
-31.911888095238098,116.96380793650795,1661.0,1681.0,1.981818181818158,39.63636363636316,20.0,44,,105.97845569135477,93.70552824735844,187.4110564947169,43.312026855036336,4.340351112274793,14.490943432747386,5.7586805404400465
-31.91219166666667,116.96282196969696,1681.0,1702.0,2.0491247882551966,43.031620553359126,21.0,46,,104.04737080073102,96.59797804213478,193.19595608426957,41.39603644618094,5.909096188364759,23.07960716266111,7.662353051364308
-31.912379166666668,116.96178958333333,1702.0,1725.0,1.6626086956521633,38.23999999999975,23.0,48,,107.98484460794485,109.80150037844065,219.6030007568813,39.872062682495645,7.314863398207464,27.758254150741706,7.869326329407565
-31.912620289855077,116.96033478260868,1725.0,1747.0,1.3735177865612311,30.217391304347085,22.0,50,,107.13802709731002,104.2038959234186,208.4077918468372,40.90636723172952,4.157403887871823,15.688411027414176,5.124243085114214
-31.912820238095236,116.9588779761905,1747.0,1774.0,0.7534209085933704,20.342364532021,27.0,52,,101.32179610748119,120.94398520091094,241.8879704018219,33.728971108105334,6.935225752318252,28.346015951580306,7.3449166009588405
-31.912980128205128,116.95705576923078,1774.0,1799.0,0.32854700854702235,8.21367521367556,25.0,54,,103.1207949444527,113.97350174288455,227.9470034857691,36.27354308269217,8.817448434120475,32.59894101351773,11.451278815439323
-31.898140666666663,116.95964066666667,1893.0,1917.0,1.6361538461538656,39.267692307692776,24.0,56,,105.78661355136292,112.24308306434327,224.48616612868653,38.10360611139722,6.898140322865991,25.631357011278396,6.4398365134261635
-31.8412753968254,116.98559047619045,2212.0,2232.0,-0.07142857142857811,-1.4285714285715623,20.0,58,,114.0574088164253,100.84889116326227,201.69778232652453,45.4156829536729,5.42235501682703,18.620380367710645,5.412671047346606
-31.8413325,116.98457166666667,2232.0,2251.0,7.0,133.0,19.0,60,,110.65544314513092,92.94884843746212,185.89769687492424,46.01745149624627,4.98930257456672,17.955486559046392,4.745495197265946
-31.841366666666666,116.9834476190476,2251.0,2271.0,4.6168831168831135,92.33766233766227,20.0,62,,110.82791383562049,97.99339066389811,195.98678132779622,44.592851171438994,4.549265684930754,17.527101653854444,5.116530263268985
-31.841361363636363,116.98240530303028,2271.0,2292.0,4.338791643139488,91.11462450592924,21.0,64,,109.26414576767242,101.44125192622434,202.88250385244868,42.790199885016726,4.492901378018989,14.697687576344187,4.406844141995907
-31.84137,116.98119533333333,2292.0,2316.0,4.226153846153829,101.4276923076919,24.0,66,,107.34887718660137,113.9006962640827,227.8013925281654,38.512175794490844,5.941751146726921,20.62558762809491,7.3542483843009006
-31.841311904761906,116.98005952380953,2316.0,2336.0,2.732467532467539,54.64935064935078,20.0,68,,108.90112728650286,96.2897373107034,192.5794746214068,44.09055522834069,7.8800374710857115,26.0003980364875,9.797098329817652
-31.841595,116.97868916666667,2336.0,2355.0,2.898496240601489,55.07142857142829,19.0,70,,122.03573350062287,102.50811505247707,205.01623010495413,48.81079454892513,4.978794829793478,16.22651814026706,4.603232689634074
-31.775771969696972,117.02458712121211,2737.0,2764.0,1.2778498222129135,34.50194519974867,27.0,72,,97.32134998439697,116.16880438794847,232.33760877589694,32.67154204116449,7.973028531684884,36.726176991879846,7.4271177534829205
-31.68342722222222,117.09246722222221,3343.0,3372.0,0.7208008898776567,20.903225806452042,29.0,74,,101.67463439274269,130.35516635258907,260.71033270517813,31.954588416468564,7.07495318155721,27.304055119700397,9.928680394513501
-31.683693548387097,117.09047473118281,3372.0,3402.0,0.8532258064516148,25.596774193548445,30.0,76,,99.62318252141681,132.1293495402466,264.2586990804932,30.575000039793327,6.530275740172076,28.19325731253576,8.735301034825728
-31.68396666666667,117.08874999999999,3402.0,3432.0,0.2995967741935282,8.987903225805846,30.0,78,,99.20833683023594,131.57914335381486,263.1582867076297,30.470399468426304,6.43873240510084,23.30120211689298,7.542589489644578
-31.68089533333334,117.04455466666668,3792.0,3816.0,1.9692307692307882,47.26153846153892,24.0,80,,103.54504626986072,109.86470631018236,219.7294126203647,37.50930121996647,5.183235982649639,19.781576717849784,6.699522497429257
-31.681123333333336,117.04336666666666,3816.0,3840.0,1.847692307692289,44.34461538461494,24.0,82,,104.2789393965775,110.64339110230331,221.28678220460662,37.704931584672245,4.990743763073724,16.154263643460038,7.049612824790219
-31.68136666666667,117.0420544871795,3840.0,3865.0,1.2478632478632632,31.19658119658158,25.0,84,,99.94612889588612,110.46472539361105,220.9294507872221,35.42309093856109,6.07189375363721,29.165374700412908,7.5551841605451555
-31.681631720430108,117.04000537634408,3865.0,3895.0,1.0576612903225937,31.72983870967781,30.0,86,,100.59933056676522,133.4240060953024,266.8480121906048,30.820241088908364,7.527932213183929,33.01298499798978,7.640531127105659
-31.711508333333335,117.03146923076923,4057.0,4082.0,2.6464957264957696,66.16239316239424,25.0,88,,101.31117628471496,111.97343400115822,223.94686800231645,35.79100564861709,6.994295285442806,24.783684979074327,11.080844744051854
-31.711501923076927,117.02968141025642,4082.0,4107.0,2.403076923076974,60.07692307692435,25.0,90,,104.81879839822295,115.85020759743071,231.70041519486142,36.720959585771,6.6357292467353615,21.69389435458679,8.043015904008174
-31.71181282051282,117.02782435897436,4107.0,4132.0,2.9651282051282646,74.12820512820662,25.0,92,,109.54379342389724,121.07247366979655,242.1449473395931,37.93897445482983,5.478441872764555,22.93167457230427,7.099571060327425
-31.71194935897436,117.02646474358977,4132.0,4157.0,2.1582905982906677,53.957264957266695,25.0,94,,100.48500915288874,111.06031884247629,222.12063768495258,35.568737056090896,6.2807048542069746,25.55597830026301,8.082143540725395
-31.71204425287357,117.02468448275864,4157.0,4185.0,1.6236453201970011,45.46206896551603,28.0,96,,98.26528651066963,121.63982508622323,243.27965017244645,31.979918322533113,8.041793440446286,31.319638936353208,9.739463134388268
-31.713131547619046,117.02158988095239,4219.0,4246.0,0.8965517241379654,24.206896551725066,27.0,98,,102.85687704254156,122.77635309236832,245.55270618473665,34.127971405569426,7.490244653518198,35.31868473058009,9.37028446672712
