lat,lon,t_start,t_end,climb_rate_ms,alt_gain_m,duration_s,circle_id,seg_id,avg_speed_kmh,turn_radius_m,circle_diameter_m,bank_angle_deg,bank_std_deg,bank_range_deg,bank_masd_deg
-32.91663333333333,117.08005,471.0,496.0,2.1811965811966116,54.52991452991529,25.0,0,,114.44942377953267,126.49438561480369,252.98877122960738,39.16222634246333,5.462279320679705,20.157817612693666,4.832196936928773
-32.9166609375,117.08080364583333,496.0,527.0,1.9985337243402088,61.954545454546476,31.0,2,,116.94946374094215,160.2793451766214,320.5586903532428,33.869081900948636,7.290513797353816,33.4360841542258,6.635046182506374
-32.917961827956994,117.08089462365594,527.0,557.0,2.5201612903225827,75.60483870967748,30.0,4,,121.95065812650459,161.7420837845252,323.4841675690504,35.8752580796574,7.963812591309517,34.98196889698295,7.4508772549686455
-32.918866,117.080146,557.0,581.0,2.615384615384625,62.769230769231,24.0,6,,120.99248063162716,128.3770091298258,256.7540182596516,41.88968270834651,4.207749623003035,14.690846562807877,4.91268686629978
-32.91903472222222,117.07965902777778,581.0,604.0,2.569130434782587,59.089999999999506,23.0,8,,123.11995261003764,125.19123004886946,250.3824600977389,43.60270452405378,5.640448535535302,22.694738406783692,7.327772971547577
-32.91910432098766,117.07952839506173,604.0,630.0,2.4285714285714377,63.14285714285738,26.0,10,,122.18905598010345,140.4504995903084,280.9009991806168,39.89958636307055,4.941453767387812,18.87418546392603,6.307571187097061
-32.91987988505747,117.079091954023,663.0,691.0,2.0625615763547027,57.751724137931674,28.0,12,,122.65139371938062,151.82669901427522,303.65339802855044,37.93044676670824,4.467040645187751,21.566321225000248,4.922169421715029
-32.91997976190476,117.07886071428572,691.0,718.0,1.7723043240284886,47.852216748769195,27.0,14,,126.74782254602276,151.29406863250426,302.5881372650085,39.86828309019406,4.833750316637633,21.26397731780162,6.5080764673867435
-32.9205755952381,117.07950654761906,718.0,745.0,3.438149972632745,92.83004926108411,27.0,16,,132.54300759811136,158.2115612362955,316.423122472591,41.13319348377276,7.773365484824177,29.815126048534363,6.887589740658774
-32.9208859375,117.078646875,745.0,776.0,1.5696480938416908,48.65909090909241,31.0,18,,126.33994501833165,173.14900820788847,346.29801641577694,35.94520547706504,8.086882744450792,25.58506870310492,10.28002449441418
-32.919776,117.079258,776.0,800.0,2.7730769230769376,66.55384615384651,24.0,20,,129.4820963823727,137.38477120770557,274.76954241541114,43.826616634868024,5.384443572220945,22.991461976154177,4.104295052956049
-32.919705,117.07921055555555,800.0,829.0,2.5134593993325907,72.89032258064513,29.0,22,,123.34941538856391,158.14400178082724,316.2880035616545,37.11629889892369,4.900832200392668,15.706649414841788,7.046887289857586
-32.919694642857145,117.07939166666665,829.0,856.0,3.6278051450465503,97.95073891625685,27.0,24,,124.22204470747522,148.27914342132823,296.55828684265646,39.30191519455219,5.181939427220641,18.8365030310058,4.457673326290646
-32.91943602150538,117.07909193548386,856.0,886.0,2.270161290322606,68.10483870967818,30.0,26,,115.54454009273557,153.2457058586546,306.4914117173092,34.420121962157076,6.386635086922399,28.491222743437525,7.642735495605055
-32.9191959770115,117.07961551724138,886.0,914.0,2.184729064039394,61.17241379310303,28.0,28,,116.71681942154305,144.48045696702107,288.96091393404214,36.56151857359592,6.6898894099651125,28.748645351058624,6.8222630362670085
-32.9192311827957,117.07965000000003,914.0,944.0,1.7479838709677398,52.43951612903219,30.0,30,,124.01840710053794,164.4845210369469,328.9690420738938,36.33388845936115,6.538361980019422,20.972341396326872,10.167526317848715
-32.91926302083333,117.08008645833334,944.0,975.0,2.1770527859238262,67.48863636363862,31.0,32,,129.02501402998516,176.82889770182553,353.65779540365105,36.51966510522014,6.8603228245511225,27.180206575477577,8.762668709891747
-32.9194546875,117.080590625,975.0,1006.0,1.921737536656919,59.573863636364486,31.0,34,,124.02964328800601,169.9827376098697,339.9654752197394,35.444144765845174,5.789495439075227,24.25287803009772,7.971342290569476
-32.923515432098775,117.08303950617282,1313.0,1339.0,2.9102564102564106,75.66666666666667,26.0,36,,119.50341544573993,137.36348372177792,274.72696744355585,39.27424574519273,5.345991060486241,23.043941270407828,6.015591341144582
-32.92371369047619,117.08435595238095,1339.0,1366.0,3.0361247947454806,81.97536945812797,27.0,38,,122.06571499623026,145.70521442772406,291.4104288554481,38.811023416881106,8.170942101218234,30.547377666880084,6.029840425021405
-32.924583950617276,117.08573518518517,1366.0,1392.0,2.9566544566544772,76.87301587301641,26.0,40,,123.9356056739,142.45807526953266,284.9161505390653,40.30023880742788,5.607765534696075,18.57105712896604,7.730739556545449
-32.925175308641975,117.08623518518517,1392.0,1418.0,2.6880341880341834,69.88888888888877,26.0,42,,127.83739951024731,146.9430014293894,293.8860028587788,41.17839914451544,4.311077015143121,17.88104713078666,4.934883272534897
-32.92600833333333,117.08685256410257,1418.0,1443.0,2.917948717948695,72.94871794871737,25.0,44,,129.3551884923274,142.96887266067887,285.93774532135774,42.63143540029646,4.935091907511404,18.837650605356444,4.259326823932681
-32.926418686868686,117.08783434343434,1443.0,1475.0,1.6594251336897832,53.10160427807306,32.0,46,,127.08257329829867,179.7850641889986,359.5701283779972,35.24320873488957,7.781049835163795,37.11536371093989,7.162335741360315
-32.92651021505376,117.08839139784945,1475.0,1505.0,2.0508064516128957,61.52419354838687,30.0,48,,126.57365852987868,167.87352850213196,335.7470570042639,36.89327869156963,5.844989086237198,24.475486407947614,6.647476673341693
-32.92554010416667,117.08817395833333,1505.0,1536.0,1.843108504398867,57.13636363636488,31.0,50,,125.25753394945278,171.66556286506818,343.33112573013636,35.71123485696143,9.50466481305754,38.55918435948902,8.147137319749637
-32.92550333333333,117.08829933333334,1536.0,1560.0,1.1138461538461861,26.732307692308467,24.0,52,,129.60585217140633,137.51608017811182,275.03216035622364,43.8539620809099,4.486191481547302,16.17185612030812,5.278443725446459
-32.925876543209874,117.08795432098765,1560.0,1586.0,1.347985347985359,35.047619047619335,26.0,54,,133.01369728146398,152.89290915364552,305.78581830729104,42.308103932529995,4.730978729058151,19.790149830149204,6.141169046003598
-32.95212258064516,117.06638440860216,2235.0,2265.0,1.309274193548394,39.27822580645182,30.0,56,,123.4574381818362,163.74051290084438,327.48102580168876,36.209993627640074,6.099267181377141,19.249438223513106,5.360465574884654
-32.92799010416667,117.107840625,2651.0,2682.0,1.4380498533724706,44.57954545454659,31.0,58,,126.59262059506757,173.49530031292173,346.99060062584346,35.99962458793833,7.8608109467218155,31.8944460123273,11.294210530843099
-32.928739393939395,117.10489848484848,2795.0,2827.0,0.9495320855614089,30.385026737965084,32.0,60,,124.64608875957813,176.33814367251549,352.67628734503097,34.72219414058348,5.5074598780525,19.517571867687753,7.609584860054488
-32.93006767676768,117.10561414141412,2863.0,2895.0,1.37834224598927,44.10695187165664,32.0,62,,121.66536555744337,172.12128294710703,344.24256589421407,34.07575206059316,5.960969773813989,24.59489998383578,8.12819855182601
-32.930233333333334,117.09039191919192,3064.0,3096.0,0.6453877005347181,20.652406417110978,32.0,64,,125.88491589756937,178.09072556271718,356.18145112543436,34.987931867857014,6.41553551139312,25.022954829986833,7.679552216066363
-32.93080166666666,117.08923944444444,3208.0,3237.0,0.8547274749721872,24.787096774193426,29.0,66,,122.6805762947498,157.28649556152305,314.5729911230461,36.966510610915236,6.396843846713986,21.45384863053445,8.659591057529447
-32.72330344827586,117.26651781609195,4358.0,4386.0,0.6118226600984837,17.131034482757546,28.0,68,,123.28719411149518,152.61373837713475,305.2274767542695,38.07417101580888,5.166207555933957,19.152307368848266,5.910003258377083
-32.72285606060606,117.26580202020203,4386.0,4418.0,1.0220588235293855,32.705882352940336,32.0,70,,118.86110016878925,168.15405896181088,336.30811792362175,33.45843275106702,7.075428041235605,35.24806475998039,6.9697463170114045
-32.53889266666667,117.41779066666666,5494.0,5518.0,2.1084615384615453,50.60307692307708,24.0,72,,125.35314295757182,133.00381555868375,266.0076311173675,42.8997594546629,4.772344675649446,19.667937135740218,7.000498317325192
-32.538646,117.41817466666667,5518.0,5542.0,1.6369230769230072,39.286153846152175,24.0,74,,126.02437580389233,133.71601572840078,267.43203145680155,43.052370221824326,4.930587979713221,17.258334884869527,5.861503760004581
-32.391120202020204,117.54057828282826,6207.0,6239.0,3.0481283422459313,97.5401069518698,32.0,76,,125.1624460518422,177.06863980998548,354.13727961997097,34.83316532716753,5.854978363543944,22.309127251998063,5.007512101007344
-32.10718282828282,117.62160101010102,7316.0,7348.0,1.9889705882352773,63.64705882352887,32.0,78,,137.57319832849177,194.62626267503236,389.25252535006473,37.41158178133578,8.46384497772858,32.31884134759528,6.894493611896036
-32.106791666666666,117.62220897435897,7348.0,7373.0,3.1165811965811954,77.91452991452988,25.0,80,,127.66899175618664,141.1052160941357,282.2104321882714,42.25704093112412,3.0997753520590527,12.749428348601704,3.373278281986367
-32.10718511904762,117.62255952380953,7373.0,7400.0,3.0465243568691798,82.25615763546786,27.0,82,,123.97380369619066,147.9828275411477,295.9656550822954,39.24574993403987,5.6068920741095285,22.581990024667036,6.638128290923321
-31.81045277777778,117.51984666666671,8417.0,8446.0,1.907230255839833,55.30967741935516,29.0,84,,120.9654149308151,155.0875189312889,310.1750378625778,36.57968770377808,5.979589791704396,19.11257701407673,9.413226419080164
-31.80928111111111,117.51984055555558,8446.0,8475.0,2.6943270300333664,78.13548387096762,29.0,86,,121.01058257103088,155.1454275265767,310.2908550531534,36.58992452320332,5.765385974318236,25.27512080013428,6.805828573068624
-31.808308333333333,117.519615,8475.0,8504.0,2.9748609566184685,86.27096774193559,29.0,88,,123.56065081373708,158.4148228086329,316.8296456172658,37.16348290173029,5.427669160233226,23.534739702591363,6.725354363675139
-31.807687500000004,117.51981071428573,8504.0,8531.0,3.313355227148353,89.46059113300554,27.0,90,,125.70338444808266,150.04736248719928,300.09472497439856,39.63520572119402,6.555158005927897,25.334259712860767,7.810515420627392
-31.806690972222224,117.51998541666667,8531.0,8554.0,4.057826086956487,93.3299999999992,23.0,92,,124.5774675158868,126.67326508876063,253.34653017752126,43.93953933545741,3.7351149255377214,13.233996055358013,4.826907906005647
-31.80600448717949,117.51995064102563,8554.0,8579.0,4.14666666666669,103.66666666666724,25.0,94,,122.90480534563589,135.83963403128578,271.67926806257157,41.17475598109658,4.008745096536348,14.87614711876256,4.6503159602769735
-31.805314666666668,117.51971866666666,8579.0,8603.0,3.8646153846154188,92.75076923077005,24.0,96,,118.55606779085993,125.79189481635466,251.5837896327093,41.31102445242369,4.656748967855126,18.25463151549357,6.092305968473156
-31.804954666666667,117.51993866666666,8603.0,8627.0,2.984615384615426,71.63076923077023,24.0,98,,119.91271135973858,127.23133834969377,254.46267669938754,41.6345130631036,5.32024411478862,21.484837816043683,4.782770276604783
-31.804174305555552,117.52020277777778,8627.0,8650.0,2.778260869565192,63.89999999999941,23.0,100,,120.984871715967,123.02023016041797,246.04046032083593,43.1023848184865,4.301320279126435,16.996601488017106,5.508891540658277
-31.80368269230769,117.52080448717949,8650.0,8675.0,1.8010256410256809,45.025641025642024,25.0,102,,118.4118021838652,130.87377526376272,261.74755052752545,40.12021171493295,5.950220348976721,24.551252724360513,7.3043355569096065
-31.803368279569888,117.52107043010751,8675.0,8705.0,0.749193548387108,22.47580645161324,30.0,104,,118.29920460320618,156.89919313699804,313.7983862739961,35.05221874593493,6.819286590325778,27.16938619079422,8.983594527178173
-31.80376428571429,117.5217482142857,8705.0,8732.0,1.1455938697318753,30.931034482760634,27.0,106,,124.1789095072937,148.22765456885213,296.45530913770426,39.2921621912704,5.158261540384014,22.388592756776962,5.171689210555498
-31.803401234567904,117.52254876543212,8732.0,8758.0,0.7295482295482478,18.968253968254444,26.0,108,,122.42434894055451,140.72095764058432,281.44191528116863,39.95383707813978,6.008951312897433,29.06931668578756,7.812551492736927
-31.803742857142854,117.52326011904763,8758.0,8785.0,0.6102900930487754,16.477832512316933,27.0,110,,126.92583729733917,151.50655808961886,303.0131161792377,39.907851820972965,10.9326410508877,43.55518399549373,8.459729846875574
-31.70807857142857,117.47389821428574,9125.0,9152.0,1.516420361247987,40.94334975369565,27.0,112,,122.2771217256821,145.95756262268768,291.91512524537535,38.8594526785591,5.815617069742315,21.390841664921137,6.199216404992437
-31.7078869047619,117.4739011904762,9152.0,9179.0,1.7539682539682966,47.357142857144005,27.0,114,,117.52165241708695,140.28113926880235,280.5622785376047,37.75401794595425,4.1942362546514325,17.59573953145124,5.320230162332569
-31.708208045977013,117.47376494252872,9179.0,9207.0,1.902955665024605,53.28275862068894,28.0,116,,115.95186864100084,143.5335459830021,287.0670919660042,36.38143140451584,5.137555397078738,18.837913396564673,7.055930333591216
-31.67133141025641,117.4481564102564,9475.0,9500.0,2.2912820512821033,57.282051282052585,25.0,118,,122.98749547055597,135.93102668493796,271.8620533698759,41.19385309093058,4.922963985652955,22.34017540335838,6.186606161779165
-31.671250595238096,117.44773392857142,9500.0,9527.0,1.981937602627294,53.51231527093694,27.0,120,,120.064765831552,143.31675729946798,286.63351459893596,38.349369268042935,5.361539959529287,27.13581280389938,7.164801188814577
-31.671139784946234,117.44724516129034,9527.0,9557.0,1.6072580645161083,48.21774193548325,30.0,122,,114.93717565108295,152.44016374909407,304.88032749818814,34.27945027536642,6.111342554614611,28.40475044326718,7.343304300523526
-31.678821505376348,117.44665268817202,9672.0,9702.0,3.3145161290322824,99.43548387096847,30.0,124,,118.98483460649891,157.80853817163262,315.61707634326524,35.20804593387838,7.065398620543664,35.967561298422645,7.417935750854638
-32.001328125,117.37062968750001,10965.0,10996.0,2.186950146627608,67.79545454545584,31.0,126,,127.14242119423325,174.24880252826483,348.49760505652966,36.11777688243669,6.306407446858832,24.208516239673347,9.496809655852722
-32.0012625,117.37111369047618,10996.0,11023.0,2.5883962780514924,69.88669950739029,27.0,128,,127.91160418302006,152.683230634062,305.366461268124,40.12614063643375,4.791008192708415,16.196167240009846,6.811404115848812
-32.001103703703706,117.37163950617284,11023.0,11049.0,2.365079365079381,61.492063492063906,26.0,130,,128.97053549758735,148.2454872719151,296.4909745438302,41.429109737870704,5.342924228141952,18.445611423784197,7.827188426989081
-32.00144866666667,117.37218866666667,11049.0,11073.0,1.7061538461538606,40.947692307692655,24.0,132,,129.41743479132492,137.3161631287493,274.6323262574986,43.81231884496037,4.361435003390768,16.58676122736896,5.540716121930852
-32.00155448717949,117.37272756410253,11073.0,11098.0,1.4037606837607286,35.09401709401821,25.0,134,,125.59121440757194,138.80876792971623,277.61753585943245,41.789509521346496,4.683823163586855,17.655571800580994,7.089111171869253
-32.001612962962966,117.37366296296297,11098.0,11124.0,1.462148962148977,38.0158730158734,26.0,136,,126.66221004189443,145.59217711358235,291.1843542271647,40.91634078877247,4.106266938700964,15.478040108918556,6.25250454671019
-32.00151,117.37444066666667,11124.0,11148.0,1.173076923076977,28.15384615384745,24.0,138,,128.20190415658158,136.02644506875575,272.0528901375115,43.54226608948639,4.039852795287607,15.624992680716211,4.419577481043784
-32.00115432098765,117.37507469135802,11148.0,11174.0,1.1434676434677038,29.730158730160298,26.0,140,,125.54239950945177,144.3050082467268,288.6100164934536,40.66468312769502,5.4827379182609715,21.965518007070663,6.200326488470177
-32.144868333333335,117.32047333333335,11565.0,11594.0,1.3328142380422612,38.651612903225576,29.0,142,,126.59415037222522,162.30401643041444,324.60803286082887,37.83461432009561,6.126117555596598,20.20911586832025,6.229071841153485
-32.23266388888889,117.27947777777777,11872.0,11901.0,0.9842046718576479,28.54193548387179,29.0,144,,124.1076960220971,159.11617934228616,318.2323586845723,37.28540391384779,6.707996224342501,24.92169566082006,4.810523101005385
-32.28345892857143,117.25963511904762,12478.0,12505.0,3.0082101806239545,81.22167487684678,27.0,146,,119.08939958943644,142.15249960878555,284.3049992175711,38.12217717023294,5.649720801452176,25.561923527174127,7.41622875514001
-32.28360555555556,117.25974444444444,12505.0,12528.0,2.1678260869564907,49.85999999999929,23.0,148,,119.42031966723168,121.42935726529078,242.85871453058155,42.73048822054749,4.4964553896219535,15.988404622990714,5.557853088275582
-32.28331904761904,117.25989821428573,12528.0,12555.0,1.4822112753146994,40.019704433496884,27.0,150,,122.02152319278223,145.65246434800233,291.30492869600465,38.80089158454206,5.24781643967044,17.89967976099814,5.83661730931991
-32.283620138888885,117.26077847222223,12555.0,12578.0,1.4326086956521962,32.950000000000514,23.0,152,,122.10387989193356,124.15806368791866,248.3161273758373,43.365633896654025,5.438347348879425,23.836800600558018,5.933265156020659
-32.28363533333333,117.26074400000002,12578.0,12602.0,0.812307692307721,19.495384615385305,24.0,154,,124.16019780613928,131.73806144076377,263.47612288152754,42.6266568502872,5.644061199136637,19.589245741127044,7.996609923670526
-32.36939635416667,117.2492140625,12886.0,12917.0,1.893328445747861,58.69318181818369,31.0,156,,123.17555734825324,168.81221206174604,337.6244241234921,35.257312599042855,5.613056650470009,20.18551998547698,6.653397641796981
-32.36932956989247,117.24947096774191,12917.0,12947.0,2.0999999999999934,62.9999999999998,30.0,158,,124.48594325161308,165.10461011626163,330.20922023252325,36.43684768854189,5.188500129742886,19.225039757690293,6.919731934225751
-32.36954137931034,117.24957183908049,12947.0,12975.0,1.8280788177339578,51.186206896550814,28.0,160,,124.0666002714628,153.57854326740792,307.15708653481585,38.249590244284796,4.578860166980505,14.019065626907931,6.534674452461758
-32.36979770114943,117.24962356321836,12975.0,13003.0,1.4492610837438125,40.57931034482675,28.0,162,,126.98442445366382,157.1904354803996,314.3808709607992,38.89883909567651,3.8906451773271336,17.037386127650436,5.3407534095796825
-32.36968160919541,117.24979597701152,13003.0,13031.0,1.2674876847290475,35.48965517241333,28.0,164,,130.64904207050674,161.72676221132778,323.45352442265556,39.69776063158141,4.213812797630492,15.336926863516965,5.116590937065676
-32.50180752688172,117.21531021505378,13469.0,13499.0,2.2366935483870902,67.10080645161271,30.0,166,,118.60823700506783,157.3090600897634,314.6181201795268,35.122528193663356,5.551180155410687,20.057657932087064,7.903409181689191
-32.501423437499994,117.2158328125,13533.0,13564.0,1.7441348973607496,54.068181818183234,31.0,168,,115.86337049590935,158.79085340807242,317.58170681614484,33.622152961175026,5.51797356726491,24.57923132552109,7.178696321260266
-32.500894270833335,117.21598072916666,13564.0,13595.0,2.2423020527859783,69.51136363636533,31.0,170,,118.57358038244715,162.5051984936362,325.0103969872724,34.23568426848304,7.083585023619234,32.9510474418266,9.21890821363932
