lat,lon,t_start,t_end,climb_rate_ms,alt_gain_m,duration_s,circle_id,seg_id,avg_speed_kmh,turn_radius_m,circle_diameter_m,bank_angle_deg,bank_std_deg,bank_range_deg,bank_masd_deg
-32.13125185185185,116.96638518518519,377.0,409.0,1.4458333333333204,46.266666666666254,32.0,0,,105.47300262803266,149.21377538662992,298.42755077325984,30.38768954871614,9.55897585943496,30.02898278435616,8.783068464879156
-32.12985,116.96461666666667,409.0,433.0,0.9464285714285617,22.71428571428548,24.0,2,,115.52434395810918,122.57513592254276,245.1502718450855,40.5763565819354,3.2257179944823338,8.079196516754308,3.1351474422965495
-32.12022962962963,116.96928703703705,669.0,701.0,1.1999999999999866,38.39999999999957,32.0,4,,111.06219601952154,157.12086655242555,314.2417331048511,31.694603349329725,5.618644616619672,17.52426938814662,3.5031391780869408
-32.11825416666667,116.96967083333334,741.0,769.0,1.2470238095238184,34.91666666666691,28.0,6,,108.52954919882947,134.3456662063348,268.6913324126696,34.590212678001386,2.248364821550104,6.845315132924931,2.271349423812051
-32.116842857142856,116.96906666666666,769.0,793.0,0.9196428571428674,22.071428571428818,24.0,8,,115.85113963455221,122.92187690445586,245.8437538089117,40.65633583581036,2.723970709717441,6.687380532038098,1.6242525330841517
-32.11501666666666,116.96848333333334,793.0,821.0,0.92857142857144,26.00000000000032,28.0,10,,115.19850669977585,142.60098049613225,285.2019609922645,36.2032535289004,5.636371242141949,16.639072093073082,4.40427324017805
-32.11390476190476,116.96785952380954,821.0,845.0,1.526785714285712,36.64285714285709,24.0,12,,113.73022409244703,120.67151562174608,241.34303124349216,40.13384288156116,1.5377758878519046,4.488218920292127,1.3004738293117157
-32.11240476190476,116.96724047619047,845.0,869.0,0.3750000000000178,9.000000000000428,24.0,14,,112.53510166377872,119.40345134092907,238.80690268185813,39.83583355920247,4.42436958216269,11.66630046507455,3.0109949442671335
-32.11147142857143,116.9664738095238,869.0,893.0,0.6607142857142927,15.857142857143025,24.0,16,,110.16791815130223,116.89179162615395,233.7835832523079,39.237847441558294,3.3421323228260227,8.572455165060461,1.8301586004809138
-32.1101375,116.96535,893.0,921.0,-0.28571428571426044,-7.999999999999292,28.0,18,,113.33779575747995,140.2976589306645,280.595317861329,35.75967999917183,2.718769699579619,7.694363124733929,2.9905767408292596
-32.12687083333333,116.95457708333333,1089.0,1117.0,2.2678571428571686,63.50000000000072,28.0,20,,114.64674315172259,141.91796797098317,283.83593594196634,36.07223890906739,3.0605924463194722,8.991496395165083,2.6573396643091365
-32.12462083333334,116.95321458333333,1117.0,1145.0,1.9375000000000202,54.25000000000057,28.0,22,,117.3015242017386,145.2042465138245,290.408493027649,36.69860802324503,4.334511654660927,10.671244170323035,3.6700871602229626
-32.12211041666667,116.95215208333333,1145.0,1173.0,1.877976190476199,52.58333333333357,28.0,24,,107.51868720729169,133.09434867393625,266.1886973478725,34.34005512098138,2.539030126154464,6.038920051546434,2.6518517074549526
-32.119698148148146,116.95085,1173.0,1205.0,1.1041666666666523,35.333333333332874,32.0,26,,113.87229408186937,161.09634208305326,322.1926841661065,32.33814752524396,1.4101259278163212,4.011083710923458,1.0346345810164956
-32.11730740740741,116.94945370370371,1205.0,1237.0,0.9083333333333156,29.066666666666098,32.0,28,,110.4221010825568,156.21531745672746,312.4306349134549,31.54674946433109,2.476048849666801,6.350991655589535,1.7222082295486862
-32.11483333333334,116.94841666666667,1237.0,1265.0,1.1130952380952608,31.166666666667304,28.0,30,,108.94872611160868,134.86455347732556,269.7291069546511,34.693506774101365,5.473677851766266,12.569611395827462,4.187003781476104
-32.160082051282046,116.95947435897438,2030.0,2057.0,3.205214122262191,86.54078130107915,27.0,32,,112.9899000942595,134.87175839595608,269.74351679191216,36.668916954423075,6.702907640630656,21.702815931861213,5.0862281080203635
-32.157922916666664,116.9592375,2057.0,2085.0,3.9375000000000164,110.25000000000045,28.0,34,,116.3817950954055,144.06573980821466,288.1314796164293,36.482749057219195,2.9295513533465276,9.372249711843253,3.1557719313906474
-32.15582777777778,116.95837037037037,2085.0,2117.0,3.4124999999999908,109.1999999999997,32.0,36,,113.91075808423335,161.15075751511836,322.3015150302367,32.34689353927472,3.7325432411240946,10.792596809384104,3.0268024791814523
-32.154035185185194,116.95707962962963,2117.0,2143.0,2.05191256830601,53.349726775956256,26.0,38,,114.17123481993526,131.23439608137602,262.46879216275204,37.99883997474736,10.147304003090152,33.513155487902196,11.172235620309019
-32.14913205128205,116.95328333333335,2195.0,2223.0,1.505124378109412,42.14348258706353,28.0,40,,111.54199132206247,138.07468329837417,276.14936659674834,35.3268367000566,7.743313785247525,33.45655527454395,10.81716647739122
-32.14714743589744,116.95204358974358,2223.0,2253.0,1.7323132201709732,51.9693966051292,30.0,42,,107.49148281469225,142.56500691863158,285.13001383726316,32.51637263131275,8.791987593528011,30.770031883801934,10.638350581416605
-32.14550740740741,116.95053888888889,2253.0,2285.0,0.9458333333333094,30.266666666665902,32.0,44,,108.4066863677553,153.36408888569815,306.7281777713963,31.078143442617414,3.134515223934816,9.210660888229867,2.303135411512638
-32.129400000000004,117.08380370370371,2671.0,2703.0,0.8374999999999877,26.799999999999606,32.0,46,,116.04688517107745,164.17275915906262,328.34551831812524,32.82995823905997,9.980419289101489,26.13829905465143,7.336166881328428
-32.127775,117.08378541666667,2703.0,2731.0,0.020833333333337995,0.5833333333334638,28.0,48,,120.79691783866909,149.53109565558682,299.06219131117365,37.50801003768095,3.1767168043444802,8.927819399318885,2.6876051108958863
-32.12578958333334,117.08189791666666,2819.0,2847.0,2.1785714285714315,61.000000000000085,28.0,50,,108.3018483668107,134.06380177218648,268.12760354437296,34.53399445472665,3.2247016636634087,8.67927558634328,2.600921875039841
-32.12411041666667,117.08094791666667,2847.0,2875.0,1.523809523809549,42.666666666667375,28.0,52,,106.94809613931552,132.38803009319466,264.7760601863893,34.198188578318394,1.901969635115052,4.687660876875441,2.172643975679852
-32.097857142857144,117.19280476190477,3300.0,3324.0,2.2053571428571463,52.928571428571516,24.0,54,,103.97384944805326,110.31968061300141,220.63936122600282,37.623730188274195,3.522179918598373,8.660024807467359,3.117837743147594
-32.09627962962963,117.1915,3324.0,3356.0,2.0874999999999955,66.79999999999986,32.0,56,,103.57769148403816,146.53245861095098,293.06491722190196,29.936358171867994,1.4991697956374639,4.981985508085035,1.1774439849658325
-32.094298148148155,117.19010185185185,3356.0,3388.0,2.3916666666666537,76.53333333333292,32.0,58,,97.13910217375977,137.42371803077816,274.8474360615563,28.37228455042652,2.2352385724700192,6.973729692187348,2.3050432502268117
-32.09240416666667,117.18889999999999,3388.0,3416.0,2.5029761904762045,70.08333333333373,28.0,60,,105.42502999896826,130.50266949958896,261.0053389991779,33.81715970821372,5.375927111548437,13.398661349672388,3.3016591332357876
-32.09095925925926,117.18731666666667,3416.0,3448.0,1.662499999999988,53.19999999999962,32.0,62,,108.27428025064776,153.17677254762464,306.3535450952493,31.0471942958046,4.067319097385929,13.203389328113609,4.489134734550926
-32.088843749999995,117.18556875000002,3448.0,3476.0,1.6011904761904872,44.83333333333364,28.0,64,,111.25582478470523,137.72044581751274,275.4408916350255,35.25742976503313,3.678638082400034,9.859635798603701,2.639462746082644
-32.08747777777778,117.18347037037036,3476.0,3508.0,0.8999999999999722,28.79999999999911,32.0,66,,114.23678955447497,161.6119976937181,323.2239953874362,32.42095926812652,6.669033005916895,19.127729582425538,5.0519663399600825
