lat,lon,t_start,t_end,climb_rate_ms,alt_gain_m,duration_s,circle_id,seg_id,avg_speed_kmh,turn_radius_m,circle_diameter_m,bank_angle_deg,bank_std_deg,bank_range_deg,bank_masd_deg
-32.13051785714286,116.98285714285714,320.0,347.0,2.4058565955117706,64.95812807881781,27.0,0,,111.48202391582174,133.07186379068943,266.14372758137887,36.30091036309597,5.83346159098375,23.129411723042438,7.9154448301313725
-32.130487179487176,116.98072820512822,347.0,372.0,2.5517948717949084,63.79487179487271,25.0,2,,108.92971240457479,120.39376513032379,240.78753026064757,37.78290312572528,4.907824965186726,18.217222421818622,6.717659000734723
-32.130766,116.97896666666668,372.0,396.0,3.24923076923078,77.98153846153872,24.0,4,,110.50100874497409,117.2452117226892,234.4904234453784,39.322614999718745,4.602616832098133,15.787664350029619,5.168922798147006
-32.130901333333334,116.97757399999999,396.0,420.0,1.97153846153846,47.31692307692304,24.0,6,,109.12261209691022,115.78268745548478,231.56537491096955,38.97049456478139,5.102698721171125,18.163425565744223,5.289895579584594
-32.131266,116.97592133333336,420.0,444.0,2.0223076923077055,48.53538461538493,24.0,8,,108.2405077696493,114.8467456954426,229.6934913908852,38.74330128927729,4.84625894894202,17.638115414239113,6.6011714503915
-32.131209999999996,116.97447133333333,444.0,468.0,1.7976923076922893,43.144615384614944,24.0,10,,108.61205691496727,115.24097158263544,230.48194316527088,38.8391738158177,6.493213319575289,23.59276966913966,9.044679490765729
-32.131114583333336,116.97310138888889,468.0,491.0,0.697826086956524,16.050000000000054,23.0,12,,109.45394206342858,111.29531282406597,222.59062564813195,40.25344236850459,4.410433632170872,17.708293956724102,5.374048829868714
-32.1312316091954,116.9717551724138,491.0,519.0,0.7477832512315181,20.937931034482506,28.0,14,,108.19018460202444,133.92557634895329,267.85115269790657,34.506397438026745,7.571957899981623,31.48982575796567,7.494069504001548
-32.13110353535354,116.96960454545456,519.0,551.0,0.3482620320855385,11.144385026737233,32.0,16,,115.57724245079982,163.5083506220021,327.0167012440042,32.72419945936178,13.442812138502276,58.420417452644045,7.271172885642452
-32.13212471264368,116.9608603448276,592.0,620.0,1.818719211822658,50.92413793103442,28.0,18,,117.15368290728799,145.021237947564,290.042475895128,36.66399132535552,15.233027704785448,55.665166380936064,6.9091004303407795
-32.13267777777778,116.95876527777777,620.0,643.0,1.3347826086956298,30.699999999999484,23.0,20,,112.7684787356339,114.66561076716022,229.33122153432043,41.09834604781384,6.262465226743585,26.981875342326237,7.049366821626475
-32.13319230769231,116.95739423076922,643.0,668.0,1.5357264957264976,38.39316239316244,25.0,22,,109.0164644501676,120.48964719198649,240.97929438397298,37.80499163756945,7.027483993102848,20.784546422031212,7.933962581076294
-32.13375151515151,116.95582045454545,668.0,689.0,1.044607566346654,21.936758893279737,21.0,24,,118.20066942058351,109.73795475449859,219.47590950899718,45.040172294084016,5.236843483128548,18.78755882581128,5.579126289578404
-32.13510416666667,116.95478333333334,689.0,712.0,0.20956521739132367,4.820000000000444,23.0,26,,126.03550782500228,128.15583437090734,256.3116687418147,44.27271986755444,16.870217996748927,72.21755310792244,7.958760711894345
-32.13578472222222,116.9529090277778,712.0,735.0,2.1417391304347912,49.2600000000002,23.0,28,,112.66631354291104,114.56172682411106,229.12345364822212,41.072622101431996,8.35926170413623,34.36711722744859,8.393699781782086
-32.13611376811594,116.95162173913043,735.0,757.0,1.8399209486166077,40.47826086956537,22.0,30,,114.30136200393937,111.17105245316338,222.34210490632677,42.74879100029746,7.697501030308675,26.76088566830291,6.950588302571701
-32.13618950617284,116.95042160493828,757.0,783.0,0.7954822954823079,20.682539682540003,26.0,32,,110.05181602436602,126.49932039707235,252.9986407941447,36.98210872230752,11.77415830316075,46.54454021337201,8.495059925679847
-32.13610689655172,116.94855862068965,783.0,811.0,1.729556650246278,48.42758620689578,28.0,34,,114.09964940692613,141.24073606350197,282.48147212700394,35.94190073360426,13.77973774936235,58.40624065300747,8.90144490630726
-32.13633819444444,116.94687638888888,811.0,834.0,1.2278260869565047,28.239999999999608,23.0,36,,111.38490786069052,113.2587637369102,226.5175274738204,40.74826449532907,4.567602711064501,17.93182975089188,5.164729535713888
-32.13697866666667,116.94538466666667,834.0,858.0,0.8600000000000104,20.64000000000025,24.0,38,,111.01388384780182,117.78938910804787,235.57877821609574,39.45273492622633,6.923872386819867,31.541043545186216,7.69358178716399
-32.1374125,116.94368035714284,858.0,885.0,1.229064039408863,33.1847290640393,27.0,40,,105.15009948770596,125.51368575054731,251.02737150109462,34.717083102648544,6.850566482813734,28.981814248274258,6.604633303796247
-32.13788,116.942806,885.0,909.0,0.7438461538461913,17.852307692308592,24.0,42,,112.30203628253801,119.1561612910087,238.3123225820174,39.777414202538246,5.108284422939637,16.442581640725578,7.565151576343561
-31.988683870967744,117.05176075268817,1507.0,1537.0,2.4975806451612828,74.92741935483848,30.0,44,,102.51136845000374,135.95992509943883,271.91985019887767,31.296998669780706,16.078670754906934,59.445557989827975,8.762265029873962
-31.988932758620688,117.05057011494254,1537.0,1565.0,2.1655172413793013,60.634482758620436,28.0,46,,104.08317889984107,128.8416298915493,257.6832597830986,33.478627970726755,7.406315214744712,31.206611150043074,10.12912064881427
-31.989407142857143,117.04859226190477,1565.0,1592.0,1.964696223316926,53.046798029557,27.0,48,,104.7272832091989,125.00898599496642,250.01797198993285,34.60908859560521,5.462591707294349,20.949932621198375,7.041870115994525
-31.82986777777777,117.162325,2228.0,2257.0,1.7726362625138894,51.40645161290279,29.0,50,,109.76034390846843,140.72170482402097,281.44340964804195,33.95526778827718,17.37665756195562,62.76205271382323,7.944491756693272
-31.831473333333335,117.16130866666667,2257.0,2281.0,1.891538461538455,45.39692307692292,24.0,52,,114.05448712400654,121.01556938397715,242.0311387679543,40.21425177470018,6.040349473616164,22.710656090412172,7.595975546248942
-31.831840972222224,117.16025902777778,2281.0,2304.0,1.1969565217391318,27.530000000000033,23.0,54,,113.54113906615694,115.45126975368144,230.9025395073629,41.2922415088009,6.505584630050131,23.127905975170027,7.033207571129802
-31.832281250000005,117.15909513888887,2304.0,2327.0,1.5899999999999692,36.56999999999929,23.0,56,,113.20702246550782,115.1115322267552,230.2230644535104,41.208537470686856,5.077282365851254,20.886016555328375,5.836896420233288
-31.832589080459776,117.1575511494253,2327.0,2355.0,0.8334975369457992,23.337931034482377,28.0,58,,110.18629292949613,136.3965025165623,272.7930050331246,34.99697011652551,9.49582585609691,41.04503438829677,11.927595408630184
-31.832672,117.156372,2355.0,2379.0,1.1615384615384625,27.8769230769231,24.0,60,,117.18306081144026,124.33508916519257,248.67017833038514,40.980332562727774,8.44401336281518,27.216341316941538,8.957508450794217
-31.833001075268818,117.1535865591398,2379.0,2409.0,0.0786290322580415,2.3588709677412454,30.0,62,,111.12438740275962,147.38329627673284,294.76659255346567,33.38555321783542,13.712334843530723,61.624784016465284,8.96009321288566
-31.774174444444448,117.18065388888887,2630.0,2659.0,0.8798665183537244,25.516129032258007,29.0,64,,105.42294302089654,135.16080344862678,270.32160689725356,32.89331396192228,6.505336288866974,26.988534357279224,7.044402493198485
-31.774899444444447,117.17863777777777,2659.0,2688.0,1.2952169076751892,37.56129032258048,29.0,66,,115.34343988096595,147.87968880502194,295.7593776100439,35.28418517238107,12.551255564037398,41.33624548697641,6.3533498505526795
-31.77622166666667,117.17624611111111,2688.0,2717.0,1.515684093437158,43.95483870967758,29.0,68,,108.83591593956069,139.53651283992707,279.07302567985414,33.73111098887237,11.570565413320873,46.676348900610435,6.488860407013638
-31.777440909090902,117.17461590909093,2717.0,2738.0,2.564088085827199,53.84584980237118,21.0,70,,116.1933926143624,107.87439127029307,215.74878254058615,44.54951589718792,7.162503642051839,32.428738658206754,6.948891766114234
-31.77740069444444,117.17293749999999,2738.0,2761.0,1.684347826086936,38.739999999999526,23.0,72,,113.95322311723609,115.8702863967557,231.7405727935114,41.395183193094546,6.5479482536188796,29.09121860742733,6.711398934118365
-31.777596000000003,117.17182533333333,2761.0,2785.0,1.194615384615385,28.670769230769242,24.0,74,,109.39210484060816,116.06862813739761,232.13725627479522,39.0396155305541,9.378787199928304,32.8522258674103,12.50823238374108
-31.777874999999998,117.17053333333334,2785.0,2806.0,0.6143421795594995,12.90118577074949,21.0,76,,112.08998387987319,104.06477086584066,208.12954173168131,43.5201495537739,6.031883711217184,23.54684573670132,5.282490115386996
-31.68570466666667,117.198712,3134.0,3158.0,1.4584615384615194,35.00307692307646,24.0,78,,112.51071693461982,119.37757833971843,238.75515667943685,39.82972601730245,6.459779624737965,31.671938322087264,5.7647819519456105
-31.68648717948718,117.196658974359,3158.0,3183.0,1.2564102564102801,31.410256410257002,25.0,80,,108.49116241550593,119.9090609737043,239.8181219474086,37.6710387177981,5.502706888939386,24.240239986136867,5.1789218907308285
-31.686240555555557,117.19398722222223,3183.0,3212.0,0.6834260289210426,19.819354838710236,29.0,82,,109.4353495837918,140.30503561729213,280.61007123458427,33.87659667375942,15.131523605619504,66.60623650216729,12.152196866496926
-31.686678395061726,117.19237222222222,3212.0,3238.0,0.4658119658119845,12.111111111111596,26.0,84,,106.45879249391533,122.36931099611826,244.73862199223652,36.072521282287134,8.003827009131365,29.659351669842174,9.084160629027728
-31.684544270833335,117.19071458333333,3279.0,3310.0,0.6737536656891767,20.88636363636448,31.0,86,,110.05679082715702,150.83293075282137,301.66586150564274,32.27778067920515,12.54371047766783,40.30881337055672,7.873856571404484
-31.684769230769234,117.18817179487178,3310.0,3335.0,2.207179487179482,55.179487179487055,25.0,88,,112.66547522880808,124.52268957265481,249.04537914530962,38.72219778628955,6.615891867276662,24.452252220015865,7.02411542967899
-31.642816666666665,117.22339347826085,3712.0,3734.0,2.571146245059251,56.56521739130352,22.0,90,,108.52790993418925,105.55571479113364,211.11142958226728,41.27218352999544,5.359634199869743,21.887826614117355,6.266677255980323
-31.643386111111113,117.22181388888889,3734.0,3757.0,2.48652173913041,57.18999999999943,23.0,92,,107.23701237651682,109.04108718027123,218.08217436054247,39.676279601415445,6.586248837180003,27.53589053636793,6.85566634640225
-31.64419382716049,117.22015370370373,3757.0,3783.0,2.6349206349206535,68.50793650793699,26.0,94,,99.28103019743341,114.1188151362802,228.2376302725604,34.19070055670716,6.54486934797335,29.164640339285054,7.576011182259296
-31.644584615384613,117.21848076923077,3783.0,3808.0,1.7620512820512841,44.0512820512821,25.0,96,,105.51206624589017,116.61643679772874,233.23287359545748,36.902149364198316,7.96921297672456,29.787520763784308,7.259351623231633
-31.6457224137931,117.21635804597702,3808.0,3836.0,1.5418719211822496,43.17241379310299,28.0,98,,109.86685224669529,136.00107591006582,272.00215182013164,34.918854391062574,12.961367660394322,45.1849284301118,6.986401380524746
-31.646940104166667,117.21328645833333,3836.0,3867.0,2.112353372434034,65.48295454545506,31.0,100,,109.50954516555952,150.08293008171194,300.1658601634239,32.14896683364896,11.307837819761046,42.406159083599825,10.398699738904442
-31.647729861111113,117.21094861111112,3867.0,3890.0,1.495652173913016,34.399999999999366,23.0,102,,112.29620353541844,114.1853903643485,228.370780728697,40.97926414051731,6.910067278657082,21.37213698398421,7.8343573489478135
-31.64882435897436,117.20936794871795,3890.0,3915.0,1.2676923076923057,31.692307692307644,25.0,104,,105.57263834414731,116.68338366475007,233.36676732950014,36.91793953305119,6.352071166416125,25.160020546285285,6.509703111856446
-31.70161717171717,117.24800151515153,4104.0,4136.0,1.6463903743315187,52.6844919786086,32.0,106,,111.17482766852252,157.28020774075532,314.56041548151063,31.72057124130047,13.634666059113995,57.16855641595106,6.75540440235808
-31.79813448275862,117.31045574712643,4609.0,4637.0,1.3290640394088757,37.21379310344852,28.0,108,,100.47845504708837,124.37944396096267,248.75888792192535,32.555979895456105,7.733480203079112,35.43647871825421,8.731895787927439
-31.8513608974359,117.33812564102564,4914.0,4940.0,2.3909049698184432,62.163529215279524,26.0,110,,109.86672007896482,126.28656142455053,252.57312284910105,36.935772521857835,8.66236054950156,38.069120888142734,8.979081179722444
-31.851496428571426,117.33634107142856,4940.0,4967.0,2.6176792556103012,70.67733990147813,27.0,112,,111.55618369410381,133.16038550538084,266.3207710107617,36.31909133290919,8.978529062226805,39.257162517809014,7.959809208012269
-31.851722435897436,117.33517115384615,4967.0,4992.0,1.8376068376068886,45.940170940172216,25.0,114,,112.24097872458037,124.05351792700849,248.10703585401697,38.616685254256986,6.040427425968332,22.271989159546425,6.099922992484177
-31.852440277777777,117.3337826388889,4992.0,5015.0,1.1673125466632925,26.84818857325573,23.0,116,,118.46389307104965,120.4568404677354,240.9136809354708,42.50092413934299,8.28185866682277,37.6364397214796,6.760398109129674
-31.908220238095232,117.37266607142858,5270.0,5297.0,0.7515051997810818,20.29064039408921,27.0,118,,99.45455873615867,118.71513476912173,237.43026953824346,33.23858685069115,6.207456619913536,26.405901981377994,7.208087804466758
-31.944379861111116,117.384925,5431.0,5454.0,1.8347826086956203,42.199999999999264,23.0,120,,110.60782099156935,112.4686037430363,224.9372074860726,40.55000851147479,4.746099370960294,17.3934771215285,4.330776296263302
-31.945373188405796,117.38385000000001,5454.0,5476.0,2.3794466403161616,52.34782608695556,22.0,122,,115.33144765822222,112.17292770902938,224.34585541805876,43.00510350730426,6.003368240778607,19.807570616782012,5.711466790200479
-31.94643611111111,117.38243541666668,5476.0,5500.0,1.6419683069224824,39.40723936613958,24.0,124,,113.43376694933661,120.35696482347325,240.7139296469465,40.06016224510299,6.705324719916333,23.326406476044227,9.55040867906497
-31.94725925925926,117.38136913580246,5500.0,5526.0,1.9267399267399479,50.09523809523864,26.0,126,,114.33139787257997,131.41849588130836,262.8369917626167,38.03781326658448,5.031516262639728,19.000513627681986,5.740677372967091
-31.948382716049384,117.3804401234568,5526.0,5553.0,1.8236766082109328,49.239268421695186,27.0,128,,111.77190843696144,133.41788794917852,266.83577589835704,36.37193009988878,5.7855658612005465,29.42932769502072,6.115366785552968
-31.949854666666667,117.379054,5553.0,5577.0,1.6923076923077132,40.61538461538512,24.0,130,,115.11756431155818,122.14352931255763,244.28705862511526,40.47653439532369,4.403665646397042,16.523961527010194,6.418188214248245
