lat,lon,t_start,t_end,climb_rate_ms,alt_gain_m,duration_s,circle_id,seg_id,avg_speed_kmh,turn_radius_m,circle_diameter_m,bank_angle_deg,bank_std_deg,bank_range_deg,bank_masd_deg
-31.620340909090903,117.19018232323232,496.0,528.0,-0.3362299465240748,-10.759358288770393,32.0,0,,103.74137098189802,146.76401773243717,293.52803546487434,29.975498271135535,10.027434454443783,36.36851421919464,8.505584374511892
-31.622397101449277,117.19075942028987,528.0,550.0,2.4822134387351666,54.608695652173665,22.0,2,,106.14115764008685,103.23432719059726,206.4686543811945,40.64147373547794,10.952247014447915,40.58976096307615,6.833116819834079
-31.643016666666668,117.2245141025641,815.0,840.0,2.808205128205133,70.20512820512832,25.0,4,,109.4899965738827,121.01301509616746,242.02603019233493,37.9253281603474,6.94039726030461,22.96476917974343,8.821580878742324
-31.64345185185185,117.22663333333333,840.0,866.0,2.9444444444444424,76.5555555555555,26.0,6,,119.64676032266632,137.528251829826,275.056503659652,39.30790876439588,8.839338957825959,39.15311498890553,10.676227076076623
-31.644269047619048,117.22830238095237,866.0,893.0,3.5405035577449415,95.59359605911342,27.0,8,,114.92355599292439,137.17989010479096,274.3597802095819,37.13573860166824,5.015512116836659,19.13230557072913,6.952294656118225
-31.64525,117.22968827160493,893.0,919.0,1.8931623931624115,49.2222222222227,26.0,10,,116.3900003849356,133.7847614113841,267.5695228227682,38.535065192231905,10.80634675427468,43.76514681072382,9.7581917837277
-31.64582753623188,117.23031739130434,919.0,941.0,3.6462450592885034,80.21739130434707,22.0,12,,112.22948468710857,109.1559165192803,218.3118330385606,42.226763594303186,8.26585559690161,27.296318250207335,6.257239692056338
-31.64644944444444,117.23155388888885,941.0,970.0,2.8783092324805133,83.47096774193488,29.0,14,,102.18759771792544,131.0128271348121,262.0256542696242,32.0842096176874,6.632008521024089,25.58654739984651,7.659183908458161
-31.64721458333333,117.23267447916668,970.0,1001.0,2.645894428152513,82.0227272727279,31.0,16,,103.3462472672415,141.63612477220602,283.27224954441203,30.67295837662853,6.153670854339678,21.889740699210826,7.847622911932883
-31.647643209876545,117.23374567901234,1001.0,1027.0,2.4304029304029635,63.19047619047705,26.0,18,,108.98493176675541,125.27298776208707,250.54597552417414,36.7142538100234,4.374854807109387,19.036778180082077,5.581394432751847
-31.648195512820507,117.23529615384615,1027.0,1052.0,1.9887179487179878,49.717948717949696,25.0,20,,109.19370217169629,120.68553788284507,241.37107576569014,37.85007826301526,7.154093967285453,30.86913340300104,8.674574605439366
-31.64860989583333,117.23678541666666,1052.0,1083.0,1.3278958944281876,41.164772727273814,31.0,22,,106.50245388075109,145.96170877296737,291.92341754593474,31.43462001250248,9.84648980548412,33.696791977952024,8.50118945525172
-31.648185507246378,117.23854710144927,1083.0,1105.0,2.4081027667983927,52.97826086956464,22.0,24,,115.37966655251834,112.21982605855949,224.43965211711898,43.017049544577894,10.438910036705463,38.431181968230376,8.254423713622138
-31.648977777777773,117.23983209876543,1105.0,1131.0,1.4285714285714286,37.142857142857146,26.0,26,,108.91750671846422,125.19548588074886,250.39097176149772,36.6972627862625,7.110664273457205,22.144239885749553,10.740884338505964
-31.6524453125,117.24467239583333,1169.0,1200.0,2.528042521994174,78.36931818181938,31.0,28,,116.16810064844998,159.20848635603514,318.4169727120703,33.69157847526784,10.04362397504902,37.71836338552567,6.930682998055903
-31.65318525641026,117.24682051282053,1200.0,1225.0,2.505641025641066,62.64102564102665,25.0,30,,114.89198191123377,126.98351974164915,253.9670394832983,39.27054405095661,7.108974896420377,28.338169180078076,9.046499388925616
-31.654665476190473,117.2497261904762,1259.0,1286.0,2.337164750957868,63.10344827586243,27.0,32,,115.72661241412443,138.13846809740852,276.27693619481704,37.32793701380278,6.518842480033663,27.53914348602184,9.25134647389656
-31.657655729166667,117.25321875,1320.0,1351.0,2.39827712609976,74.34659090909257,31.0,34,,119.96766387679342,164.41579117570535,328.8315823514107,34.5478378995926,6.934222778591012,32.69839752721106,7.864127955583654
-31.658575520833335,117.25438854166666,1351.0,1382.0,1.4704912023460608,45.585227272727884,31.0,36,,118.62458545194221,162.5751009872249,325.1502019744498,34.24714602733366,10.36032004780921,45.781749991011424,10.229767304805929
-31.658324193548385,117.25593870967741,1382.0,1412.0,1.7245967741935324,51.73790322580597,30.0,38,,106.32086448248239,141.0124261349217,282.0248522698434,32.23265227616154,9.531201461599196,39.13944764965372,8.539362543665014
-31.60665277777778,117.25388194444444,1968.0,1991.0,4.193478260869556,96.44999999999979,23.0,40,,120.3566102065463,122.38139925210974,244.7627985042195,42.953585190094394,5.880351142757345,22.595691005460086,6.567671560674615
-31.60711458333333,117.25484375,1991.0,2014.0,5.223478260869569,120.14000000000009,23.0,42,,120.59950734664665,122.62838271092271,245.25676542184542,43.01119934447718,6.859930585175016,26.499552945876026,9.05954613632029
-31.607693209876544,117.25556666666665,2014.0,2040.0,4.6178266178266245,120.06349206349223,26.0,44,,125.97834194661405,144.80610331290055,289.6122066258011,40.76288031162089,8.24730443794045,42.93609425724563,8.31942685492769
-31.60837202380953,117.25645476190478,2040.0,2067.0,4.71428571428567,127.28571428571308,27.0,46,,124.99624961561797,149.20328245705517,298.40656491411033,39.47650385686446,5.847753974601218,25.310956483495506,7.83376597071647
-31.60905902777778,117.25755,2067.0,2090.0,3.5199999999999387,80.95999999999859,23.0,48,,129.63817509406059,131.81911020320686,263.6382204064137,45.08004304222074,6.456073294571572,30.8072902339319,6.622192725762894
-31.609712820512815,117.25864871794872,2090.0,2115.0,2.6013675213675818,65.03418803418954,25.0,50,,130.26207117163938,143.97119808579643,287.94239617159286,42.83095137349813,8.847572835165218,36.9576636566718,11.914005391770429
-31.610469135802468,117.26012777777777,2115.0,2141.0,3.420634920634959,88.93650793650893,26.0,52,,129.26759418658077,148.5869420850496,297.1738841700992,41.49451668171751,5.6503481713119745,23.924985795387595,4.646721233944033
-31.569332183908045,117.17144195402298,2979.0,3007.0,1.1551724137930763,32.34482758620614,28.0,54,,116.10062354148627,143.71768547639076,287.4353709527815,36.41651732151826,13.422294639159757,56.17460012401034,11.685793985584366
-31.569867222222218,117.17144611111111,3043.0,3072.0,1.4409343715239002,41.78709677419311,29.0,56,,122.69389640669485,157.30357303043948,314.60714606087896,36.96949945589395,16.66968625856,63.39047245113275,9.642796423549726
-31.569956770833336,117.17287031250001,3072.0,3103.0,2.3750000000000435,73.62500000000135,31.0,58,,125.31835689504139,171.74892076666788,343.49784153333576,35.72441875654697,8.005525825785144,28.907281915277494,10.28015669966519
-31.571416666666664,117.17447171717171,3103.0,3135.0,1.5518048128341735,49.65775401069355,32.0,60,,121.0115837577121,171.19637090150042,342.39274180300083,33.93262594129867,6.146276706922237,25.796814619717495,6.526080511533842
-31.573351075268814,117.1759317204301,3135.0,3165.0,2.577822580645166,77.33467741935497,30.0,62,,121.19747127173281,160.74313869278546,321.48627738557093,35.70686686530499,8.617028393110203,32.99965604322658,8.586945570045037
-31.578071212121213,117.17991515151513,3200.0,3232.0,0.38201871657745706,12.224598930478626,32.0,64,,127.82325236776613,180.83291072366927,361.66582144733854,35.40028250312234,4.612526725779914,18.73043583307069,4.854450762686461
-31.78816868686869,117.24969696969697,4184.0,4216.0,1.006016042780719,32.19251336898301,32.0,66,,109.53744306743175,154.96378238070068,309.92756476140136,31.341630922289117,8.054718075682064,31.167676327861503,8.026376121414549
-31.78963655913979,117.2503930107527,4216.0,4246.0,2.476209677419352,74.28629032258056,30.0,68,,114.480554277014,151.83455084238997,303.66910168477995,34.1733811383349,7.659521793624439,28.37494653722298,7.029905327858288
-31.790815277777778,117.2512611111111,4246.0,4269.0,1.1491304347826046,26.429999999999904,23.0,70,,117.25418253264573,119.2267786695024,238.4535573390048,42.20813245223385,7.266539768953818,22.266866287788154,9.112362238896218
-31.79234247311828,117.25376182795699,4269.0,4299.0,3.3641129032257866,100.9233870967736,30.0,72,,121.14166545970264,160.6691239358033,321.3382478716066,35.69436186016094,14.143633174631322,50.061826611019235,7.7968784433982865
-31.794516666666667,117.25499444444445,4299.0,4322.0,4.10304347826088,94.37000000000025,23.0,74,,116.2620582770068,118.21796366192879,236.43592732385758,41.96596045668138,8.197149528398203,34.573601589640035,8.18619082341949
-31.79518888888889,117.25623388888889,4322.0,4351.0,2.6823136818687088,77.78709677419255,29.0,76,,110.65712798260456,141.87145508242673,283.74291016485347,34.17159875034631,6.7920531346093656,23.271164052879765,7.360577155691504
-31.796518518518514,117.25758950617285,4351.0,4377.0,2.5213675213675595,65.55555555555655,26.0,78,,113.16184232243461,130.07414748611916,260.1482949722383,37.75226397893324,6.061409529620471,23.913871394690194,7.615319949693629
-31.79770333333333,117.25865777777776,4377.0,4406.0,1.876974416017764,54.43225806451515,29.0,80,,108.96753705342063,139.70526183317597,279.41052366635193,33.763098512453084,6.801529235836384,30.59882733263548,7.149833888354843
-31.987032291666665,117.22875572916666,5494.0,5525.0,1.8427419354839127,57.12500000000129,31.0,82,,118.64704975859087,162.60588833967887,325.21177667935774,34.25219317205125,10.165894643104874,42.56441309283278,8.52651688086883
-31.98670961538462,117.22898461538463,5525.0,5550.0,3.925128205128232,98.1282051282058,25.0,84,,111.90861418975871,123.68617446433277,247.37234892866553,38.5338557048396,9.741926630579655,37.17711137240322,8.964447482242635
-31.987281410256408,117.22965576923076,5550.0,5575.0,3.5558974358974704,88.89743589743676,25.0,86,,116.13143683724098,128.35341820146616,256.7068364029323,39.57213093278507,6.781606438241492,25.864729393368368,8.79312625727327
-31.987790804597704,117.23046781609195,5575.0,5603.0,2.400985221674856,67.22758620689598,28.0,88,,113.561228386245,140.5742398764554,281.1484797529108,35.81320759190971,7.790186195538951,35.99036780327867,6.6030066764049655
-31.988348214285715,117.23128630952381,5603.0,5630.0,2.948549534756435,79.61083743842374,27.0,90,,112.86007444068703,134.7167904371596,269.4335808743192,36.63736963582765,5.21431773892562,19.49866027759427,6.980634746712815
-31.989399999999993,117.23206333333336,5630.0,5659.0,2.3699666295884194,68.72903225806417,29.0,92,,114.15285105007042,146.35325690747092,292.70651381494184,35.004360417406545,5.77996827162839,23.424784271326835,7.474301827903915
-31.989994791666668,117.23348645833335,5659.0,5690.0,2.8643695014663355,88.7954545454564,31.0,94,,110.45878901821452,151.3838696350005,302.767739270001,32.37217290289735,7.4108626536469355,31.600846674925734,7.859421730096954
-31.989915053763436,117.23561666666669,5726.0,5756.0,2.9024193548387154,87.07258064516147,30.0,96,,113.45497248511006,150.4743307446687,300.9486614893374,33.9341726835663,6.602890263818968,26.286792219442404,8.033840110502304
-31.990445161290328,117.23673870967744,5756.0,5786.0,2.9729838709676875,89.18951612903062,30.0,98,,117.9934375208039,156.4936569486721,312.9873138973442,34.98253285278869,5.867354094020147,24.00406542124238,7.110164532091926
-31.99382055555556,117.23776333333332,5825.0,5854.0,2.7870967741935377,80.82580645161259,29.0,100,,115.91748413995732,148.61566032162975,297.2313206432595,35.418416370631036,6.060328574406038,27.41199568851532,7.033412228712613
-31.99483218390805,117.23835862068968,5854.0,5882.0,2.7009852216748245,75.62758620689509,28.0,102,,120.34156279487713,148.9674244971766,297.9348489943532,37.40354520941845,6.32462527552852,23.158821039689567,7.024739202723891
-31.995324193548385,117.23844731182797,5882.0,5912.0,1.6572580645161317,49.71774193548395,30.0,104,,118.07917577502195,156.60737084009605,313.2147416801921,35.00208502578833,8.281885527715815,31.328386075354125,7.069963874211046
-32.181304347826085,117.2525579710145,6660.0,6682.0,1.9535573122529057,42.978260869563925,22.0,106,,123.53333223222825,120.15019170838741,240.30038341677482,44.971624564376796,4.404786421606703,18.318598819601192,3.5247599607459867
-32.181525694444446,117.25273055555556,6682.0,6705.0,3.0699999999999874,70.60999999999972,23.0,108,,111.00944974132655,112.87698919266644,225.75397838533289,40.652622002834285,6.062621354294068,28.7027597248174,6.510409862779327
-32.18186527777778,117.25304583333333,6705.0,6728.0,1.9869565217390832,45.699999999998916,23.0,110,,111.1869646000795,113.05749042782872,226.11498085565745,40.69787556065247,7.023928045081055,24.634474144037338,9.366703326972603
-32.182301234567895,117.25302716049383,6728.0,6754.0,2.2625152625153264,58.825396825398485,26.0,112,,116.18601632026427,133.55029144546327,267.10058289092655,38.486096902867445,6.950302476417972,27.258628272603215,9.62236740784385
-32.183547777777775,117.25282555555555,6754.0,6783.0,2.092769744160185,60.69032258064537,29.0,114,,118.90275839280093,152.4430251718869,304.8860503437738,36.109306036453305,8.7233707782187,28.695061775612565,10.22450979741635
-32.18401212121212,117.25324595959596,6783.0,6815.0,1.8064839572192186,57.807486631014996,32.0,116,,116.72392302466194,165.13057179069196,330.2611435813839,32.981978076032085,6.756297631589853,28.07028421976106,9.125832609816113
-32.184888020833334,117.25359895833333,6815.0,6846.0,1.2705278592375775,39.386363636364905,31.0,118,,115.89556038051482,158.834969673858,317.669939347716,33.62949195256663,7.216635040540062,26.136073491845874,7.72936829564605
-32.21452777777778,117.21236161616162,7122.0,7154.0,1.553810160427724,49.721925133687165,32.0,120,,123.44954807670848,174.6453848788332,349.2907697576664,34.46389497086894,10.737788939037928,38.85242223030754,7.315480970995923
-32.435003086419755,117.1108172839506,8103.0,8129.0,2.691086691086711,69.96825396825449,26.0,122,,113.1368999205864,130.0454773832817,260.0909547665634,37.746150094191435,12.509773239363925,51.76751975279692,13.574620096601388
-32.435946,117.11093666666666,8129.0,8153.0,6.096923076923069,146.32615384615366,24.0,124,,122.54988297460854,130.0294643382817,260.0589286765634,42.25416752038229,15.219328179104137,53.58056027261277,17.46799569693713
-32.435906349206356,117.11170873015874,8153.0,8173.0,2.8662337662337065,57.32467532467413,20.0,126,,106.3122238264997,94.00064407266333,188.00128814532667,43.40196048403098,33.41124587035663,163.8108190880912,34.66035788130661
-32.43619399999999,117.111906,8173.0,8197.0,2.980000000000031,71.52000000000075,24.0,128,,119.45430754379589,126.74495679476401,253.48991358952802,41.52556869520037,14.15599351799001,56.168474311085376,19.132823113883948
-32.435755913978504,117.11559032258064,8236.0,8266.0,3.61975806451614,108.5927419354842,30.0,130,,118.39152086000448,157.02163137530795,314.0432627506159,35.073234759156925,12.588658662838705,54.181146466794885,13.461650783040271
-32.509506944444446,117.07951041666666,8713.0,8736.0,2.846521739130418,65.46999999999962,23.0,132,,130.97430816589676,133.1777213724456,266.3554427448912,45.3737846113346,8.854932699833078,32.72030109479515,12.106913275395783
-32.5106296875,117.0801421875,8736.0,8767.0,1.7877565982405321,55.420454545456494,31.0,134,,129.38012731075688,177.31558077231563,354.63116154463125,36.5950092717508,6.384343446383843,25.318743140152606,6.560618223054445
-32.51128737373738,117.07920505050505,8767.0,8799.0,2.0695187165774893,66.22459893047966,32.0,136,,125.47456815229705,177.5102022556354,355.0204045112708,34.90009930609372,8.589795614535955,30.557556851733597,10.664838212802803
-32.35303563218391,117.06649827586205,9347.0,9375.0,1.8576354679802638,52.013793103447384,28.0,138,,119.86783143282642,148.38100581298082,296.76201162596163,37.29455457307451,16.788972439974906,74.40959746944864,17.70603101377687
-32.35355802469136,117.06834074074075,9375.0,9401.0,1.9206349206349045,49.93650793650752,26.0,140,,116.61829467472865,134.04717482310787,268.09434964621573,38.58979043582933,13.01361726417364,51.48281035305611,14.877529415066851
-32.354096354166664,117.06857343749999,9401.0,9432.0,2.4186217008798256,74.9772727272746,31.0,142,,121.71118160118796,166.8052837841435,333.610567568287,34.93496406898515,14.432712459684838,55.79008763910145,17.369970447650346
-32.35416923076923,117.06989487179489,9432.0,9457.0,2.4711111111111426,61.77777777777857,25.0,144,,122.18569625043509,135.04484398181668,270.08968796363337,41.00820892052985,12.168742231673418,45.77561513757099,15.697253829518658
-32.3547005952381,117.07201547619047,9457.0,9484.0,1.6338259441708036,44.1133004926117,27.0,146,,130.4929125708159,155.7644405557791,311.5288811115582,40.69116580965676,14.708358288182671,60.07907065530128,18.542834620162683
-32.35581428571429,117.07348333333333,9484.0,9511.0,0.8147235905856545,21.99753694581267,27.0,148,,127.4951329655529,152.1861047371965,304.372209474393,40.03408734498945,14.823003681323678,53.79680085882142,16.440705916464637
-32.297889880952376,117.08931488095239,9723.0,9750.0,2.4077723043240478,65.0098522167493,27.0,150,,127.53635168195528,152.23530595567155,304.4706119113431,40.043209084360655,8.011106481827635,32.53116831049631,7.902927945906054
-32.29806166666667,117.09119999999999,9750.0,9779.0,2.9123470522802783,84.45806451612808,29.0,152,,131.8630925863821,169.0592296940839,338.1184593881678,38.97189747823402,8.852327952789848,31.702767756331433,6.307902762316933
-32.29833958333333,117.09292708333334,9779.0,9802.0,3.642173913043439,83.7699999999991,23.0,154,,134.32410906751318,136.58387680381136,273.1677536076227,46.097012881650116,4.63862082068431,17.46740640217473,3.976126109276896
-32.29803076923077,117.09422884615384,9802.0,9827.0,2.9685470085470103,74.21367521367526,25.0,156,,130.07617841946413,143.76574148584052,287.53148297168104,42.79015913244577,5.864241417518462,24.26526323949881,6.615013357774887
-32.29833260869565,117.09505217391303,9827.0,9849.0,2.703557312252906,59.47826086956394,22.0,158,,131.3361827737328,127.73934980436792,255.47869960873584,46.72524398426407,4.926591988854343,19.491441390832357,6.53668775589803
-32.29788870967742,117.09649623655915,9849.0,9879.0,2.660483870967705,79.81451612903115,30.0,160,,125.49486002086483,166.44272754121764,332.88545508243527,36.65810013869318,5.961790512227252,21.85195911490012,5.126682640846411
-32.29827298850575,117.09756206896553,9879.0,9907.0,1.8704433497536725,52.37241379310283,28.0,162,,129.17730479808858,159.9049401748105,319.809880349621,39.379097818692415,6.730829946351681,23.338266338026962,7.423438409821456
-32.29872388888889,117.09854777777777,9907.0,9936.0,1.8954393770856326,54.967741935483346,29.0,164,,127.56425965886149,163.547775586225,327.09555117245,38.04670355997359,7.011333037545787,26.997115749981415,6.7052536654425205
-32.29885493827161,117.09943086419753,9936.0,9962.0,1.945054945055009,50.57142857143023,26.0,166,,134.80437595435282,154.95120899233075,309.9024179846615,42.689737368776846,6.899165250398579,28.43435409643202,9.238932942358563
-32.29917962962963,117.10078209876544,9962.0,9988.0,1.7985347985348215,46.761904761905356,26.0,168,,131.22528300990726,150.83721213643082,301.67442427286164,41.922277926765226,7.018700662094514,27.59892572692327,6.487639135631141
-32.138256172839505,117.10285555555556,10672.0,10698.0,3.6526251526251534,94.96825396825399,26.0,170,,123.52187990409303,141.9825172042323,283.9650344084646,40.20575767217815,22.93110317663107,114.64640926538404,27.93335398309484
-32.13850111111111,117.10394166666667,10698.0,10727.0,4.000000000000009,116.00000000000026,29.0,172,,121.10499340959444,155.26646991477847,310.53293982955694,36.611313081125424,10.345983560238277,44.143807486899284,11.215415050827188
-32.13831111111111,117.10514074074074,10727.0,10753.0,3.89316239316243,101.22222222222318,26.0,174,,124.75259324975765,143.39716357222784,286.7943271444557,40.486038039867395,13.242508901595219,52.90499168974513,15.942696502002045
-32.13857962962963,117.1062024691358,10753.0,10779.0,4.13675213675221,107.55555555555746,26.0,176,,126.2835820598097,145.1569622834479,290.3139245668958,40.83146421032175,12.381140312367588,52.71464876459465,16.804075761299586
-32.13871344086021,117.107138172043,10779.0,10809.0,3.937096774193546,118.11290322580638,30.0,178,,117.90903123960594,156.3817096413333,312.7634192826666,34.96327530383562,18.03378128728889,93.82865998395897,22.542872972183734
-32.1380375,117.10687976190476,10809.0,10836.0,2.8741105637657647,77.60098522167564,27.0,180,,120.05370363834815,143.30355277899426,286.6071055579885,38.34680050459201,12.459399354670996,42.413210966763735,13.840047360136301
