lat,lon,t_start,t_end,climb_rate_ms,alt_gain_m,duration_s,circle_id,seg_id,avg_speed_kmh,turn_radius_m,circle_diameter_m,bank_angle_deg,bank_std_deg,bank_range_deg,bank_masd_deg
-32.150160897435896,116.94217435897438,1745.0,1770.0,3.0461538461538438,76.15384615384609,25.0,0,,100.79580504603513,111.40382372224651,222.80764744449303,35.652497609556576,16.45584597944414,57.03533875251327,21.687006019295058
-32.13838395061728,116.94717037037036,2044.0,2070.0,2.332722832722846,60.650793650794,26.0,2,,97.78033980995153,112.39384301859296,224.78768603718592,33.786207618050106,17.500785776021598,59.018943819386394,22.135899679998506
-32.13879464285714,116.94707261904762,2070.0,2097.0,3.9064039408866953,105.47290640394077,27.0,4,,93.3680796140621,111.44993548181705,222.8998709636341,31.60140121079528,18.10739608275654,62.96776319919081,23.08569772208796
-32.13994393939394,116.94732121212124,2097.0,2129.0,2.377673796791434,76.08556149732588,32.0,6,,98.47090073783316,139.30782758344455,278.6156551668891,28.699714048031367,11.809095731462953,44.51894656889857,12.572230171752054
-32.13938141025641,116.94855448717948,2171.0,2196.0,1.6560683760683972,41.40170940170993,25.0,8,,107.1306913965644,118.40541036538616,236.81082073077232,37.32185725010405,13.188320748466486,45.61172324787978,14.074578317778409
-32.08265747126436,116.94752011494253,2567.0,2595.0,1.5137931034482777,42.386206896551776,28.0,10,,97.58005823703543,120.79160034370494,241.58320068740989,31.80007751596033,19.482917550287453,67.93589761414506,24.161776266238007
-32.08253,116.94769777777778,2595.0,2624.0,1.118576195773055,32.43870967741859,29.0,12,,98.7197297117889,126.56673776819012,253.13347553638025,31.200760893409587,19.72369317953291,67.91565253149396,25.463473688406204
-32.082232258064515,116.94822096774193,2624.0,2654.0,1.2749999999999992,38.24999999999998,30.0,14,,98.94243747786253,131.22648338468852,262.45296676937704,30.40323629875556,16.645009928669914,51.34720925162062,19.21095708443036
-32.01238563218391,116.96511724137932,2984.0,3012.0,0.6615763546797958,18.524137931034282,28.0,16,,100.98315781856984,125.00420127886731,250.00840255773463,32.68632472778151,17.0050179879965,65.78478782179309,20.90824857967771
-32.01195055555555,116.965585,3012.0,3041.0,0.6662958843159115,19.322580645161434,29.0,18,,99.12195487005373,127.08242319681216,254.16484639362432,31.30408992525932,15.120410706882234,53.428967169293976,14.973035467761827
-32.012210256410256,116.96693589743589,3041.0,3066.0,0.8505982905982864,21.26495726495716,25.0,20,,99.25032670069407,109.6956951243124,219.3913902486248,35.234250652953335,20.98506906934179,76.1462751166558,21.52378999096935
-32.01260114942529,116.96851091954024,3066.0,3094.0,0.5167487684729132,14.46896551724157,28.0,22,,105.47402590532741,130.56332014938704,261.1266402987741,33.829470382733234,20.4733752999017,70.32932612952335,22.25341447030734
-31.994634567901237,116.97923950617285,3359.0,3385.0,2.533577533577531,65.8730158730158,26.0,24,,105.57322466437103,121.35139295850892,242.70278591701785,35.84503932707918,19.47701324555991,67.41954925494056,19.68241462533319
-31.995082000000004,116.98022399999999,3385.0,3409.0,1.8707692307692276,44.89846153846146,24.0,26,,104.26085122916061,110.6241989605975,221.248397921195,37.700122271016575,19.271870377561424,73.11474401718735,21.600305361179686
-31.995491111111114,116.98010333333333,3409.0,3438.0,1.7853170189099017,51.774193548387146,29.0,28,,96.88065921600526,124.20889953406389,248.41779906812778,30.72543302038533,19.740657364447255,63.372983838530345,23.50379877656737
-31.99613958333333,116.9791861111111,3438.0,3461.0,1.801739130434777,41.43999999999987,23.0,30,,102.62863982003596,104.35518683155509,208.71037366311018,38.444987666721936,12.43469392971282,49.03751546790392,15.507452912705283
-31.996239999999997,116.97927666666666,3461.0,3485.0,1.7238461538461447,41.37230769230747,24.0,32,,100.00699080285959,106.11071286680546,212.22142573361091,36.551653249047284,19.48335221606331,71.51312772945862,27.09051619414937
-31.996444642857142,116.97986547619048,3485.0,3512.0,1.5027367268746612,40.57389162561585,27.0,34,,103.91405182402426,124.03826253375632,248.07652506751265,34.4005832272401,19.96166581753797,63.29318451131261,22.883694451365606
-31.99676999999999,116.98001777777775,3512.0,3541.0,1.3014460511679713,37.74193548387117,29.0,36,,105.83925219222239,135.69454572964318,271.38909145928636,32.99637012355647,15.240294773288156,56.55967866674633,17.2678593663475
-31.997112500000004,116.98016130952382,3541.0,3568.0,1.4121510673234694,38.12807881773367,27.0,38,,96.32850274088888,114.98368028890239,229.96736057780478,32.405141109575105,14.97397773988236,60.206835356998376,18.979815526092015
-31.997466666666668,116.98061904761903,3568.0,3595.0,0.9121510673235036,24.628078817734597,27.0,40,,98.21567845661538,117.23633036620885,234.4726607324177,32.910156372607325,14.882283602147094,52.17447022666664,19.65154622785069
-31.997669753086416,116.98044382716051,3595.0,3621.0,1.4590964590964726,37.936507936508285,26.0,42,,101.49655671996042,116.66545734125121,233.33091468250242,34.780848542337374,20.346544238258886,72.23467468011857,24.62258269748422
-31.99790833333333,116.9805453125,3621.0,3652.0,1.3779325513196954,42.71590909091056,31.0,44,,97.63537281011627,133.80936619551423,267.61873239102846,29.263779525457917,18.80072535299521,65.73505479276503,20.28787537962872
-31.99849712643678,116.98057931034484,3652.0,3680.0,1.2709359605911257,35.586206896551516,28.0,46,,105.02257979800724,130.0044877531235,260.008975506247,33.71590619819595,14.851148825960328,55.323387354195305,20.983352952405703
-31.94329880952381,116.99340059523807,3958.0,3985.0,1.2613574165298294,34.056650246305395,27.0,48,,111.09425770897354,132.60900197631028,265.21800395262056,36.20570767242351,18.221906835209122,74.4703837582891,22.45753317125517
-31.942841935483877,116.9933365591398,3985.0,4015.0,1.1955645161290323,35.86693548387097,30.0,50,,113.87011091111665,151.02492518272152,302.04985036544304,34.03116292146789,18.639751897614,63.60923107322568,26.42692045715068
-31.94242956989247,116.99456774193547,4050.0,4080.0,0.8822580645161424,26.467741935484273,30.0,52,,108.49331746355274,143.89373138968892,287.78746277937785,32.75777160586915,14.547564757237184,66.30763514831952,15.453357325518695
-31.851080666666668,117.02147266666665,4733.0,4757.0,1.7715384615384728,42.51692307692335,24.0,54,,101.82625338602905,108.04101041942913,216.08202083885826,37.04709054818547,22.556024205042057,78.17333905986985,30.173244591833065
-31.851147777777783,117.02092,4757.0,4786.0,1.0807563959955544,31.341935483871076,29.0,56,,99.391802117894,127.4283893573211,254.8567787146422,31.37328517737568,16.02243700863214,62.43269473766731,18.316768661108664
-31.824128395061727,117.0361172839506,4973.0,4999.0,1.5561660561660657,40.46031746031771,26.0,58,,103.40863443297968,118.86329959393854,237.72659918787707,35.283473143206955,22.237528547792866,82.71840077947266,25.106821307236846
-31.824502000000003,117.036338,4999.0,5023.0,4.694615384615372,112.67076923076894,24.0,60,,102.06474453618166,108.29405738896554,216.58811477793108,37.11156410228916,28.031848290692203,119.38206547757046,25.306102303486846
-31.82420576923077,117.03588333333332,5023.0,5048.0,3.4810256410256644,87.0256410256416,25.0,62,,110.07990620907083,121.66500839073501,243.33001678147002,38.07469010433388,21.746021674906572,74.09141923423502,28.862945905542308
-31.823918,117.035668,5048.0,5072.0,2.3992307692307673,57.581538461538415,24.0,64,,106.78678793884959,113.30430104915935,226.6086020983187,38.365705832535426,25.03511570157125,80.90738698862128,33.04443385025621
-31.823880666666668,117.03536066666666,5072.0,5095.0,1.749667774086369,40.24235880398649,23.0,66,,113.46995458701417,115.37888772042565,230.7577754408513,41.27442610520659,23.536881931757073,74.37325233358162,29.2285078569038
-31.823857051282047,117.03550512820513,5095.0,5121.0,3.9364667435601826,102.34813533256475,26.0,68,,103.22501653419141,118.65223956559416,237.30447913118832,35.2354739398518,18.0390767206847,68.60204086157687,20.054819040399984
-31.824002020202023,117.0346888888889,5121.0,5153.0,1.4478609625667935,46.33155080213739,32.0,70,,109.05405061299108,154.27992194890018,308.55984389780036,31.229171099209466,18.425717006195896,63.78356334607785,17.773626534701997
-31.718053205128207,117.07049038461538,5697.0,5722.0,1.832820512820547,45.82051282051368,25.0,72,,118.35835728283507,130.81470567916548,261.62941135833097,40.10746629434592,22.560676100253417,104.41097429324077,24.955936383448158
-31.699804761904755,117.07662202380949,5946.0,5973.0,2.281882868089788,61.61083743842428,27.0,74,,110.58680744793931,132.00327784568375,264.0065556913675,36.0807699057408,19.095073345004618,65.8523720538401,22.902797255914894
-31.699718750000002,117.07660347222225,5973.0,5996.0,2.977826086956505,68.48999999999961,23.0,76,,111.20633660337863,113.07718833113454,226.15437666226907,40.702810315146614,19.441001892729343,75.89005377175417,21.99740607184839
-31.69966726190476,117.07621369047618,5996.0,6023.0,2.49370552818833,67.33004926108491,27.0,78,,106.77799791489859,127.45684636209153,254.91369272418305,35.130252410135164,15.414513681744747,53.76451282147097,19.9251895844369
-31.699376086956523,117.0762992753623,6023.0,6045.0,2.884387351778584,63.456521739128846,22.0,80,,113.91725861353498,110.79746829446707,221.59493658893413,42.65266970421624,15.789361968393365,61.543550682807755,18.498633073065108
-31.699471527777778,117.07624791666667,6045.0,6068.0,3.4552173913042705,79.46999999999822,23.0,82,,111.47149967637016,113.34681230813923,226.69362461627847,40.77028354695495,23.426477742502602,73.04289345864733,30.64261727791523
-31.699935333333332,117.07604800000001,6068.0,6092.0,2.121538461538421,50.9169230769221,24.0,84,,108.14559077508083,114.74603563631595,229.4920712726319,38.718768047358544,18.739691473770343,68.2149879676241,21.880296551997983
-31.69991987179487,117.07609487179487,6092.0,6117.0,1.9757264957265588,49.39316239316397,25.0,86,,105.65416760436787,116.77349328121348,233.54698656242695,36.939182576776815,18.305079356791158,69.77888684987863,23.9602910575713
-31.699535416666667,117.07584097222222,6117.0,6140.0,1.146521739130429,26.369999999999866,23.0,88,,109.90291188394804,111.75183577501022,223.50367155002044,40.36914574536884,18.44926609044222,63.633082882555605,25.26680922892938
-31.625891228070174,117.09826666666667,6446.0,6464.0,1.4666666666666093,26.39999999999897,18.0,90,,116.4665812598223,92.68116056257311,185.36232112514622,49.019611174976625,21.33571979921215,74.76183165042849,24.4994304892476
-31.56876666666667,117.12053733333335,6738.0,6762.0,1.5584615384615452,37.40307692307709,24.0,92,,105.10997620521447,111.52514854220922,223.05029708441845,37.925217028168724,23.009979402288348,76.07369307586139,32.43504827851831
-31.56910952380952,117.11951785714284,6762.0,6789.0,1.7460317460317816,47.142857142858105,27.0,94,,105.96012188593394,126.48057876574583,252.96115753149166,34.92319118178517,24.543083507450557,70.15700746071738,36.95637597800324
-31.567851612903226,117.12051451612902,6851.0,6881.0,0.6471774193548406,19.41532258064522,30.0,96,,101.46978037531855,134.57847600984118,269.15695201968236,31.037876153783166,26.152864512840996,74.10208574952412,30.85258339910322
-31.568576811594202,117.12049057971014,6881.0,6903.0,0.6541501976284484,14.391304347825864,22.0,98,,94.03495393698392,91.45966953743691,182.91933907487382,37.25144900631301,21.39140751251735,93.48142343224886,23.94991308328843
-31.569339682539677,117.12022142857144,6903.0,6923.0,3.6584415584415035,73.16883116883007,20.0,100,,107.72690482784527,95.25149670745411,190.50299341490822,43.78019895658456,27.483206313028692,88.60439908162625,38.93459337867157
-31.57005128205128,117.12017692307693,6923.0,6948.0,0.5822222222222505,14.555555555556262,25.0,102,,111.43484275120346,123.16254205918119,246.32508411836238,38.415455178359025,19.134980190838345,75.19072790879603,24.092726834546294
-31.5706012345679,117.1202012345679,6948.0,6974.0,1.2283272283272448,31.936507936508367,26.0,104,,104.6569316939081,120.29815783495121,240.59631566990242,35.60828318723883,18.06366853612285,55.42652121329851,20.30631485886025
-31.511408333333335,117.18622045454548,7382.0,7403.0,0.3704121964991372,7.778656126481882,21.0,106,,101.09945584474568,93.86112249262048,187.72224498524096,40.580740213856146,12.034546994815683,46.00468488545417,13.214643890261303
-31.511594444444444,117.18529074074075,7403.0,7429.0,2.295482295482304,59.68253968253991,26.0,108,,113.42972660710379,130.38206771115392,260.76413542230785,37.81786414412707,15.288066155883556,62.127855392699345,16.386095708815727
-31.511723456790122,117.1846827160494,7429.0,7455.0,3.7881562881563022,98.49206349206386,26.0,110,,107.46526235113717,123.5262001555894,247.0524003111788,36.329471987067876,14.828884663237956,54.571242689128965,19.602784063954832
-31.51176896551724,117.18372586206895,7455.0,7483.0,2.546798029556642,71.31034482758598,28.0,112,,119.30043858120956,147.6786462140155,295.357292428031,37.1635984726834,19.35770621077073,66.52656727406469,22.789719238130004
-31.511959195402298,117.18291379310344,7483.0,7511.0,3.00738916256157,84.20689655172396,28.0,114,,115.59638766192548,143.09350611081882,286.18701222163764,36.29745788646013,12.359954480123086,59.11046886190206,14.593566399532708
-31.512296794871794,117.18177243589744,7511.0,7536.0,3.8557264957265165,96.39316239316291,25.0,116,,119.6902512901145,132.28677175508906,264.5735435101781,40.4236729302334,16.97126023314023,64.22056950873441,21.96809607741883
-31.512583333333332,117.18019753086419,7536.0,7562.0,2.1721611721611964,56.47619047619111,26.0,118,,111.44307533409693,128.09850670344002,256.19701340688005,37.32858992941658,17.09290645207402,58.894190217812536,21.083392143251846
-31.51309731182796,117.1791994623656,7562.0,7592.0,2.4294354838709658,72.88306451612897,30.0,120,,112.00488886767593,148.5510976145752,297.1021952291504,33.59364562555973,18.787428668334023,75.20102729321184,24.58119721992514
-31.51406774193548,117.17855537634406,7592.0,7622.0,2.4624999999999906,73.87499999999972,30.0,122,,114.54603398022819,151.92139599604607,303.84279199209215,34.1886079091258,17.540582863877944,62.3086016205252,25.501582564880756
-31.515928735632187,117.17752356321839,7655.0,7683.0,1.3261083743842388,37.131034482758686,28.0,124,,111.00647912152849,137.4117878576997,274.8235757153994,35.196856300721244,17.05592903675164,63.37704125409026,20.166973189771596
-31.517117948717946,117.17911987179488,7778.0,7803.0,1.223931623931665,30.598290598291626,25.0,126,,112.01614357756537,123.80502053097912,247.61004106195824,38.56067432576716,22.32434933744531,70.71993233402438,31.35430679027701
-31.518399479166668,117.17838385416667,7803.0,7834.0,0.7401026392962538,22.943181818183866,31.0,128,,108.52319802234209,148.7311404353574,297.4622808707148,31.9158726409861,19.291109321097775,69.54877749341486,22.759869166184348
-31.503583928571434,117.1765994047619,7957.0,7984.0,1.0566502463054368,28.529556650246793,27.0,130,,118.18173375838805,141.06905333113332,282.13810666226664,37.909476635450005,16.544545999604413,61.7668792293109,17.855868845114607
-31.463825555555555,117.17645333333333,8266.0,8295.0,1.6131256952169257,46.78064516129085,29.0,132,,108.00449481179724,138.47056320493732,276.94112640987464,33.528501167689974,20.06038972606205,68.00534936805413,26.548950434419385
-31.46312777777778,117.17549444444444,8295.0,8327.0,1.1978609625667958,38.331550802137464,32.0,134,,111.94597067744911,158.37115193365688,316.74230386731375,31.897972304447322,21.45148496484924,75.64349053035727,21.39879211385791
-31.43671666666667,117.18491474358974,8562.0,8587.0,0.8598290598290768,21.49572649572692,25.0,136,,112.13965117442787,123.94152639591015,247.8830527918203,38.59145335310284,20.455738571754548,79.47380772287508,25.872867310927518
-31.436737333333337,117.18482066666665,8587.0,8611.0,0.10307692307691728,2.4738461538460146,24.0,138,,111.70653595721245,118.52431582175272,237.04863164350544,39.62769665873217,19.944840387992777,66.5396231505814,21.58468740742456
-31.330389999999998,117.22467933333333,9081.0,9105.0,1.7653846153846253,42.36923076923101,24.0,140,,105.42220004633147,111.85642832664195,223.7128566532839,38.00763981117343,21.53704166116558,75.0192579684639,29.070325081051873
-31.32903782051282,117.22327371794873,9105.0,9130.0,2.445811965811997,61.14529914529992,25.0,142,,108.02268498060933,119.39127972724037,238.78255945448075,37.55116677815058,26.145404081388584,79.1392363162755,29.46107630016248
-31.32892847222222,117.22242430555555,9130.0,9153.0,2.061304347826098,47.41000000000025,23.0,144,,106.82710584075635,108.62428468539485,217.2485693707897,39.568492457888496,19.551821326330092,66.94436102505084,21.80137433485155
-31.329094444444447,117.22153472222222,9153.0,9176.0,3.0313043478260737,69.7199999999997,23.0,146,,105.90068578211171,107.68227923278545,215.3645584655709,39.32364560361975,15.819177155360105,69.7575420715574,17.688881829791104
-31.32931,117.22079933333333,9176.0,9200.0,2.1576923076923125,51.7846153846155,24.0,148,,102.95776283558862,109.2415792331131,218.4831584662262,37.35200955915328,21.315965002791177,91.55742404185406,25.26370060162123
-31.32995864197531,117.22112716049384,9200.0,9226.0,1.9615384615384863,51.00000000000065,26.0,150,,98.71150635829555,113.46417461144851,226.92834922289703,34.037645602466945,17.905424884839935,59.2013492100984,18.436826297216516
-31.33025476190476,117.22131349206347,9226.0,9245.0,2.574889029803404,48.922891566264674,19.0,152,,120.84308970159526,101.50631284044938,203.01262568089876,48.53175261346745,19.627702202913383,59.46179370867602,25.648471479967263
-31.33036349206349,117.22079444444446,9245.0,9265.0,2.8376623376623193,56.75324675324639,20.0,154,,103.54103890218173,91.5503786341803,183.1007572683606,42.64712618716741,20.58168849865957,81.72332700284662,25.251141511388624
-31.33089066666667,117.22048666666667,9265.0,9290.0,1.6536254276569418,41.34063569142354,25.0,156,,108.53352252967015,119.95587917897633,239.91175835795266,37.68185859476589,17.311295916425156,62.330061815113275,19.65321154301518
-31.295004597701148,117.25077701149425,9481.0,9509.0,2.1527093596058715,60.2758620689644,28.0,158,,106.70322645888956,132.0849128261148,264.1698256522296,34.1371595638861,17.057444909542955,63.08960887565125,20.311788776438508
-31.245226282051284,117.29604743589742,9869.0,9894.0,3.3442735042735166,83.60683760683791,25.0,160,,107.38364161868608,118.68498174182268,237.36996348364536,37.387027288802486,15.37707400303131,64.00110824886063,18.345850407934538
-31.16129333333333,117.372756,10400.0,10424.0,1.3484615384615477,32.363076923077145,24.0,162,,109.76473818469256,116.46400439521024,232.92800879042048,39.13496824912301,24.15023904831562,79.60297707876951,24.860834705521846
-31.161660416666667,117.37239166666666,10424.0,10447.0,1.7952173913043243,41.28999999999946,23.0,164,,111.10464524555019,112.97378619442152,225.94757238884304,40.676897667692124,15.721752548276891,72.81026326638855,17.382470077178557
-31.162112666666665,117.37186466666667,10447.0,10471.0,1.230000000000005,29.520000000000124,24.0,166,,100.34838526489915,106.4729436413241,212.9458872826482,36.64511368473637,18.235333618273238,62.08810818978429,22.854210502941925
-31.16266746031746,117.37175952380953,10471.0,10491.0,1.2194805194805067,24.389610389610134,20.0,168,,107.85640296723659,95.36599820192818,190.73199640385636,43.81458548082084,19.585512190725712,68.0241838538178,26.98663811743295
-31.164296296296296,117.3715833333333,10491.0,10517.0,1.373015873015895,35.69841269841327,26.0,170,,109.16508840348162,125.4800692345622,250.9601384691244,36.7596162004789,20.446075476680107,78.62650941390442,19.841044600982247
-31.165468666666662,117.37124266666666,10517.0,10541.0,0.9638461538461603,23.132307692307847,24.0,172,,102.70473410697373,108.97310741375765,217.9462148275153,37.284037153059025,19.409677383091058,60.8750456486744,26.42704264261204
-31.166175362318835,117.37085942028988,10541.0,10563.0,0.8913043478260655,19.60869565217344,22.0,174,,106.66230648376731,103.7412036128984,207.4824072257968,40.78021967356976,13.734326116981428,52.72585547578897,12.854228211655187
-31.20131319444444,117.4393,10883.0,10906.0,1.0843478260869366,24.939999999999543,23.0,176,,104.42040956372549,106.17709996116224,212.35419992232448,38.92883140320251,20.462733643441585,69.33572661299802,24.931077854123032
-31.201532051282054,117.43919102564102,10906.0,10931.0,1.6666666666666985,41.66666666666746,25.0,178,,105.11474706546429,116.17730268974265,232.3546053794853,36.798412496854176,19.56870201986582,66.58583423634072,24.81184546870853
-31.21201203703704,117.45226666666667,11044.0,11061.0,1.7017543859648754,28.92982456140288,17.0,180,,106.90013241370424,80.34239898442388,160.68479796884776,48.208215437042256,15.873110612447919,61.47872994669396,19.266842981369553
-31.211658730158724,117.45240873015874,11061.0,11081.0,1.551948051948015,31.038961038960302,20.0,182,,106.41356529651063,94.0902496053991,188.1804992107982,43.42921416424887,23.019572978872105,68.66952755699579,24.248062488807275
-31.211581249999995,117.45231666666666,11081.0,11104.0,3.2321739130434746,74.33999999999992,23.0,184,,102.3856332420815,104.1080920937879,208.2161841875758,38.378861982868735,21.55833637655597,64.13730377957567,26.585471379846933
-31.211626666666668,117.45210166666668,11104.0,11123.0,3.5939849624059557,68.28571428571315,19.0,186,,107.24224251527494,90.08181307965295,180.1636261593059,45.12009711782986,16.082680874736454,70.23161581497538,16.762069980420677
-31.21164347826088,117.45221811594205,11123.0,11145.0,1.9812252964426138,43.586956521737505,22.0,188,,109.68358873910412,106.67974364597592,213.35948729195184,41.57326873629332,13.673954730881364,56.53655710011691,16.081633828817473
-31.211635507246378,117.45270797101446,11145.0,11167.0,1.3715415019762742,30.173913043478034,22.0,190,,105.44767491857822,102.5598365051272,205.1196730102544,40.45594869443922,14.084726529590522,56.60791603198906,14.521339490653483
-31.211719696969695,117.45284848484849,11167.0,11188.0,1.6211180124223314,34.04347826086896,21.0,192,,105.37063975908193,97.82650601741085,195.6530120348217,41.755495787946636,17.520316353152367,61.95993264484187,20.3729601184084
-31.212066666666672,117.45223024691359,11188.0,11214.0,1.181318681318712,30.71428571428651,26.0,194,,107.21974198248155,123.24398618674678,246.48797237349356,36.266946397678105,22.945932508097133,78.52853795173681,20.087669135155885
-31.25957380952381,117.56966825396823,11691.0,11711.0,1.5883116883116495,31.76623376623299,20.0,196,,112.05408788590161,99.07756655941616,198.1551331188323,44.90805063303491,20.782990294385204,71.10156634653164,22.12567671780993
-31.25946875,117.56883541666666,11711.0,11734.0,2.4830434782608655,57.10999999999991,23.0,198,,117.9383118969657,119.92241731146193,239.84483462292386,42.374050458958195,20.345184888160578,80.10445955509111,23.950512655511428
-31.259338405797106,117.56851884057971,11734.0,11756.0,2.4041501976284345,52.89130434782556,22.0,200,,105.68901880665494,102.79457083873648,205.58914167747295,40.52063123752397,20.62907398404412,78.67528492659653,24.22879029684853
-31.25923472222222,117.56816111111112,11756.0,11779.0,2.0804347826086813,47.84999999999967,23.0,202,,108.01557651911156,109.83274930015605,219.6654986003121,39.88008451533999,19.425942301666645,67.20376536088843,23.1357771376875
-31.2589231884058,117.56776014492752,11779.0,11801.0,2.119565217391288,46.63043478260833,22.0,204,,110.53454384854174,107.50739410829777,215.01478821659555,41.793186356709775,21.507302645015308,72.29667898342393,26.622442750676576
-31.25843653846154,117.56703782051282,11801.0,11826.0,2.5729914529914857,64.32478632478714,25.0,206,,108.87532246137081,120.33365104480018,240.66730208960035,37.76904780553072,21.654030298397004,71.49718599231737,29.078607576778495
-31.257984126984134,117.56661587301585,11826.0,11846.0,2.490909090909058,49.81818181818116,20.0,208,,108.46739910299243,95.90623739757034,191.81247479514067,43.97629458625356,19.8749894422972,77.57161058218988,20.778386585614815
-31.258035333333332,117.56608733333333,11846.0,11870.0,1.4346153846154266,34.43076923077024,24.0,210,,105.44270837965304,111.87818834412664,223.75637668825328,38.01304725321454,22.77234474542761,73.47908204241776,30.781547169043048
-31.25860802469136,117.56592777777777,11870.0,11895.0,2.2134370777617787,55.335926944044466,25.0,212,,109.15017012158104,120.63742440396474,241.2748488079295,37.839009464471204,21.13647430672227,66.27613368432712,25.23029334307574
-31.2585768115942,117.56612173913042,11895.0,11918.0,2.654486692015261,61.053193916351006,23.0,214,,99.25791096911175,100.92775137481003,201.85550274962006,37.51689778207796,17.36387412964847,69.49167900233843,16.86761083772479
-31.2590625,117.56650357142856,11918.0,11945.0,1.7550629447181647,47.386699507390446,27.0,216,,104.24658044188254,124.4351893331438,248.8703786662876,34.48596671356755,17.133186419320314,68.18038280155316,16.607320991790296
-31.259748717948717,117.56542115384615,11945.0,11970.0,1.2591452991453378,31.478632478633443,25.0,218,,104.18202679428822,115.14642045585595,230.2928409117119,36.553778756254,19.996687433591873,69.68503694304371,20.085755879072234
-31.259857692307694,117.56553269230768,11970.0,11995.0,1.843760683760692,46.094017094017296,25.0,220,,104.36196672705469,115.34529774585182,230.69059549170365,36.60109453961421,20.377592648148767,83.07445014005815,25.481281624975455
-31.261058928571433,117.5654619047619,11995.0,12022.0,1.6305418719212097,44.02463054187266,27.0,222,,109.45416357115194,130.65128380753268,261.30256761506536,35.800467391982295,22.358753658215367,71.87553829993297,21.00590138119282
-31.349542424242426,117.75922196969695,12767.0,12788.0,0.6346696781479263,13.328063241106452,21.0,224,,107.03744472686022,99.37397414119775,198.7479482823955,42.20261326097558,22.25310037042631,69.98804526993084,23.757639234524767
-31.35011111111111,117.75927857142857,12788.0,12808.0,0.7181818181818029,14.363636363636058,20.0,226,,105.61653812489128,93.38552286016703,186.77104572033406,43.214206680989264,24.37181621221196,72.14953007246518,37.951487369422395
-31.350359090909095,117.7595696969697,12808.0,12829.0,1.0186335403726234,21.39130434782509,21.0,228,,101.26062751460128,94.01075488895987,188.02150977791973,40.62583762082008,22.724865432017815,65.43130080234027,30.70322643514906
-31.35033765432099,117.75922222222222,12829.0,12855.0,1.0616605616605517,27.603174603174345,26.0,230,,101.25841933915397,116.39172976526568,232.78345953053136,34.71781632093172,21.80836774625851,59.84093219480462,23.858218711054725
-31.351309677419355,117.75929516129034,12855.0,12885.0,1.246774193548388,37.403225806451644,30.0,232,,99.22771924384486,131.60485007827248,263.20970015654495,30.47529162922092,21.900875223887194,71.92743928500018,22.732963651466967
-31.336732539682533,117.82583015873017,13172.0,13192.0,1.3272727272727194,26.545454545454387,20.0,234,,99.15755215024873,87.67452538669156,175.3490507733831,41.41462205923365,18.47395164170117,67.0590935456581,22.726074624912172
-31.336490277777774,117.82514861111112,13192.0,13215.0,3.4991304347826038,80.47999999999989,23.0,236,,99.36386757758405,101.03549051753426,202.0709810350685,37.54642999205671,17.552722030091182,63.623286852739454,22.17217745903499
-31.33625303030303,117.82535909090907,13215.0,13236.0,-0.23828345567480588,-5.003952569170924,21.0,238,,87.04403399271733,80.81201494683292,161.62402989366583,36.40663510322121,27.128103380279807,111.53997200635682,29.340817468764545
-31.335790579710142,117.8242376811594,13236.0,13258.0,4.29545454545453,94.49999999999966,22.0,240,,101.49098351402732,98.7115048670392,197.4230097340784,39.377583402917715,14.984423623738978,56.529671411422925,16.24133162615783
-31.33553333333333,117.82335694444446,13258.0,13280.0,2.4250639386189397,53.35140664961667,22.0,242,,105.2795168783684,102.3962837181714,204.7925674363428,40.41080693380779,16.828310691600397,51.70611994777645,21.36362537286597
-31.335440909090913,117.82307575757577,13280.0,13301.0,3.0287972896668136,63.604743083003086,21.0,244,,105.9703135290648,98.38324544503358,196.76649089006716,41.91708074417314,21.303054658429687,67.13734223747421,25.048773513779146
-31.33499927536232,117.82256231884058,13301.0,13324.0,2.4298406374501305,55.886334661353004,23.0,246,,100.24176136845712,101.92815333295759,203.85630666591518,37.79021816162487,18.79760888627756,61.09781954240995,21.282722770083858
-31.3346275,117.82230416666668,13324.0,13343.0,2.360150375939794,44.84285714285608,19.0,248,,107.87372076629167,90.61224497325917,181.22448994651833,45.28828627029331,21.150702408802346,75.3666924796699,29.7497390700112
-31.334281410256413,117.8221923076923,13343.0,13368.0,2.6625641025641125,66.56410256410281,25.0,250,,100.54444913528634,111.1260144467532,222.2520288935064,35.584769900483046,20.06512804106042,57.74093638962364,24.162225927166904
-31.33442101449275,117.82233260869567,13368.0,13390.0,2.282608695652131,50.21739130434689,22.0,252,,106.38388978012858,103.47041175686618,206.94082351373237,40.7061684768991,23.675478768375633,74.9664280582742,33.8278339969609
-31.334437301587304,117.8223142857143,13390.0,13409.0,2.516110716820429,47.80610361958815,19.0,254,,114.47153184695753,96.15430349948545,192.3086069989709,46.98737344738517,16.349162401168872,62.46716390819626,18.771192822146887
-31.333904761904765,117.82182301587302,13409.0,13430.0,2.8180089872105625,59.17818873142181,21.0,256,,93.68333246185055,86.97596510531213,173.95193021062425,38.438711038878424,19.783057838278925,70.39034066200578,22.26576754576632
-31.333739333333334,117.82133533333334,13430.0,13454.0,1.8192307692308012,43.66153846153923,24.0,258,,99.8366569534839,105.92998303944539,211.85996607889078,36.50493780068556,23.57641824837477,75.8685036710586,33.02309144587769
-31.33354567901234,117.82086604938273,13454.0,13480.0,2.040293040293088,53.04761904762029,26.0,260,,98.30010645809281,112.99129002246957,225.98258004493914,33.92674039068648,21.52259707272152,70.09322362340345,26.857464921418632
-31.33357150537634,117.82067096774193,13480.0,13510.0,2.1657258064516176,64.97177419354853,30.0,262,,96.90626935648056,128.5259315389879,257.0518630779758,29.885856017969388,15.239013444352741,63.31246613406275,17.450398945025594
-31.333164102564105,117.81737115384614,13578.0,13603.0,0.9733333333333752,24.33333333333438,25.0,264,,102.9906392128987,113.82964807588066,227.6592961517613,36.23903399967218,19.42238998743991,67.65505395354134,27.604960567568423
-31.33250707070707,117.81711464646465,13603.0,13635.0,0.7449866310160072,23.83957219251223,32.0,266,,95.92397597801133,135.70466611492205,271.4093322298441,28.071765249061368,13.199481448680642,51.84637851614891,14.480462921402157
-31.402193055555557,117.93790972222223,14125.0,14148.0,2.393043478260867,55.03999999999994,23.0,268,,105.04306475719734,106.81023023708069,213.62046047416138,39.09544330435061,19.069240739850553,65.88601259647217,21.795449649142718
-31.402455833333327,117.93709249999999,14148.0,14167.0,1.7661654135337799,33.55714285714182,19.0,270,,106.76222539168629,89.67860617360577,179.35721234721154,44.9915814547616,14.737793083317776,55.638673062804656,15.325285218746963
-31.40252638888889,117.93667708333332,14167.0,14190.0,1.5830434782608531,36.40999999999962,23.0,272,,104.2214011791807,105.97474360930342,211.94948721860683,38.875414454011576,18.984424199727012,63.93733433247396,26.153007708200516
-31.402211805555556,117.93634583333335,14190.0,14213.0,1.3239130434782644,30.45000000000008,23.0,274,,105.09738293417843,106.86546222219857,213.73092444439715,39.109940718761756,16.354792429045634,61.53237936411556,17.90785248592098
-31.402157142857146,117.93545158730161,14213.0,14233.0,2.3987012987012384,47.97402597402477,20.0,276,,107.5055803497151,95.05580290344494,190.11160580688988,43.721337460452794,15.276075867491276,59.68515278789914,16.510918873682627
-31.402331060606056,117.93515151515152,14233.0,14254.0,1.2151326933935025,25.517786561263552,21.0,278,,105.16063836348282,97.63153991644371,195.26307983288743,41.69871677282328,15.295775716275124,56.679139478969574,17.01240015471614
-31.402363043478264,117.93528695652175,14254.0,14276.0,1.23616600790508,27.19565217391176,22.0,280,,110.60084911367099,107.57188350700983,215.14376701401966,41.81025898160858,18.675763842702075,61.10044463211162,22.718401961066995
-31.40250757575758,117.93532878787879,14276.0,14297.0,0.6888763410502449,14.466403162055142,21.0,282,,108.68011921587043,100.89903943596318,201.79807887192635,42.637152556349136,23.307362179492984,78.94380984411056,26.39063837141962
-31.402544444444445,117.93505694444445,14297.0,14320.0,0.33739130434782505,7.759999999999976,23.0,284,,98.29858185424905,99.95228322878376,199.9045664575675,37.24844752628536,19.73651935200518,74.80792086496378,20.086545918954833
-31.468589333333334,118.02023466666668,14697.0,14721.0,1.2346153846153876,29.630769230769303,24.0,286,,103.70580828499547,110.03528010598308,220.07056021196615,37.55224282680176,21.238812895056277,66.57830487653494,28.12787787328302
-31.469279487179485,118.02017884615384,14721.0,14746.0,0.5688888888889164,14.22222222222291,25.0,288,,105.84344440095772,116.98269007142092,233.96538014284184,36.988454393597664,23.534468000031527,73.78300351972291,32.05628729687405
-31.469976190476192,118.020826984127,14746.0,14766.0,0.9571428571428177,19.142857142856354,20.0,290,,106.75508915715088,94.39222299764756,188.78444599529513,43.520879459371834,23.479695966412013,89.15048674948054,28.966185823332456
-31.470310000000005,118.02031933333333,14766.0,14790.0,1.3030769230769301,31.27384615384632,24.0,292,,103.86097460192025,110.1999166815827,220.3998333631654,37.59364287382457,13.148129897153078,50.147547398612275,17.788179090269274
-31.470544230769228,118.0201544871795,14790.0,14815.0,1.206837606837619,30.170940170940476,25.0,294,,100.7432165566523,111.34570068033669,222.69140136067338,35.63833715914338,17.9914588050828,71.17187605009723,23.27078842166381
-31.472360869565215,118.0205268115942,14848.0,14870.0,2.4407114624505524,53.69565217391215,22.0,296,,100.44682860806932,97.69594566648057,195.39189133296114,39.08730798680279,16.134914900768763,62.67423088750598,18.313174341248118
-31.47248717948718,118.01966858974359,14870.0,14895.0,2.062222222222247,51.555555555556175,25.0,298,,105.90760994796494,117.05360857129867,234.10721714259734,37.00514325379859,17.024302610545416,64.93020344060426,19.703670942348975
-31.472578645833334,118.01937083333333,14895.0,14926.0,3.1050219941349493,96.25568181818343,31.0,300,,93.94235769011696,128.74808565410007,257.49617130820013,28.331244646906416,14.854300481349991,63.94286004100201,15.106303786204137
-31.53870888888889,118.0696311111111,15301.0,15330.0,0.8880978865405883,25.75483870967706,29.0,302,,101.15647713563364,129.69084652640365,259.3816930528073,31.82328229658426,18.71273975687862,59.23018170699017,20.961315986951522
-31.539080666666667,118.06861666666667,15330.0,15354.0,0.09999999999996102,2.3999999999990647,24.0,304,,99.63156275137244,105.71237133234189,211.42474266468378,36.448614137202505,21.697654851414978,76.51665942539526,24.23189657757766
-31.53984555555555,118.06818999999999,15354.0,15383.0,0.5179087875417054,15.019354838709457,29.0,306,,106.13424627252779,136.07275217848766,272.1455043569753,33.06924968597704,18.423466347965064,63.2315614381487,17.963260133734632
-31.540977564102565,118.06646346153845,15383.0,15408.0,0.7254700854701308,18.13675213675327,25.0,308,,107.00805557041686,118.26986801863936,236.53973603727871,37.290220637431105,21.33647055333357,67.68589028063924,18.2435128308761
-31.541825362318836,118.06571956521739,15408.0,15430.0,0.6887351778655799,15.152173913042759,22.0,310,,108.42500430830914,105.45562738594552,210.91125477189104,41.24523828046781,19.466435686663175,64.74948232903826,25.158523104533465
-31.54237115384615,118.06529807692307,15430.0,15455.0,0.6297435897436399,15.743589743590997,25.0,312,,106.52428187508805,117.73518069260177,235.47036138520355,37.16516071472776,17.027290549836614,60.901492284912514,22.00484832168857
-31.589756060606057,118.10607954545456,15667.0,15688.0,2.132693393562908,44.786561264821074,21.0,314,,115.31240277102756,107.05647692140685,214.1129538428137,44.33151921298624,18.98105822089449,63.422285733025774,24.148695623008297
-31.589751999999997,118.10568333333333,15688.0,15712.0,2.708461538461584,65.00307692307801,24.0,316,,111.54470423444538,118.352607030903,236.705214061806,39.58689742173924,16.62280868235303,62.09428883694401,18.23920706999944
-31.589584848484847,118.10541136363636,15712.0,15733.0,2.4110671936758568,50.63241106719299,21.0,318,,109.1959480099004,101.37793686639068,202.75587373278137,42.77236719621548,17.191348379995105,60.55533104627523,16.221320818986257
-31.589178787878783,118.10478484848485,15733.0,15754.0,2.739695087521162,57.5335968379444,21.0,320,,113.6731466167475,105.53458522171321,211.06917044342643,43.92153872640494,16.943904095562207,72.92153456592112,21.018481938624383
-31.58945064102564,118.10429294871794,15754.0,15779.0,1.8758974358974507,46.89743589743627,25.0,322,,106.86332688189181,118.10990769790347,236.21981539580693,37.252850427595384,17.475732882389867,62.84691106329116,20.7446409879763
-31.589661904761904,118.10362261904763,15779.0,15806.0,1.3653530377668224,36.86453201970421,27.0,324,,104.99921139122979,125.333576352488,250.667152704976,34.67857600577927,14.58211582263585,69.20637459516325,18.52256988084708
-31.59508148148148,118.10649135802467,15878.0,15904.0,0.831501831501825,21.61904761904745,26.0,326,,111.18416826931663,127.80090536505358,255.60181073010716,37.26435169622466,22.757967221616934,76.3880219382841,21.23281776465278
-31.595218589743588,118.10636153846154,15904.0,15929.0,3.1025641025641613,77.56410256410403,25.0,328,,108.15077872404999,119.53285439701624,239.06570879403247,37.58398123080998,17.8346250906601,62.2734304197685,24.453514397694402
-31.595133333333337,118.10567656250001,15929.0,15960.0,1.8678519061583831,57.903409090909875,31.0,330,,105.48694591285023,144.5699541901731,289.1399083803462,31.190886100675616,16.977957955213846,62.65087495431623,14.69701895986169
-31.596081249999997,118.10538055555556,15960.0,15983.0,0.8473913043477843,19.48999999999904,23.0,332,,110.00143244351663,111.85201377033938,223.70402754067877,40.39448233001169,18.348054536616598,75.50406964712434,15.324551709358259
-31.59628260869566,118.10458550724637,15983.0,16005.0,1.9594861660078948,43.10869565217369,22.0,334,,112.74191326702085,109.6543114949584,219.3086229899168,42.356686421055194,22.65311338973299,89.32658238100161,23.37847415123802
-31.595966129032263,118.10345322580645,16005.0,16035.0,1.7161290322580753,51.48387096774226,30.0,336,,109.67738760598924,145.4641531908247,290.9283063816494,33.04140321177351,17.13726707056999,64.73821567082759,20.612175458522692
-31.67290733333333,118.18267666666667,16415.0,16439.0,1.3700000000000074,32.88000000000018,24.0,338,,110.01984950763358,116.73468591577542,233.46937183155083,39.20009984359309,17.26799518353214,66.70667783600918,23.48142745813415
-31.673363768115944,118.18185144927538,16439.0,16461.0,0.6758893280632265,14.869565217390985,22.0,340,,107.14313687384335,104.208865761267,208.417731522534,40.90771959365977,20.533201632341285,71.61101026183745,21.182769231286237
-31.673723717948715,118.18099807692307,16461.0,16486.0,2.0058119658119726,50.14529914529932,25.0,342,,106.81677936012157,118.05846139110895,236.1169227822179,37.24082356569691,18.74288845583208,62.93338623057836,18.743018583799017
-31.67377115384615,118.18125256410256,16486.0,16511.0,1.1675213675213536,29.18803418803384,25.0,344,,106.46723579268185,117.67213092872,235.34426185744,37.15038642844729,19.477660475369873,70.43148524774884,26.42816043361488
-31.68022463768116,118.18760652173913,16569.0,16591.0,1.3083003952569114,28.78260869565205,22.0,346,,112.59676674107835,109.51314001838062,219.02628003676125,42.31993988811578,16.397605272151964,61.774585350006674,19.850361178630457
-31.68028863636364,118.18727803030302,16591.0,16612.0,1.7380011293054611,36.49802371541468,21.0,348,,106.16088948787818,98.56017689599807,197.12035379199614,41.96826169777812,17.693056075624202,59.723886369379976,21.44968162812515
-31.68059772727273,118.18688106060604,16612.0,16633.0,1.8808582721625897,39.498023715414384,21.0,350,,107.71780333881084,100.00562168550574,200.0112433710115,42.38332054452194,17.77264797807545,59.14912227922198,20.9914459110748
-31.684778205128207,118.19089423076922,16677.0,16702.0,0.7302564102564113,18.256410256410284,25.0,352,,107.24241517353595,118.52889224987169,237.05778449974338,37.350655692073275,17.301068917228605,57.796332683758635,21.115271260970633
-31.82717777777778,118.27699523809525,17321.0,17341.0,1.2064935064934785,24.12987012986957,20.0,354,,100.08332067050156,88.49308447645326,176.98616895290652,41.678914853344814,18.49318467324046,60.56659687885442,20.831096606340562
-31.827768115942035,118.27656159420292,17341.0,17363.0,1.1956521739130184,26.304347826086403,22.0,356,,99.39727858639951,96.67513910332471,193.35027820664942,38.793105006162556,17.43348057286807,60.8230313800757,20.345817253610388
-31.828314743589747,118.27637948717948,17363.0,17388.0,1.0512820512820589,26.282051282051473,25.0,358,,99.60991960901285,110.09313254694936,220.18626509389873,35.33195410728104,24.14933593078853,71.5590858761809,33.67703347662263
-31.828791333333335,118.27606866666667,17388.0,17412.0,0.6992307692307804,16.78153846153873,24.0,360,,100.0123531119895,106.11640245350154,212.23280490700307,36.553122990052856,16.193585123713333,66.49542643925118,21.243136462527616
-31.830139393939398,118.27625808080808,17412.0,17444.0,0.2820855614973053,9.02673796791377,32.0,362,,98.65688972715007,139.57094817909302,279.14189635818605,28.745278415160467,15.174867644902946,62.513102225230405,15.189537995922143
-31.87541333333333,118.17326266666667,17859.0,17883.0,0.994615384615372,23.87076923076893,24.0,364,,95.37096354952196,101.19173517562263,202.38347035124525,35.25992983976008,17.74990443648853,71.72674213940803,20.891430867060734
-31.87551222222222,118.17328111111111,17883.0,17912.0,1.1853170189099114,34.37419354838743,29.0,366,,94.93083226023538,121.70906249313242,243.41812498626484,30.21630853686171,16.159869706135108,65.13024110662232,17.97208042753548
-31.875184848484853,118.17311818181817,17912.0,17933.0,1.1038961038960635,23.181818181817334,21.0,368,,100.55642184067335,93.35696764086576,186.71393528173152,40.42834542589702,19.658383742130923,70.34074070733811,24.97816369643148
-31.875610493827157,118.17288333333333,17933.0,17959.0,1.0597773373255441,27.55421077046415,26.0,370,,96.06664017586469,110.42402691825073,220.84805383650146,33.31958188912968,17.744812415230033,62.94857162604413,24.49823433457543
-31.875758928571425,118.17260595238095,17959.0,17986.0,0.6450465243568932,17.416256157636116,27.0,372,,97.45820455674063,116.3321625004976,232.6643250009952,32.7081389777618,15.716153811634008,49.40873800162833,20.900447422751373
-31.876011805555553,118.17203958333334,17986.0,18009.0,0.5191304347826011,11.939999999999825,23.0,374,,95.4852301118899,97.09160177366958,194.18320354733916,36.45004294440701,20.427832063172993,74.95967576820004,24.28892349541072
-31.876071111111113,118.171525,18009.0,18038.0,0.47208008898773995,13.690322580644459,29.0,376,,97.1238521796248,124.52069273025037,249.04138546050075,30.788560430927475,20.137982085938607,59.3410700922752,22.242808522892876
-31.876846794871803,118.17123397435897,18038.0,18062.0,0.5942498255408127,14.261995812979507,24.0,378,,102.13239080413909,108.36583230847982,216.73166461695965,37.12983159643627,18.09779651099194,65.7756570623263,25.69061450182812
-31.877064102564102,118.17138397435897,18062.0,18088.0,0.5462322183775542,14.20203767781641,26.0,380,,97.3706296489996,111.92290070439508,223.84580140879015,33.67510540973268,17.536323881934642,57.94042087248357,23.58574524728304
-31.87793888888889,118.17251111111112,18088.0,18111.0,0.7056521739130229,16.229999999999528,23.0,382,,96.94656397278749,98.57752001583529,197.15504003167058,36.866837926269,21.98846921103677,72.49605715120902,23.72739040225257
-31.878085999999993,118.17313933333332,18111.0,18135.0,0.7123076923077015,17.095384615384837,24.0,384,,93.76314942475075,99.48579140542057,198.97158281084114,34.80205186370325,20.166787457288144,61.79872436302706,29.56857054779824
-31.878038461538463,118.17323076923077,18135.0,18160.0,1.1206837606837992,28.01709401709498,25.0,386,,90.36061632131609,99.87040797477535,199.7408159495507,32.74321194441396,15.46851543997386,58.572190737285105,18.740963073773102
-31.878109333333338,118.17300466666666,18160.0,18184.0,0.7753846153845968,18.609230769230322,24.0,388,,92.51027267474295,98.15644788642958,196.31289577285915,34.44168953420032,13.820076530794356,54.34945183114484,17.235892518297874
-31.88284710144928,118.11034782608695,18439.0,18461.0,1.7213438735177697,37.869565217390935,22.0,390,,97.09882739394061,94.43963434994235,188.8792686998847,38.14024456177582,18.271530686391696,64.45633064249625,21.436108896971852
-31.883339393939398,118.11048106060608,18461.0,18482.0,2.088650479954795,43.861660079050694,21.0,392,,92.45571736111948,85.83624253825442,171.67248507650885,38.071259566621606,23.720812608871896,72.35720686430692,32.92087123971438
-31.883658333333333,118.11015763888891,18482.0,18505.0,1.1060869565217368,25.439999999999948,23.0,394,,89.65046002105159,91.15867190130339,182.31734380260679,34.74047915689643,14.858476486933728,53.23177703790511,17.85143395232627
-31.88409733333333,118.10985199999999,18505.0,18529.0,2.2899999999999894,54.959999999999745,24.0,396,,92.90627496156408,98.57661936258475,197.1532387251695,34.55592920217875,21.20946905252948,66.71277054345938,32.136504837741974
-31.884384848484846,118.10958484848483,18529.0,18550.0,1.1744776962168229,24.66403162055328,21.0,398,,97.8597806523701,90.85339562082771,181.70679124165542,39.66124488400119,19.82299417657304,66.67691719500306,23.379545685309044
-31.88493055555556,118.10900277777777,18550.0,18573.0,1.8565217391304412,42.700000000000145,23.0,400,,95.88490285154768,97.49799830675823,194.99599661351647,36.564484369171296,17.59541330265914,58.99718770949316,23.412395367203928
-31.885387333333334,118.10853066666667,18573.0,18597.0,1.2230769230769316,29.35384615384636,24.0,402,,95.69919818507515,101.540002940571,203.080005881142,35.35277568729535,21.5766740960546,66.0420635402169,30.55087624729269
-31.885935802469138,118.10813580246914,18597.0,18623.0,0.7240537240537284,18.825396825396936,26.0,404,,96.67873631501715,111.12760227409323,222.25520454818647,33.48682922531334,19.823695681968047,61.115600489124475,25.61418759551261
-31.886176388888885,118.10772361111111,18623.0,18646.0,1.018260869565195,23.419999999999483,23.0,406,,99.78415863451735,101.46285223495366,202.92570446990732,37.66334325741611,19.534122361237138,67.66883322476866,24.15044832372762
-31.88635066666666,118.10779066666667,18646.0,18670.0,1.2553846153846084,30.129230769230603,24.0,408,,102.00248576986338,108.2279987862298,216.4559975724596,37.09474368058041,21.23487758754247,67.22238399325136,31.280155948760292
-31.886693333333337,118.10722999999999,18670.0,18694.0,0.6192307692307493,14.861538461537982,24.0,410,,96.63841330615418,102.5365411348802,205.0730822697604,35.61727031339909,18.375041629588356,61.61151763839083,26.039996224438365
-31.886848550724643,118.10679492753621,18694.0,18716.0,1.0859683794466122,23.891304347825468,22.0,412,,99.78758795860597,97.05475928395765,194.1095185679153,38.902799187234585,23.818865865338967,71.29558290887513,37.234295652123606
-31.88721149425287,118.10620229885059,18716.0,18744.0,0.8561576354679802,23.972413793103446,28.0,414,,96.82900277274378,119.8618899795412,239.7237799590824,31.60215285582328,17.649477495741277,72.83686890815217,20.116840355428494
-31.887689333333334,118.10559666666666,18744.0,18768.0,1.0200000000000207,24.480000000000494,24.0,416,,101.9215936721135,108.14216960480337,216.28433920960674,37.07287794048691,15.115008733173518,56.87401573722826,18.938016497826023
-31.887395679012347,118.10628024691358,18768.0,18794.0,0.9120879120879176,23.714285714285857,26.0,418,,93.09805915824514,107.01178444158519,214.02356888317038,32.499300967866745,24.798237163058953,95.07747125093128,25.53434316232017
-31.886839102564107,118.10650833333332,18794.0,18818.0,1.4839357990230289,35.61445917655269,24.0,420,,103.25036493515634,109.55203970314822,219.10407940629645,37.430459575533064,24.71663099046401,93.67095581541345,34.23199256361464
-31.887831481481484,118.10638271604938,18818.0,18844.0,1.6892551892551877,43.92063492063488,26.0,422,,100.28099475552774,115.26822676427264,230.53645352854528,34.45809439556027,17.081256869194743,58.12005229593504,20.517085085242474
-31.888309770114944,118.10585747126436,18844.0,18873.0,1.2311338134315866,35.70288058951601,29.0,424,,95.27672255168714,122.1525220319961,244.3050440639922,30.307013315387973,17.946253077061574,67.18235377817417,19.069380899507113
-31.888475287356325,118.10647816091954,18873.0,18901.0,1.6162561576354453,45.255172413792465,28.0,426,,104.46893957649975,129.3191521468659,258.6383042937318,33.57622318478454,19.022060145242712,64.77168306842125,20.797849193283106
-31.888609722222224,118.10577916666666,18901.0,18924.0,1.2065217391304373,27.750000000000057,23.0,428,,104.33183416978156,106.08703444144079,212.17406888288158,38.905066313645115,20.33353868405042,65.79871015533979,25.509415025990403
-31.88884074074074,118.10558641975307,18924.0,18949.0,1.4035087719298238,35.087719298245595,25.0,430,,105.55319458190466,116.6618935892416,233.3237871784832,36.912871570292126,17.235746289260707,58.30289094278239,21.069958358832633
-31.889179032258067,118.10562043010754,18949.0,18980.0,0.8452116076500716,26.20155983715222,31.0,432,,102.53797351406591,140.52838486696456,281.0567697339291,30.475942210258122,20.180259363016958,67.732163110711,22.65068066195604
-31.889740123456797,118.10613395061728,18980.0,19006.0,1.099511599511606,28.587301587301756,26.0,434,,103.8129954228255,119.32809329074821,238.65618658149643,35.3889760113432,14.998131187280507,56.12723154371964,19.386457381220186
-31.890535416666665,118.10588819444443,19006.0,19029.0,0.5347826086956401,12.299999999999722,23.0,436,,102.31760479250624,104.03891918476624,208.0778383695325,38.36032874552213,16.057415670135438,56.34521604952028,18.37491420897809
-31.890823809523813,118.10517142857142,19029.0,19056.0,1.0432402846195914,28.167487684728968,27.0,438,,101.71763307503777,121.41648077624944,242.8329615524989,33.8322153873329,14.924087896175978,52.94282207937538,19.053016065651732
-31.890378494623654,118.09909086021506,19173.0,19203.0,1.5169354838709819,45.50806451612946,30.0,440,,106.66651569775479,141.47086029739103,282.94172059478205,32.3166124188712,17.1976519989821,66.56162896039741,20.05979482406083
-31.89073271604938,118.0988611111111,19203.0,19229.0,1.2271062271062432,31.904761904762324,26.0,442,,109.55481573206967,125.92804223480454,251.85608446960907,36.857563952770136,17.99539103259993,53.91176767284101,23.342270381456455
-31.891478282828288,118.09893636363637,19229.0,19261.0,0.9812834224598451,31.401069518715044,32.0,444,,105.31097983961754,148.98456002956505,297.9691200591301,30.34926849843631,18.94483406841433,63.06161660085388,19.54996900629776
-31.89219358974359,118.098275,19261.0,19286.0,1.4765811965811901,36.91452991452975,25.0,446,,100.4645663266353,111.03772455880268,222.07544911760536,35.56322149547898,13.945249062488257,57.25816690462018,17.961165662594777
-31.892597333333335,118.09824133333333,19286.0,19310.0,1.5453846153845916,37.0892307692302,24.0,448,,107.9132140647203,114.49947628889386,228.99895257778772,38.658634365332965,21.15973556743697,65.44189443086364,26.126215377425588
-31.892972988505743,118.09839540229886,19310.0,19338.0,1.9241379310344935,53.875862068965816,28.0,450,,109.38994433728807,135.41072506754085,270.8214501350817,34.80195449654191,19.01126979389335,65.11152732637835,25.306551105468387
-31.893308024691365,118.09824691358025,19338.0,19364.0,1.228327228327291,31.936507936509567,26.0,452,,109.37988637391274,125.72696927005266,251.45393854010533,36.81363103910071,22.886802275892297,75.6009249318549,34.517187594961776
-31.89368218390804,118.09810287356323,19364.0,19392.0,2.367487684729062,66.28965517241373,28.0,454,,102.40430625930013,126.76340082827504,253.52680165655008,33.0513140173302,16.372476032996264,59.07750225282702,21.04656875435294
-31.893801234567903,118.09814753086418,19392.0,19418.0,1.9737484737485151,51.317460317461396,26.0,456,,104.17759180343653,119.74717946335909,239.49435892671818,35.483867770736715,22.479066578640346,69.3989056641217,33.241555628825054
-31.894157142857146,118.09869880952381,19418.0,19445.0,1.7364532019704806,46.88423645320297,27.0,458,,102.52438441444565,122.37946925259524,244.75893850519049,34.041866525681115,19.3311805033294,61.38906402430292,27.84015767144576
-31.894284567901234,118.09895740740741,19445.0,19471.0,1.2478632478633076,32.444444444446,26.0,460,,103.27416899434509,118.70873797725059,237.41747595450119,35.24832836345505,19.04180145032277,72.57642437908389,22.45005508447974
-31.894437654320992,118.0989012345679,19471.0,19497.0,1.4609279609279981,37.984126984127954,26.0,462,,109.21524619861775,125.53772323089362,251.07544646178724,36.77223610165702,19.87726973016427,61.16762472550624,27.3226995488761
-31.89434827586207,118.0991321839081,19497.0,19525.0,1.1788177339901502,33.0068965517242,28.0,464,,108.77090525173413,134.64443405306199,269.28886810612397,34.64971936333962,16.346708213511622,64.03225115757569,19.901373642546517
-31.894246428571424,118.0997482142857,19525.0,19552.0,0.666940339354171,18.007389162562617,27.0,466,,103.94456405057772,124.07468382136175,248.1493676427235,34.408425135427336,17.27825917243059,56.92862978770749,23.07774810989307
-31.89560053763441,118.09662473118277,19588.0,19618.0,1.6483870967741743,49.451612903225225,30.0,468,,99.76862435847534,132.32224776774856,264.64449553549713,30.611618919330727,12.87509348215512,58.91249448209311,14.842906508530605
-31.895951190476186,118.09692738095237,19618.0,19645.0,1.365900383141762,36.87931034482757,27.0,470,,98.18144993931077,117.19547308328082,234.39094616656163,32.90104747588857,10.303915495817238,44.57337021237653,11.581640690677489
-31.896079166666667,118.096840625,19645.0,19676.0,0.8082844574780217,25.056818181818674,31.0,472,,105.27680497603842,144.281955847388,288.563911694776,31.14029224031592,18.414164905762124,62.03056065070029,27.006371905016987
-31.89720448717949,118.09765769230769,19710.0,19735.0,0.8540170940171177,21.350427350427942,25.0,474,,102.46901454097498,113.25312623577408,226.50625247154815,36.100425910532984,20.94738864165986,69.04701307086479,29.51170278952553
-31.907,118.08212654320988,19821.0,19847.0,1.3076923076923477,34.00000000000104,26.0,476,,105.21701637864021,120.94194850141085,241.8838970028217,35.75316772670741,20.710152439652397,62.66269385561546,25.96645391267249
-31.90671746031746,118.0822388888889,19847.0,19867.0,2.3090909090909024,46.181818181818045,20.0,478,,116.11376596825242,102.66711008257148,205.33422016514297,45.92743157506585,9.941507410428647,38.25343720916577,12.806370813600163
-31.90754523809524,118.08191190476191,19867.0,19887.0,0.6558441558441972,13.116883116883944,20.0,480,,110.8310787540203,97.99618906616372,195.99237813232745,44.59366917655611,13.714906954282975,64.30692307753539,13.427848868320183
-31.977059259259256,117.88377654320988,20563.0,20589.0,-0.10989010989010012,-2.857142857142603,26.0,482,,108.39177720430298,124.59118484641284,249.1823696928257,36.564521775131254,17.932053099563788,62.08151014345389,20.635580340229918
-31.98967,117.84262944444444,20765.0,20794.0,1.1744160177975573,34.058064516129164,29.0,484,,102.99968543732284,132.05398976487413,264.10797952974826,32.288667279155995,22.942172179043066,73.61122626873528,25.835018724906202
-31.990325000000002,117.84139305555556,20794.0,20817.0,1.0200000000000016,23.460000000000036,23.0,486,,97.34602042494686,98.98369662276741,197.96739324553482,36.97998495590527,16.820012111980837,70.24887643802423,19.670345260152345
-31.990484523809524,117.84180892857144,20817.0,20844.0,0.4688013136288679,12.657635467979434,27.0,488,,101.86937326689383,121.59760728824648,243.19521457649296,33.87172708410168,14.554960252989627,57.93335866682845,17.828672467371167
-31.990661458333335,117.84160416666666,20844.0,20875.0,0.7575146627566322,23.4829545454556,31.0,490,,97.49253209795864,133.6136028711103,267.2272057422206,29.228020721946088,14.48937372640465,64.21495214108663,16.37737188510481
-31.99287380952381,117.83639880952383,20924.0,20951.0,0.6483305966064324,17.504926108373677,27.0,492,,101.65779105140129,121.3450496222517,242.6900992445034,33.816623044557204,18.839106952270384,63.63844548085522,27.09545355172596
-32.017700537634404,117.76463548387098,21204.0,21234.0,0.6951612903225782,20.854838709677345,30.0,494,,97.32867194771852,129.08616037540745,258.1723207508149,29.993632515587915,19.488070896921425,65.3753498009821,16.3004616069511
-32.01865689655172,117.76372988505746,21234.0,21262.0,0.619211822660081,17.337931034482267,28.0,496,,100.6611406702603,124.6055853384265,249.211170676853,32.603204224548215,17.348235712447245,69.34755046531203,19.043675652266785
-32.0192106060606,117.7621,21262.0,21294.0,1.2028743315507566,38.49197860962421,32.0,498,,96.95209522814802,137.1591573215637,274.3183146431274,28.326145043458304,20.066246190668103,75.69601200303124,13.280900497068941
-32.020263888888884,117.76065694444445,21294.0,21317.0,1.3743478260869118,31.60999999999897,23.0,500,,102.60003988791591,104.32610575569758,208.65221151139517,38.437211484931765,17.36808130288418,66.14676740274929,20.942252849689837
-32.02072533333333,117.76067,21317.0,21341.0,0.8107692307692299,19.458461538461517,24.0,502,,107.22818719773842,113.77264020868773,227.54528041737547,38.48077633314555,16.791422307530894,59.92267959394409,20.7102328498329
-32.02076206896552,117.76038850574713,21341.0,21369.0,0.7783251231527064,21.79310344827578,28.0,504,,109.50859231403972,135.5575960496688,271.1151920993376,34.83106859920332,20.804218073109322,68.74727297072947,26.390352958524925
-32.02079166666667,117.76121025641025,21404.0,21429.0,0.6752136752136717,16.880341880341792,25.0,506,,108.09936621983928,119.47603110408662,238.95206220817323,37.570814090617866,16.17940496251485,59.55931087716064,19.25647886785305
-32.020944166666666,117.76159166666665,21429.0,21448.0,1.0052631578947164,19.09999999999961,19.0,508,,105.90438491455474,88.95803353636241,177.91606707272481,44.76046707433486,14.246000260042216,55.15348684403434,16.357641680364306
-32.021199242424245,117.76172424242424,21448.0,21469.0,0.6719367588932752,14.110671936758779,21.0,510,,110.80815081102827,102.87471212927626,205.74942425855252,43.19119623817588,23.984620681980758,77.67838527835514,30.84709752034405
-32.02156388888889,117.76185555555554,21469.0,21492.0,0.47956521739127767,11.029999999999387,23.0,512,,109.42912355277059,111.2700767854598,222.5401535709196,40.247034855663564,20.875773057708198,73.17930585410997,26.768306361286683
-32.022291025641024,117.76189166666667,21492.0,21517.0,0.6533333333333452,16.33333333333363,25.0,514,,111.16182453589431,122.86079068056605,245.7215813611321,38.34704824930462,19.111947985357894,68.66670825824899,18.288741099079758
-32.023901282051284,117.7585025641026,21551.0,21576.0,0.47589743589749534,11.897435897437383,25.0,516,,102.69302911065036,113.50071669472158,227.00143338944315,36.160011981396124,19.312329401427142,69.66947790864913,23.037601028038477
-32.04191666666667,117.71611494252875,21909.0,21937.0,1.3857142857142712,38.79999999999959,28.0,518,,97.47958594526703,120.66722852909274,241.33445705818548,31.77364911483138,14.265641051991008,56.15896012984036,16.165504386225297
-32.04270833333333,117.71628910256412,21937.0,21962.0,0.8372649572649646,20.931623931624117,25.0,520,,101.84948703875321,112.56839801105207,225.13679602210414,35.93516504683022,18.6984028696795,59.61130569668049,26.139730446293413
-32.04294404761905,117.71671547619049,21962.0,21989.0,0.6209633278598898,16.766009852217024,27.0,522,,98.71958856148544,117.83782874668903,235.67565749337805,33.04404016897328,18.634965567571573,61.019254793493246,20.738098621274055
-32.043365972222226,117.7168611111111,21989.0,22012.0,0.9613043478260535,22.10999999999923,23.0,524,,101.5663951422956,103.27507174866201,206.55014349732403,38.15504193609668,12.386839045123903,42.623529980951545,14.492811902583691
-32.04382345679012,117.71726913580248,22012.0,22038.0,0.6514041514041702,16.936507936508423,26.0,526,,100.09486895440678,115.05428402165629,230.10856804331257,34.40845277563664,16.252585655072384,53.84379646026386,21.196305007591555
-32.0445238095238,117.71708095238094,22038.0,22065.0,1.3869731800766414,37.448275862069316,27.0,528,,100.50241152696687,119.96591690379493,239.93183380758987,33.51446341045173,15.65187335783121,55.941488455760826,20.291715316427435
-32.04495333333334,117.71701555555555,22065.0,22094.0,0.793770856507192,23.01935483870857,29.0,530,,98.75457786615196,126.61141594172092,253.22283188344184,31.209722107382003,13.86224041203481,51.14629577953376,14.314104329755605
-32.04580178571428,117.71693452380951,22094.0,22121.0,1.1923918992884783,32.19458128078892,27.0,532,,98.55690070289465,117.64363442012083,235.28726884024167,33.000860031916346,16.634319022410153,62.55599581871978,18.77113735737591
-32.06308273809524,117.67541190476189,22305.0,22332.0,1.624794745484399,43.86945812807877,27.0,534,,100.83210272192593,120.35945677908201,240.71891355816402,33.60090209382657,14.40806348031785,47.40808243828078,14.742976454812746
-32.063602,117.67483,22332.0,22356.0,0.9653846153846383,23.16923076923132,24.0,536,,105.8624367766958,112.32353400509594,224.64706801019187,38.123542126251415,19.494414294970195,74.18161586007983,26.487637095219952
-32.06329492753623,117.67437898550725,22356.0,22378.0,0.8715415019762296,19.17391304347705,22.0,538,,101.58174837208298,98.79978399704171,197.59956799408343,39.40270274772475,23.14523837251475,65.32977582620964,27.103370043881476
-32.06353095238095,117.67384365079364,22378.0,22398.0,1.1649350649350294,23.29870129870059,20.0,540,,105.84718787242252,93.58946201262533,187.17892402525067,43.27658371825719,14.155376302689515,52.368228860540746,16.08547690730565
-32.063851282051274,117.6733532051282,22398.0,22423.0,1.0553846153846147,26.38461538461537,25.0,542,,106.79928798947209,118.03912918207897,236.07825836415793,37.23630318556164,19.896001514248802,70.8509825173306,26.00960397400387
-32.06412936507936,117.67321269841267,22423.0,22443.0,0.5311688311688157,10.623376623376314,20.0,544,,110.7733835630525,97.94517531707953,195.89035063415906,44.578753654908844,12.666830797620227,47.13708098425937,13.648360004250561
-32.06418333333333,117.67272799999999,22443.0,22467.0,1.151538461538478,27.636923076923473,24.0,546,,104.30789582608183,110.67411482823601,221.34822965647203,37.712629271810876,17.94731893745844,60.40219937296205,22.83144925535934
-32.06406136363637,117.67288484848486,22467.0,22488.0,0.26538678712589403,5.573122529643775,21.0,548,,87.07705460729908,80.84267141203486,161.68534282406972,36.41701616577023,17.260826255258255,75.45015478765112,18.53826902016204
-32.06458680555556,117.6721,22488.0,22511.0,0.6747826086956501,15.519999999999952,23.0,550,,107.70151028272474,109.51339944973319,219.02679889946637,39.79801655455382,20.382764616020356,71.3167150052501,27.22612426607608
-32.074073456790124,117.64036419753087,22690.0,22716.0,0.30708180708184873,7.984126984128067,26.0,552,,102.35709689977219,117.65460728764066,235.30921457528132,35.00782241369331,18.259491378494854,59.283406786907,19.408150218140918
-32.07467916666667,117.64002708333334,22716.0,22739.0,0.7034782608695249,16.179999999999072,23.0,554,,101.35327098707677,103.05836215302499,206.11672430604997,38.09658898162375,12.93564330400703,57.806961866480435,14.35456676617173
-32.07473782051282,117.63957435897436,22739.0,22764.0,0.2382905982906589,5.957264957266473,25.0,556,,99.717992554195,110.21257937639548,220.42515875279096,35.361272080738914,18.551640605849403,70.97480401650029,24.793030552314374
-32.074823076923074,117.63905320512819,22764.0,22789.0,0.22461538461543193,5.615384615385798,25.0,558,,96.87470983099533,107.07006201524953,214.14012403049907,34.58284121792156,16.255447876395298,56.51300157486843,21.77822545778206
-32.07574010416667,117.63724375000001,22789.0,22820.0,0.2826246334311205,8.761363636364734,31.0,560,,101.01388041999047,138.43961391160784,276.8792278232157,30.10226743078153,21.972830591761397,67.18905250825566,21.142873556708125
-32.10180705128205,117.52601153846155,23271.0,23296.0,0.36547008547013526,9.136752136753381,25.0,562,,105.19297277958502,116.26376108612602,232.52752217225205,36.818858868152965,20.6077498234289,74.5762692054379,21.937050160207253
-32.10130320512821,117.52501282051281,23296.0,23321.0,0.015042735042725212,0.3760683760681303,25.0,564,,104.84686114159152,115.88122373856841,231.76244747713682,36.7283106180749,21.230004452041616,63.796402524579385,19.636350545461482
-32.100887654320985,117.52420061728397,23321.0,23347.0,0.1770451770451966,4.603174603175112,26.0,566,,96.54195781278042,110.97038190097334,221.94076380194667,33.44951213136967,17.39193072487488,73.11929151372684,19.312351269356576
-32.11198888888889,117.2310077777778,24531.0,24560.0,-0.20756395995550836,-6.019354838709742,29.0,568,,89.97542759142756,115.35582991152653,230.71165982305305,28.898429893699117,12.778351011699748,56.74857720953112,13.627782279403633
-32.10249425287357,117.20673908045977,24714.0,24742.0,-0.37533337892360646,-10.50933460986098,28.0,570,,90.18106322314995,111.63259321858813,223.26518643717625,29.81333813620061,13.946328681286998,51.94895099095011,12.470510265377195
-32.1029747311828,117.20018440860211,24903.0,24933.0,-0.23508064516129007,-7.052419354838702,30.0,572,,89.87393009391127,119.19900191284525,238.3980038256905,28.05726689565316,11.109858724565616,63.971665110982045,12.454870003511134
