lat,lon,t_start,t_end,climb_rate_ms,alt_gain_m,duration_s,circle_id,seg_id,avg_speed_kmh,turn_radius_m,circle_diameter_m,bank_angle_deg,bank_std_deg,bank_range_deg,bank_masd_deg
-32.12959137931035,116.96616206896553,295.0,323.0,2.6014778325123196,72.84137931034495,28.0,0,,97.93876503411678,121.23563336496396,242.47126672992792,31.894309112302516,6.803363023253379,24.486995431795336,9.441974681307041
-32.12294022988506,116.96829712643678,394.0,422.0,2.7177339901477837,76.09655172413794,28.0,2,,107.13018350736452,132.61343090752482,265.22686181504963,34.24351312467238,5.759418597490756,23.497656621746614,6.4669000050589815
-32.11136666666666,116.97084444444444,575.0,607.0,3.1458333333333264,100.66666666666644,32.0,4,,99.27207426324043,140.4412562664928,280.8825125329856,28.89570594912581,3.3944327487184465,9.155028559294568,3.1364078405093
-32.10749444444444,116.97212222222223,643.0,675.0,3.5208333333333206,112.66666666666626,32.0,6,,102.41064683987078,144.881428176034,289.762856352068,29.65639368506527,2.565901139736699,7.705259414361162,2.347979620740854
-31.97273125,116.95426041666667,1490.0,1518.0,3.675595238095248,102.91666666666694,28.0,8,,100.10827466414463,123.92120811155374,247.84241622310748,32.46013550742737,4.243834443988338,12.82353574807809,2.971272304586833
-31.970812962962967,116.95497777777776,1518.0,1550.0,3.2666666666666435,104.53333333333259,32.0,10,,99.76432750634592,141.1376521499884,282.2753042999768,29.01576072876855,2.2418419744573925,7.088632271263293,2.5644160895196046
-31.96900625,116.955825,1550.0,1578.0,3.0416666666666843,85.16666666666715,28.0,12,,100.82332877050598,124.80635341070814,249.61270682141628,32.645088252212524,3.9660346763767387,12.49166136806451,4.205057076930351
-31.964498148148145,116.95772407407406,1614.0,1646.0,3.0749999999999984,98.39999999999995,32.0,14,,104.60872321249857,147.9910701315648,295.9821402631296,30.18239078207903,4.8514784925478,13.85230794111068,3.336310241677311
-31.96242407407408,116.95842222222223,1646.0,1678.0,2.7999999999999825,89.59999999999944,32.0,16,,101.87677735761498,144.12615735766136,288.2523147153227,29.527800513633405,1.711221438550959,4.977699205831627,1.3573949660406655
-31.525453703703704,117.00918703703704,2902.0,2934.0,3.1041666666666328,99.33333333333225,32.0,18,,109.75756859886503,155.2751963045081,310.5503926090162,31.392753589958087,3.334516727858961,9.995846638809873,4.329850897611684
-31.522972916666667,117.01021041666667,2934.0,2962.0,3.741071428571445,104.75000000000045,28.0,20,,107.39234907474115,132.9379582649641,265.8759165299282,34.30868481838722,4.682804249419927,14.227954815817117,6.326955784060225
-31.22645740740741,117.03063518518519,3798.0,3830.0,2.6458333333333313,84.6666666666666,32.0,22,,107.17188525063669,151.61720264992195,303.2344052998439,30.78873392965183,3.3787269679727236,10.254317490347965,4.035089008844914
-31.298270370370364,117.27722407407408,4666.0,4698.0,1.299999999999981,41.59999999999939,32.0,24,,101.403966703485,143.45726711098314,286.9145342219663,29.413640893035833,2.7127984011980217,7.530581480928305,3.17800944496961
-31.293408333333332,117.29323541666666,4806.0,4834.0,1.6041666666666894,44.916666666667304,28.0,26,,105.74095905114154,130.8937491576312,261.7874983152624,33.89647755772183,2.804225390294025,8.99875656873543,2.8322337262552195
-31.327345833333332,117.3605875,5118.0,5146.0,3.5744047619048183,100.0833333333349,28.0,28,,105.43949957183527,130.52058097550395,261.0411619510079,33.820795691021004,3.256111887144159,9.263234065669767,2.7500241123618205
-31.325679166666667,117.36088333333333,5146.0,5174.0,3.062500000000013,85.75000000000036,28.0,30,,106.13379097934852,131.3800247156859,262.7600494313718,33.994897410986454,4.604645971743574,15.395335467305415,4.773156519492432
-31.323725925925928,117.36164814814813,5174.0,5206.0,2.870833333333326,91.86666666666643,32.0,32,,102.98503500497748,145.69402120474703,291.38804240949406,29.794380506706514,3.490335490222588,8.838013667414643,3.6581428235108864
-31.42068125,117.48220208333333,5674.0,5702.0,2.586309523809547,72.41666666666731,28.0,34,,103.07366406453956,127.59197996583835,255.1839599316767,33.222183134098884,3.2867921650097403,7.479970564234165,2.9412603595025515
-31.419416666666663,117.48281481481483,5702.0,5734.0,1.21249999999999,38.79999999999968,32.0,36,,97.99913335272429,138.64041326051463,277.28082652102927,28.58396038657704,4.628593867731739,13.767172391890195,5.536126739925164
-31.481783333333333,117.52969074074073,6162.0,6194.0,4.70833333333332,150.66666666666623,32.0,38,,103.65015951136793,146.63497989775678,293.26995979551356,29.953690996730025,4.404971660977797,11.69540855435254,4.153416419377676
-31.479204166666666,117.52991875000001,6194.0,6222.0,4.20535714285717,117.75000000000075,28.0,40,,106.92566867206526,132.36026776439758,264.72053552879515,34.19260263832845,5.233283296310478,14.001376018713575,4.400147470001474
-31.476872222222216,117.53024259259259,6222.0,6254.0,3.4666666666666317,110.93333333333221,32.0,42,,103.7700888484006,146.80464520273884,293.6092904054777,29.982362294970685,4.205180725537582,12.662984764267783,4.8793719225758645
-31.576606790123453,117.8432839506173,7144.0,7170.0,3.0463980463980826,79.20634920635015,26.0,44,,105.64921514762057,121.43874039933247,242.87748079866495,35.86461095084974,6.255705025703936,26.104491469665188,7.73917840865879
-31.574651190476192,117.84334166666666,7170.0,7197.0,3.57197591680352,96.44334975369503,27.0,46,,103.92004780380967,124.04541970741778,248.09083941483556,34.40212436236708,6.3795418020031365,27.261452716514928,7.507666089707174
-31.572578735632188,117.8431982758621,7197.0,7225.0,3.573891625615784,100.06896551724196,28.0,48,,103.72680535121368,128.40048513270628,256.80097026541256,33.3882716958448,6.56491059817645,29.138255286252587,7.949815890117491
-31.570457738095236,117.84262678571427,7225.0,7252.0,3.088396278051469,83.38669950738966,27.0,50,,108.41502325092598,129.41090141855727,258.82180283711455,35.54155277159969,8.478316551633842,37.00229674324816,7.998566506900459
-31.568784375,117.84223489583334,7252.0,7283.0,1.8104838709677642,56.12500000000069,31.0,52,,101.86172836284024,139.60159027936893,279.20318055873787,30.310492832133335,9.909774868258062,41.43977347318253,8.389085633612071
-31.66375,117.76116111111112,8057.0,8089.0,0.6291666666666637,20.133333333333237,32.0,54,,101.39850890823074,143.44954591015562,286.89909182031124,29.412321613455433,4.433241612310788,14.86040554695824,4.119823202142904
-31.703841666666666,117.67763958333333,8405.0,8433.0,1.7023809523809654,47.666666666667034,28.0,56,,102.29381446136243,126.62662614973028,253.25325229946057,33.02304442780903,4.627281692355837,13.443155371802767,3.6546103044794336
-31.701883333333328,117.67784444444445,8433.0,8465.0,0.30833333333331825,9.866666666666184,32.0,58,,101.67127551463926,143.83543172100286,287.6708634420057,29.47821390124057,9.094840791933512,28.167000482195277,5.976718677810412
-31.717030952380952,117.65828095238096,8589.0,8613.0,1.3482142857142738,32.35714285714257,24.0,60,,100.88761421359153,107.04508332560836,214.09016665121672,36.79227265237473,2.2309850044265658,5.937591737475046,1.7050897064599
-31.70846875,117.65595208333333,8693.0,8721.0,2.4136904761904865,67.58333333333363,28.0,62,,103.12388571723055,127.65414793242958,255.30829586485916,33.23497655192255,10.649113808228703,29.5975612445299,9.71183461887473
-31.72105625,117.60854583333332,8957.0,8985.0,2.07440476190479,58.08333333333412,28.0,64,,99.11454712747062,122.69110083728994,245.38220167457987,32.2018357169766,8.258329387073985,26.56864749758093,5.961085651598897
-31.71958125,117.60802083333334,8985.0,9013.0,1.461309523809516,40.916666666666444,28.0,66,,101.47675871842267,125.61521590318209,251.23043180636418,32.81343538313759,5.002098875606195,14.969247282461229,5.400403364655172
-31.717725,117.60785,9013.0,9041.0,2.1279761904762067,59.58333333333378,28.0,68,,101.36114872487349,125.47210555472739,250.94421110945478,32.78369636750405,4.993519102750071,14.60690451292346,4.287326218821735
-31.715897619047617,117.60765,9041.0,9065.0,3.4017857142857175,81.64285714285722,24.0,70,,102.13658911862566,108.3702868585011,216.7405737170022,37.13096503710568,4.801458597291791,14.526550364817698,4.6511782304751375
-31.71457291666667,117.60750625,9065.0,9093.0,1.2023809523809592,33.666666666666856,28.0,72,,104.24507261265238,129.04203354993368,258.08406709986735,33.51961296761625,3.303073582436282,9.474405201501824,2.9239573858797385
-31.713191666666667,117.60769166666665,9093.0,9121.0,0.8601190476190795,24.083333333334227,28.0,74,,107.1677912650808,132.65998448949597,265.31996897899194,34.25286823911077,5.406165807199388,15.720663230662645,6.481008003764409
-31.710804166666666,117.60758333333334,9121.0,9149.0,1.327380952380968,37.166666666667105,28.0,76,,107.76086036851657,133.39412799599395,266.7882559919879,34.400122207695716,6.952468487219605,18.065863581671266,6.185788431701049
-31.782704166666665,117.48930416666667,9605.0,9633.0,1.369047619047625,38.3333333333335,28.0,78,,104.8106535178489,129.74215019155912,259.48430038311824,33.66249090182342,6.53902114864832,21.26030216072857,6.770292748270539
-31.78130238095238,117.48984285714288,9633.0,9657.0,1.9732142857143076,47.35714285714338,24.0,80,,101.02546198504349,107.19134435374689,214.38268870749377,36.82980173501024,4.409826527413395,13.036471855595067,6.018861359263556
-31.84295952380953,117.42638095238094,10081.0,10105.0,2.1964285714285934,52.71428571428624,24.0,82,,100.01138940082072,106.11537992419339,212.23075984838678,36.55285885314983,4.521576385720447,11.798786421044689,4.6477021444609665
-31.841128571428566,117.42649761904762,10105.0,10129.0,1.3125000000000089,31.500000000000213,24.0,84,,101.13878909959669,107.31158815686345,214.6231763137269,36.86062751278295,5.606078685722186,12.035334769668864,4.376279721800552
-31.83948571428572,117.42643333333332,10129.0,10153.0,1.2946428571428494,31.071428571428385,24.0,86,,101.77057121769309,107.98192980387752,215.96385960775504,37.03202167024716,5.4919545968889985,12.101097269757432,6.701050027687013
-31.837395833333336,117.4267625,10153.0,10181.0,0.7232142857143007,20.25000000000042,28.0,88,,100.91399267561589,124.91858370027236,249.83716740054473,32.66848454033434,7.5842923614842555,21.15279633899504,6.614950669818019
-31.835376190476193,117.42735476190477,10181.0,10205.0,1.8839285714285765,45.214285714285836,24.0,90,,101.98367176587227,108.20803650799957,216.41607301599913,37.08965924007201,4.143582079950622,9.379305567028915,3.7222133678765585
-31.833671428571424,117.42790952380952,10205.0,10229.0,1.5625000000000187,37.50000000000045,24.0,92,,101.3597957974858,107.54608354636657,215.09216709273315,36.92067143041231,6.0749259639161455,14.970921254248267,5.494727915799947
-31.83175416666667,117.42853958333333,10229.0,10257.0,1.7857142857143078,50.00000000000062,28.0,94,,106.38276011226127,131.68821657931096,263.3764331586219,34.05715618004914,4.0217745521989015,12.447351970107903,3.5887705784544566
-31.830377083333335,117.42902708333334,10257.0,10285.0,1.0892857142857302,30.500000000000444,28.0,96,,99.75254542299272,123.48086092275199,246.96172184550397,32.36784011550881,8.096661293854876,20.959386356735667,6.128007813835818
-31.829189583333335,117.42880833333334,10285.0,10313.0,-0.08928571428570818,-2.499999999999829,28.0,98,,104.42062752456134,129.25934802115657,258.51869604231314,33.56401258150574,9.027727461019253,26.601773057351856,11.121064213283882
-31.826595833333336,117.42877708333333,10313.0,10341.0,2.336309523809539,65.41666666666708,28.0,100,,105.64284528708421,130.77229689791395,261.5445937958279,33.871860670061984,7.545989857497893,20.57241668827657,3.4287361147127613
-31.825259523809528,117.42845476190475,10341.0,10365.0,0.5982142857143097,14.357142857143433,24.0,102,,104.08238473696649,110.4348401312044,220.8696802624088,37.65263782314913,8.639360779681123,20.28454385383682,7.280807594304088
-31.822920833333335,117.42774166666666,10365.0,10393.0,0.46428571428573445,13.000000000000565,28.0,104,,115.12992154685809,142.51608087083557,285.03216174167113,36.186991994360504,9.324487014761475,26.162031795610524,9.715513494697584
-31.8197875,117.42739583333334,10393.0,10421.0,1.4196428571428688,39.75000000000033,28.0,106,,113.34371601607468,140.30498745170686,280.60997490341373,35.76109924119257,6.766354437456444,16.241303019041947,6.007516321647688
-31.81720952380952,117.42724523809524,10421.0,10445.0,2.7321428571428776,65.57142857142907,24.0,108,,105.41801120934193,111.85198383255734,223.70396766511467,38.0065352404118,4.998200035939259,14.382579933910584,5.189734427132424
-31.81555,117.42729047619048,10445.0,10469.0,1.9821428571428903,47.571428571429365,24.0,110,,106.89967330606588,113.42407614379414,226.84815228758828,38.3951693629642,5.3211989169261935,13.707990486209837,5.135115292206706
-31.813760416666668,117.42709166666667,10469.0,10497.0,2.735119047619086,76.58333333333441,28.0,112,,101.89179945200854,126.12898311467403,252.25796622934806,32.92003480309489,5.372080249630294,16.587885164066176,5.322729694084212
-31.81214375,117.42715625,10497.0,10525.0,2.410714285714304,67.50000000000051,28.0,114,,102.91874681246861,127.40021227132598,254.80042454265197,33.18269607367889,4.260277015858666,12.763028673607039,2.8625824781099656
-31.809929629629625,117.42772962962964,10525.0,10557.0,1.5166666666666404,48.53333333333249,32.0,116,,108.1271174155466,152.96857972410672,305.93715944821344,31.012772220744115,6.136433410601512,18.187485708681194,7.904796439903868
-31.807727083333333,117.42742916666667,10557.0,10585.0,1.407738095238108,39.41666666666703,28.0,118,,103.47917842572573,128.09395474977472,256.18790949954945,33.325376620949115,4.48277004474752,12.011369983225535,3.297093802217988
-31.927419047619047,117.30483809523808,11277.0,11301.0,2.553571428571428,61.28571428571427,24.0,120,,99.22494669688027,105.2809382989222,210.5618765978444,36.3367056310272,3.597947623922574,10.32514657532571,3.7537210593481602
-31.925842857142857,117.3051880952381,11301.0,11325.0,2.1428571428571392,51.428571428571345,24.0,122,,98.01675986364964,103.99901225434087,207.99802450868174,36.00228484745997,4.474251442688057,10.23187887841139,4.810232792629338
-31.924166666666665,117.30519583333333,11325.0,11353.0,1.7857142857142887,50.000000000000085,28.0,124,,95.85429369914884,118.65532512401444,237.31065024802888,31.344029184739636,3.5065785923448463,10.227763934317835,3.9808128568394126
-31.922540476190477,117.30503333333334,11353.0,11377.0,1.0357142857143107,24.857142857143458,24.0,126,,94.25918104685222,100.0120973026695,200.024194605339,34.94386060255195,4.179635731030977,11.283910479735354,3.731217649273519
-31.921247916666665,117.30462708333334,11377.0,11405.0,-0.5089285714285453,-14.249999999999268,28.0,128,,94.8726242870711,117.44014426190333,234.88028852380666,31.08262263848674,5.485167200835606,15.396950290799715,5.158585605495713
-31.95658125,117.22228125000001,11729.0,11757.0,2.38988095238098,66.91666666666744,28.0,130,,99.08117813183104,122.64979429927399,245.29958859854798,32.19313652090057,1.6839228328052123,5.212749956241964,1.9050917858549983
-31.955316666666665,117.22275416666668,11757.0,11785.0,1.9583333333333488,54.83333333333377,28.0,132,,93.07226076500113,115.21152506490509,230.42305012981018,30.599449849038624,2.88747604366003,8.43897824476242,3.279137535926939
-31.953876190476194,117.22293333333334,11785.0,11809.0,1.7232142857143036,41.35714285714329,24.0,134,,96.27707158223994,102.15314565817155,204.3062913163431,35.51571802025929,4.97199599187834,11.372823807240387,5.943004395506835
-31.952359523809523,117.22284285714287,11809.0,11833.0,1.776785714285716,42.64285714285718,24.0,136,,96.55579905121508,102.44888468792412,204.89776937584824,35.59407491221388,3.870181048696276,10.142446196783084,3.9822641316963496
-31.950830952380954,117.22258333333333,11833.0,11857.0,2.0714285714285974,49.71428571428633,24.0,138,,102.13838490071586,108.37219224247691,216.74438448495383,37.13144984331431,4.967548003761656,14.21522809658775,5.083126148945572
-31.949240476190475,117.22236666666666,11857.0,11881.0,2.0625000000000266,49.50000000000064,24.0,140,,105.35786542329924,111.78816717152507,223.57633434305015,37.99067149330936,3.560389806314316,9.422120711103304,4.100153032914916
-31.947491666666668,117.22240625,11881.0,11909.0,1.8363095238095422,51.41666666666718,28.0,142,,110.0462706772862,136.22317292203508,272.44634584407015,34.96274753671906,3.2201721293115533,7.797814905825689,3.0342469888188845
-31.945050000000002,117.22267708333334,11909.0,11937.0,2.3630952380952617,66.16666666666733,28.0,144,,110.62266425088409,136.9366742607368,273.8733485214736,35.10343943459668,5.300834510085676,12.948444094630332,3.103017851938631
-31.94315476190476,117.22216428571429,11937.0,11961.0,0.7500000000000119,18.000000000000284,24.0,146,,105.90112231107081,112.36458063190882,224.72916126381764,38.13370942659127,3.1843614710914574,8.857148457473407,3.9561352129470633
-31.941787037037038,117.2223925925926,11961.0,11993.0,1.2791666666666661,40.933333333333316,32.0,148,,105.88953303171894,149.80304536613866,299.6060907322773,30.48632433021782,3.9844768399459616,12.445303962286712,4.397913892016359
-31.93921041666667,117.22217916666668,11993.0,12021.0,1.0059523809523878,28.16666666666686,28.0,150,,105.71943196476931,130.86710138491392,261.73420276982785,33.89107759657988,8.307444653885714,21.123291620286263,6.668746251660472
-31.93687222222222,117.22148703703702,12021.0,12053.0,0.5124999999999984,16.39999999999995,32.0,152,,109.35933531833008,154.7118114591673,309.4236229183346,31.300225893407365,6.775845637791491,23.09193950401781,6.443803537119261
-31.934229166666668,117.22001041666667,12053.0,12081.0,0.8839285714285717,24.750000000000007,28.0,154,,109.3761095081115,135.39359932292754,270.7871986458551,34.79855833594966,7.423627415334201,17.548551638647965,5.324294581581717
-32.066250000000004,117.06386904761906,12881.0,12905.0,2.026785714285726,48.64285714285742,24.0,156,,95.44816119018033,101.27364441632803,202.54728883265605,35.28178546142444,3.7618026536338682,9.077768797458862,2.307509974240324
