lat,lon,t_start,t_end,climb_rate_ms,alt_gain_m,duration_s,circle_id,seg_id,avg_speed_kmh,turn_radius_m,circle_diameter_m,bank_angle_deg,bank_std_deg,bank_range_deg,bank_masd_deg
-31.63082283950617,117.23344506172837,552.0,578.0,0.5885225885225857,15.301587301587228,26.0,0,,108.20505859212936,124.37656069572898,248.75312139145797,36.51726723357466,7.186292446793869,26.27132999722923,9.142802223364168
-31.631170138888887,117.23077083333332,578.0,601.0,0.9882608695652114,22.729999999999862,23.0,2,,112.80913764406773,114.70695369047498,229.41390738094995,41.10857786252287,8.219919824082208,27.106126122609034,6.3049940210333295
-31.631718229166665,117.2285015625,601.0,632.0,0.5159457478005969,15.994318181818503,31.0,4,,105.75895473790615,144.94274252940653,289.88548505881306,31.25629513038263,8.914510410047818,33.161780976764966,7.179158834072068
-31.633365656565655,117.22489646464646,632.0,664.0,1.037433155080199,33.19786096256637,32.0,6,,109.72170563775376,155.2244605930879,310.4489211861758,31.38442845174252,12.558166813929732,43.05664022010027,10.955245901672754
-31.635004597701148,117.2216,664.0,692.0,2.0472906403940825,57.32413793103431,28.0,8,,103.75664744652336,128.43742582033434,256.8748516406687,33.39584519052497,14.332116140686816,47.50467106612727,10.18986969560023
-31.6364608974359,117.21947564102564,692.0,717.0,2.8143589743589787,70.35897435897446,25.0,10,,109.75149119041784,121.30203010181668,242.60406020363337,37.99161226628005,8.101360668005402,33.216220933424474,7.800713388750656
-31.637086000000004,117.217186,717.0,741.0,2.8115384615384627,67.4769230769231,24.0,12,,104.74857889317346,111.14169408466621,222.28338816933243,37.8295818731842,6.1042186635572415,28.48956660428479,7.621219372020362
-31.637276,117.21537133333334,741.0,765.0,3.052307692307678,73.25538461538427,24.0,14,,101.65900455229395,107.86355389532716,215.72710779065432,37.00181115708906,5.158504467634712,19.851688107981843,6.576409807041898
-31.637558666666667,117.21351800000001,765.0,789.0,2.350000000000013,56.40000000000031,24.0,16,,111.2678401777555,118.05884514299188,236.11769028598377,39.51698592898931,7.166265338808201,30.3341092797414,8.204076474485417
-31.637817307692313,117.21149935897435,789.0,814.0,2.7521367521367575,68.80341880341894,25.0,18,,112.51989650465973,124.3617897562852,248.7235795125704,38.68604788310756,7.910769054077109,33.35651456331631,9.012782476959542
-31.637918518518514,117.20947777777779,814.0,840.0,1.9505494505494592,50.714285714285936,26.0,20,,110.57602387795475,127.10187235506186,254.20374471012371,37.113031133644164,7.775423722461592,27.729846587823754,11.445602242234465
-31.6378875,117.20828055555556,840.0,863.0,2.058695652173909,47.3499999999999,23.0,22,,109.30598943987746,111.14487115690591,222.28974231381181,40.2152267897012,5.014701690047814,20.54632888073772,6.481280293312808
-31.638182575757572,117.20720757575755,863.0,884.0,1.6905702992659144,35.5019762845842,21.0,24,,101.52454014193252,94.25577238420065,188.5115447684013,40.69955164641159,6.5559936302334805,24.921508326514246,9.304025159261695
-31.63841515151515,117.20615378787879,884.0,905.0,1.7108977978542939,35.92885375494017,21.0,26,,97.74185145003649,90.74390969715776,181.48781939431552,39.627302874632846,6.069806523428126,22.005391585757106,7.495537416408512
-31.639194927536234,117.20561956521739,905.0,927.0,2.070158102766787,45.54347826086931,22.0,28,,103.76904263209872,100.92717601274082,201.85435202548163,40.002595850287236,8.632383267511395,39.73265573191918,9.209180829452876
-31.63977536231884,117.20459347826089,927.0,949.0,2.1343873517786576,46.956521739130466,22.0,30,,101.34138725962774,98.56600552430976,197.13201104861952,39.33614287483292,5.53559588169861,18.440511883575574,6.839670681923766
-31.640824999999996,117.20404166666667,949.0,972.0,0.6834782608695591,15.719999999999859,23.0,32,,99.7823868885725,101.46105068248819,202.92210136497638,37.66285117812365,10.84226223314661,44.49141544114036,11.29011983643606
-31.64139166666667,117.20294833333335,972.0,991.0,0.3571428571428196,6.785714285713573,19.0,34,,105.2976876387809,88.44841727591906,176.8968345518381,44.59588986452591,4.92568088088509,18.071100869982576,4.1022485697344395
-31.642055,117.20228333333334,991.0,1010.0,-1.4796992481202873,-28.114285714285458,19.0,36,,101.83794232234168,85.54228510645895,171.0845702129179,43.63929933103066,6.939756608879683,24.18421295836465,6.507277645271876
-31.63464133333333,117.19629733333332,1102.0,1126.0,2.0038461538461627,48.092307692307905,24.0,38,,116.06472456205599,123.14849755100352,246.29699510200703,40.708504743942186,7.016695299830747,26.332434020656166,6.1728452160159355
-31.634565591397855,117.19439301075268,1126.0,1156.0,1.4516129032258018,43.54838709677406,30.0,40,,111.01188253192228,147.2340820574355,294.468164114871,33.35889241398948,7.995140943612466,33.41859013293166,8.43467143036719
-31.634864285714283,117.19264583333333,1156.0,1183.0,2.167487684729074,58.522167487684996,27.0,42,,107.87574964942141,128.76719097336908,257.53438194673816,35.4065233057382,6.942514140343597,26.968189385119125,9.810801316437876
-31.635025252525256,117.1911095959596,1183.0,1215.0,1.4000668449197589,44.80213903743228,32.0,44,,103.61599906916648,146.58665275789397,293.17330551578794,29.945521291568024,7.402625435765945,31.86377868941377,8.977687989125531
-31.63546388888889,117.18891666666667,1215.0,1244.0,1.1655172413793098,33.79999999999998,29.0,46,,106.24120003086333,136.2098756119097,272.4197512238194,33.09564330110391,8.071967435465295,37.710897476588855,9.164879723557695
-31.637687681159417,117.16189855072466,1752.0,1774.0,1.8843873517786571,41.45652173913046,22.0,48,,108.97465897032718,105.99022895316243,211.98045790632486,41.38890472842326,6.296379435062999,20.825466286652677,5.03989490014578
-31.638065873015876,117.16060079365079,1774.0,1794.0,2.783116883116842,55.66233766233684,20.0,50,,117.52994209426755,103.91928469781615,207.8385693956323,46.27446210654388,5.863202374583395,21.701318743821716,7.231367697623722
-31.638513888888895,117.15898680555556,1794.0,1817.0,1.425652173913025,32.78999999999957,23.0,52,,121.73490522628555,123.78288167013757,247.56576334027514,43.279083022707525,6.175203504633383,28.648547465481073,6.240440750353134
-31.63839393939394,117.15760303030302,1817.0,1838.0,2.103331451157499,44.16996047430748,21.0,54,,121.37318507317498,112.68333045201892,225.36666090403784,45.7988426435337,5.664254443103438,18.824566159840224,7.446020160816879
-31.63884567901234,117.15610370370369,1838.0,1864.0,0.9072039072039106,23.587301587301678,26.0,56,,118.2929572764756,135.97211971423513,271.94423942847027,38.988689123365404,7.027541998211579,28.922492651493403,8.944107927907249
-31.63856923076923,117.15476666666665,1864.0,1889.0,1.0078632478632745,25.196581196581864,25.0,58,,106.20364473461953,117.38079884646001,234.76159769292002,37.08204432543677,6.153037199987897,22.713513046998486,6.215964380571336
-31.63863611111111,117.1538138888889,1889.0,1912.0,0.8860869565217113,20.37999999999936,23.0,60,,103.12758809548491,104.86252903734734,209.7250580746947,38.58037993151261,7.536299762238979,32.76627796048173,9.504778070601457
-31.63952115384615,117.15237179487177,1946.0,1971.0,3.1476923076923367,78.69230769230842,25.0,62,,98.35250185355856,108.70338080172668,217.40676160345336,34.989275988305444,6.896446214117039,24.554055734072534,6.64576708817863
-31.63920308641975,117.15176172839507,1971.0,1997.0,2.178266178266205,56.634920634921336,26.0,64,,101.90882740645196,117.13934285759078,234.27868571518155,34.88974451021027,8.325512719832313,34.80626543459166,9.345094893942202
-31.6392356060606,117.15114166666666,1997.0,2018.0,2.3941276115188717,50.2766798418963,21.0,66,,107.33844452682015,99.65342350972531,199.30684701945063,42.282688506242515,4.259639273041863,16.01159455902232,5.652768620505963
-31.639318840579712,117.15004782608695,2018.0,2040.0,2.8448616600790153,62.58695652173834,22.0,68,,111.39335760745772,108.34268799951715,216.6853759990343,42.01361535470164,5.810330135006268,22.246773770673197,7.209965144435802
-31.639424305555554,117.14902152777775,2040.0,2063.0,2.9947826086956315,68.87999999999953,23.0,70,,110.4314566611707,112.2892723918516,224.5785447837032,40.50484896624416,5.870929784630554,21.15934662255691,6.530735856022619
-31.63937013888889,117.14826388888889,2063.0,2086.0,2.3813043478260774,54.76999999999978,23.0,72,,106.62210473375467,108.41583479402586,216.8316695880517,39.51446025489246,7.248167209402359,27.159566722444367,6.8913532864266775
-31.63873012820513,117.14722564102564,2086.0,2111.0,2.7323076923077214,68.30769230769303,25.0,74,,112.57934912837192,124.42749933228228,248.85499866456456,38.70081549026448,7.062611538449182,31.170378773341792,6.24090524673912
-31.638157971014493,117.14651884057972,2111.0,2133.0,3.7480237154150005,82.45652173913001,22.0,76,,117.89429709559107,114.66558977565876,229.33117955131752,43.633639552009925,5.666873993841266,25.62682985487204,5.949498716851465
-31.637797826086963,117.14536376811596,2133.0,2155.0,2.6749011857707043,58.84782608695549,22.0,78,,119.95959166771866,116.67432324290579,233.34864648581157,44.13076861298042,5.893060826628635,21.646064382371062,5.0276507763726315
-31.63753205128205,117.14445705128206,2155.0,2180.0,1.9432478632479195,48.581196581197986,25.0,80,,114.47150586984813,126.51879168305028,253.03758336610056,39.16763893898435,8.894577547355773,35.39752027023616,10.353663054874714
-31.63768055555555,117.14280277777777,2180.0,2203.0,1.6752173913043773,38.530000000000676,23.0,82,,124.75230247051076,126.8510413351034,253.7020826702068,43.97968977868887,7.027152118959845,25.502078624583916,6.995946733060379
-31.63759523809523,117.14141964285714,2203.0,2230.0,1.8259441707717163,49.30049261083634,27.0,84,,117.95383968424872,140.79702481812865,281.5940496362573,37.85587832392819,6.429619714528944,24.051745842422942,6.460552219895135
-31.638008333333328,117.1398976190476,2230.0,2257.0,2.7153804050355768,73.31527093596057,27.0,86,,118.60973845098852,141.5799462998375,283.159892599675,38.00992819301862,7.652021819076121,36.163823608515024,9.295975075481469
-31.638252150537628,117.13843494623657,2257.0,2287.0,2.5161290322580765,75.48387096774229,30.0,88,,118.77289815512822,157.52744872282426,315.0548974456485,35.1599415562281,6.644641916185141,25.468965594032614,6.4160947093218565
-31.63885238095238,117.1368125,2287.0,2314.0,2.5374931581827656,68.51231527093466,27.0,90,,109.79162841483269,131.0541027924691,262.1082055849382,35.884189944291876,9.286412777749435,33.36162064077686,11.55980923879866
-31.64047803030303,117.13492575757574,2347.0,2368.0,2.495200451722105,52.39920948616421,21.0,92,,109.62003079879854,101.77165695383515,203.5433139076703,42.88309196835937,6.2406949693126235,22.814575290006907,8.041927454734449
-31.64143782051282,117.13425576923076,2368.0,2393.0,0.5965811965812633,14.914529914531583,25.0,94,,107.679231865796,119.01168069291504,238.02336138583007,37.463039800479514,8.041989906525636,32.82481323436197,8.369787849303743
-31.64234611111111,117.13465666666667,2393.0,2422.0,1.5132369299221504,43.88387096774236,29.0,96,,112.82856528957163,144.65541465173808,289.31082930347617,34.69084840651548,10.22144094368235,38.22385528566365,7.861763590683192
-31.643061309523812,117.13541428571429,2422.0,2449.0,1.1543513957306901,31.167487684728634,27.0,98,,106.56090476911291,127.19771050761783,254.39542101523566,35.07539330111347,10.456596772170897,41.40596924516777,6.759569325745334
-31.643405952380956,117.13578154761906,2449.0,2476.0,1.3582375478927171,36.67241379310336,27.0,100,,110.30608575386893,131.66819100635053,263.33638201270105,36.01148320535006,6.295818777756385,28.3995410116119,6.772440051525215
-31.642809195402297,117.13598793103449,2476.0,2504.0,0.8433497536945402,23.613793103447126,28.0,102,,114.43055057436565,141.65034928051324,283.3006985610265,36.0207852548768,11.84193505509609,47.272375823458475,9.24454218254978
-31.579891397849465,117.20427956989248,2908.0,2938.0,0.5762096774193682,17.286290322581046,30.0,104,,112.30257594397257,148.9459173619684,297.8918347239368,33.66377309155933,11.042791508767772,40.107276519350975,6.632060459005906
-31.579195555555557,117.20422944444445,3057.0,3086.0,2.1810901001112475,63.251612903226174,29.0,106,,114.00756552629329,146.16698902724983,292.33397805449965,34.97008206345769,7.086653630962933,27.011642402139383,9.452791858690306
-31.58133787878788,117.20096212121211,3119.0,3151.0,2.084224598930424,66.69518716577358,32.0,108,,114.24202059385752,161.61939810060915,323.2387962012183,32.42214663210937,7.532031756267204,34.50105119929705,8.96597593589992
-31.578238172043008,117.22639139784945,3882.0,3912.0,2.027822580645114,60.83467741935341,30.0,110,,107.19583198334217,142.17288782497667,284.34577564995334,32.44488447159573,7.463885454809482,27.238690556135822,6.471582374567919
-31.532207407407416,117.24509012345679,5037.0,5063.0,3.231990231990257,84.03174603174668,26.0,112,,104.83726593377354,120.50544345377507,241.01088690755014,35.65499007716227,5.950748808763737,20.776509305986114,8.003004385530636
-31.531791025641027,117.24404230769233,5063.0,5088.0,2.2249572649573013,55.623931623932535,25.0,114,,102.47480577978763,113.25952695996615,226.5190539199323,36.101967472814614,7.55010275641113,29.318972928784444,9.052462184270842
-31.53165185185185,117.24323209876545,5088.0,5114.0,2.2448107448107777,58.36507936508022,26.0,116,,115.93283234845008,133.259268529832,266.518537059664,38.42522502251366,4.1680935957779806,15.850095155176852,4.297960164704115
-31.531563095238095,117.24192083333332,5114.0,5141.0,2.8415435139572955,76.72167487684698,27.0,118,,111.2716654822355,132.82076690674205,265.6415338134841,36.249292857480555,5.432323593557794,18.67724437457764,6.301592518110964
-31.53154555555556,117.24048555555557,5141.0,5170.0,1.5890989988876287,46.083870967741234,29.0,120,,106.11880748443036,136.0529583941014,272.1059167882028,33.0654384559651,7.938565719775064,31.054386773039333,6.457680893019362
-31.531294871794874,117.23871858974357,5170.0,5195.0,1.3381196581197121,33.452991452992805,25.0,122,,110.57732374769662,122.21477547443571,244.42955094887142,38.200161336046804,5.342640518650354,22.39206508924328,4.64318300148603
-31.53071785714286,117.23797261904762,5195.0,5222.0,1.2055281882868212,32.54926108374417,27.0,124,,106.36901820179078,126.96866278985092,253.93732557970185,35.026842360581725,6.003976173261981,23.966934557549784,6.897875320465057
-31.53217391304348,117.2464369565217,5278.0,5300.0,3.3962450592884736,74.71739130434642,22.0,126,,114.5238822345618,111.38747864263925,222.7749572852785,42.804340342697984,5.447768327274803,20.596851724031154,7.045321554304719
-31.532768750000002,117.24577361111112,5300.0,5323.0,2.8578260869565297,65.73000000000019,23.0,128,,112.50134957768151,114.39398762926068,228.78797525852136,41.031043658545606,6.110371245483636,25.334431970912867,7.602367573513916
-31.53351858974359,117.2452967948718,5323.0,5348.0,2.327521367521406,58.188034188035154,25.0,130,,113.30890815625318,125.23383909314771,250.46767818629542,38.8815368820266,5.375439735211811,22.81424384146457,7.0958515674928835
-31.534461538461535,117.24482307692308,5348.0,5373.0,2.1449572649573216,53.62393162393304,25.0,132,,111.13557878548932,122.83178275756528,245.66356551513056,38.34046534523927,4.599196934837308,15.544444812333591,6.14332016630522
-31.52022258064516,117.20347903225806,5627.0,5657.0,2.5818548387097007,77.45564516129102,30.0,134,,123.46771658335487,163.7541450542509,327.5082901085018,36.21226723856991,4.395300945653616,17.497943407224273,4.883516245317
-31.51989712643679,117.2026672413793,5657.0,5685.0,2.2876847290640234,64.05517241379266,28.0,136,,122.61674956265618,151.78381399033788,303.56762798067575,37.922599175698764,6.111760723221686,21.72773833967243,6.906538482424391
-31.51948279569892,117.20135752688172,5685.0,5715.0,1.8584677419354643,55.75403225806393,30.0,138,,121.54575747846228,161.20506762121647,322.41013524243294,35.78482248331686,4.986857802656037,22.849905670473834,5.771464580932953
-31.52386055555555,117.2022511111111,5922.0,5951.0,1.5265850945494677,44.27096774193456,29.0,140,,120.33558858404879,154.28003023269346,308.5600604653869,36.436660397033954,7.30573378756522,25.959467437622266,7.874610969214479
-31.52334,117.201405,5951.0,5980.0,1.4694104560622177,42.61290322580431,29.0,142,,120.89827248101498,155.0014368394743,310.0028736789486,36.56446548271509,8.147478589765385,38.279913170384205,8.94803032708776
-31.52293333333333,117.20010679012347,5980.0,6006.0,1.6782661782662642,43.63492063492287,26.0,144,,114.9732491285143,132.15627332655944,264.3125466531189,38.19358274832142,7.580568579625557,33.10656799043747,9.206205785646592
-31.522280208333335,117.19855989583334,6006.0,6037.0,1.0716642228739215,33.22159090909157,31.0,146,,112.01600021680666,153.51802898236545,307.0360579647309,32.73596163405266,8.936052383395191,29.338010147587454,7.357199357561997
-31.52116055555555,117.198295,6037.0,6066.0,1.095216907675181,31.761290322580248,29.0,148,,115.45409620155645,148.02155922496192,296.04311844992384,35.31009512741918,11.020240390717001,38.85899296092255,11.49879303401451
-31.520651190476197,117.1989339285714,6066.0,6093.0,0.36261631089217095,9.790640394088616,27.0,150,,114.67005696840391,136.87729793363042,273.75459586726083,37.07486410100639,6.2472487284627105,23.512304595551964,6.144506417548616
-31.604136363636364,117.12227626262627,7124.0,7156.0,1.8442513368982805,59.016042780744975,32.0,152,,123.07104948528304,174.10991890746718,348.21983781493435,34.38185321432066,5.515388599085475,22.877488536783428,7.0170339437853295
-31.514077604166665,117.10343697916667,7966.0,7997.0,2.0093475073314737,62.28977272727568,31.0,154,,122.72718465414243,168.1977168814488,336.3954337628976,35.15888435947785,5.914083028329161,24.502154553632472,6.357116292166361
-31.5150953125,117.1050625,7997.0,8028.0,2.1900659824047186,67.89204545454628,31.0,156,,131.90428807698382,180.77494537126367,361.54989074252734,37.1263373721257,5.588180370562706,26.27474300956239,6.665893089495274
-31.51596770833333,117.11092447916667,8135.0,8166.0,0.888379765395944,27.539772727274265,31.0,158,,126.94682771423439,173.98074148811781,347.96148297623563,36.07578444774429,9.2136757970854,35.71098348197456,11.27116154715511
-31.511476344086024,117.2665795698925,9421.0,9451.0,1.749999999999979,52.49999999999937,30.0,160,,118.23084492125523,156.808528292909,313.617056585818,35.036649529805445,6.3185600175649,28.95961465362017,7.029400957364507
-31.512265000000003,117.26700555555554,9451.0,9480.0,1.5221357063404275,44.141935483872395,29.0,162,,112.90242905685231,144.7501140202562,289.5002280405124,34.70839788532654,6.961716925364568,29.619730157003712,5.757012777082111
-31.51310654761905,117.2677738095238,9480.0,9507.0,1.313902572523309,35.47536945812934,27.0,164,,109.16623776768172,130.30759769603776,260.6151953920755,35.728895312536,6.354441948207553,24.742787952841347,6.60942443322469
-31.51462471264368,117.26874770114944,9507.0,9535.0,0.1832512315270887,5.1310344827584835,28.0,166,,114.38490257500825,141.59384291031336,283.1876858206267,36.00991246757338,7.596384716780112,29.64215446398315,7.9203530715112
-31.520260919540227,117.26532413793105,9849.0,9877.0,1.6857142857142602,47.199999999999285,28.0,168,,123.459728250655,152.8273135190189,305.6546270380378,38.11307566393154,7.5399205163303415,29.03263666455616,7.644171695086493
-31.521361904761907,117.26558809523807,9877.0,9904.0,-0.26573617952921763,-7.174876847288876,27.0,170,,120.61411651100943,143.97249637041705,287.9449927408341,38.47670554082532,8.005923641825287,36.905946778774236,7.497424793033432
-31.52541180555556,117.26282986111111,9937.0,9960.0,0.35869565217383714,8.249999999998254,23.0,172,,113.81610898409035,115.73086555860799,231.46173111721598,41.360967180310425,9.907799451840734,34.70210112832814,7.073291855251482
-31.5278625,117.25315677083333,10030.0,10061.0,0.8645527859238492,26.801136363639326,31.0,174,,123.69045804248604,169.517883926009,339.035767852018,35.37005110980611,4.851505293994915,21.375106791965788,5.909978946165682
-31.529640000000004,117.25525611111111,10061.0,10090.0,0.925917686318069,26.851612903224,29.0,176,,121.61842187394765,155.92472704332042,311.84945408664083,36.72742163265642,9.341406290263789,30.55304223271316,7.803370385380156
-31.490248924731183,117.18867903225808,12101.0,12131.0,0.027822580645185956,0.8346774193555787,30.0,178,,107.7660583110048,142.9291739810487,285.8583479620974,32.58266310165725,6.350072115129435,30.303591983529525,7.045514846127705
-31.49025322580645,117.18776236559138,12131.0,12161.0,0.4141129032258062,12.423387096774185,30.0,180,,108.73786839424939,144.21807713517308,288.43615427034615,32.81650010249808,6.1202826739906016,23.292158583019372,8.690415436858531
-31.489684848484853,117.18620505050504,12161.0,12193.0,0.3990641711229157,12.770053475933302,32.0,182,,108.62595289240137,153.67428756349372,307.34857512698744,31.129351407230978,9.031656196572937,39.60519890618021,10.939525864950419
-31.487346236559137,117.18308655913978,12227.0,12257.0,1.4512096774193763,43.53629032258129,30.0,184,,113.01099152073074,149.88548270200474,299.7709654040095,33.83019880135521,8.874492094879722,33.942439296773095,10.491366871906772
-31.48664623655914,117.18223870967742,12257.0,12287.0,1.4036290322580736,42.108870967742206,30.0,186,,104.7798291054812,138.96856448717816,277.9371289743563,31.856435988297054,8.700207970200386,37.23235688493086,11.010946897773769
