lat,lon,t_start,t_end,climb_rate_ms,alt_gain_m,duration_s,circle_id,seg_id,avg_speed_kmh,turn_radius_m,circle_diameter_m,bank_angle_deg,bank_std_deg,bank_range_deg,bank_masd_deg
-31.59601111111111,117.23182962962963,333.0,365.0,2.616666666666657,83.73333333333302,32.0,0,,116.73828504132908,165.15088988798388,330.30177977596776,32.98519722275462,10.416243368573758,30.07821457096872,11.013548964114033
-31.595637500000002,117.22785833333333,365.0,394.0,2.9916839916839604,86.75883575883485,29.0,2,,115.63272960807683,148.250581808246,296.501163616492,35.35188678059114,4.853568169577735,14.20802623120533,5.286904344127073
-31.594688095238094,117.22456666666666,394.0,418.0,3.803571428571448,91.28571428571475,24.0,4,,115.19093939228352,122.22138269120566,244.44276538241132,40.49456234881358,5.392349072556782,14.718336932935003,5.023934152982685
-31.593623809523812,117.2219380952381,418.0,443.0,3.7477037887486087,93.69259471871521,25.0,6,,115.59048492817887,127.75553507436732,255.51107014873463,39.440826253126765,6.9856773254527,15.469311801894907,5.689575885227614
-31.592690476190477,117.21980476190477,443.0,467.0,4.223214285714295,101.35714285714309,24.0,8,,114.34019085673229,121.31871045946454,242.63742091892908,40.284941183019825,4.6587801184093625,12.410383546322798,4.343963103899218
-31.5925,117.21736666666668,467.0,487.0,2.9714285714285604,59.42857142857121,20.0,10,,119.42791903055388,105.59746476050715,211.1949295210143,46.73276078689756,3.8153793767344983,9.93466623089698,4.692247893711222
-31.59194649122807,117.21508771929824,487.0,507.0,3.595805282237209,71.91610564474418,20.0,12,,118.90025130623604,105.13090405697807,210.26180811395614,46.60612096051623,5.990444920879223,27.34271257032185,5.963851882313829
-31.5921053030303,117.21290227272729,507.0,528.0,3.241671372106142,68.07509881422898,21.0,14,,125.89297284929117,116.87951875540769,233.75903751081538,46.84509770671952,3.8988263080432253,16.1960307638551,4.954290951742107
-31.592241666666666,117.21038541666667,528.0,553.0,3.388923851478921,84.72309628697302,25.0,16,,124.04971728698717,137.10503955122326,274.2100791024465,41.438182609776945,6.224448783686027,18.298850661632393,7.854095247629914
-31.592510416666663,117.20702708333334,553.0,581.0,1.8809523809524202,52.666666666667766,28.0,18,,119.78438581203139,148.27771083386716,296.5554216677343,37.27532357619344,3.321625524783849,10.287494866272542,4.260294175701195
-31.592660416666668,117.20349166666666,581.0,609.0,0.5684523809524532,15.91666666666869,28.0,20,,120.30268317641965,148.91929651468632,297.83859302937265,37.39461215276388,4.31244354857763,10.347686294518027,3.3877137731574494
-31.624177777777774,117.29056666666666,1036.0,1068.0,2.9000000000000004,92.80000000000001,32.0,22,,114.58057605301849,162.09835609915328,324.19671219830656,32.49892695145475,10.81511358669825,29.7390217702359,6.754171904796165
-31.62302222222222,117.28833611111112,1068.0,1088.0,2.9142857142857137,58.28571428571428,20.0,24,,115.95300978611814,102.5249704102423,205.0499408204846,45.88776183117426,4.781391679409786,11.931246584618805,3.9414187019477787
-31.622258333333335,117.28683888888888,1088.0,1108.0,2.835714285714238,56.714285714284756,20.0,26,,114.26468682927072,101.03216516514347,202.06433033028694,45.467691697793036,3.8086704762802497,9.358010664875692,3.2625015627810523
-31.621494444444448,117.28525833333333,1108.0,1128.0,3.2357142857142427,64.71428571428486,20.0,28,,115.32739731273313,101.97180753469135,203.9436150693827,45.732838805628404,5.159194979686769,13.000307080742502,3.9648730406957604
-31.620769444444445,117.28363611111111,1128.0,1148.0,2.7428571428571114,54.85714285714223,20.0,30,,114.06221113901012,100.85313734869392,201.70627469738784,45.41688900410739,3.6306355644434465,9.583709550817154,3.4362212539420245
-31.619861904761905,117.28155952380952,1148.0,1172.0,3.196428571428603,76.71428571428648,24.0,32,,114.91132451687227,121.92470209398084,243.84940418796168,40.425810240780564,6.621725751621925,15.340492520363377,3.8713731430683866
-31.632041666666666,117.36452777777777,1405.0,1426.0,2.141489361702116,44.971276595744435,21.0,34,,114.58082685609747,106.37727903660962,212.75455807321924,44.149253955077,9.90840003525935,25.474676946532142,10.757202565558961
-31.631216666666663,117.36154523809523,1426.0,1450.0,3.2500000000000036,78.00000000000009,24.0,36,,120.66833355013348,128.03307839443562,256.06615678887124,41.81329377293929,5.637281324980503,15.526166960790349,6.596492636423777
-31.63025833333333,117.35872222222223,1450.0,1470.0,3.428571428571412,68.57142857142824,20.0,38,,116.40397123596199,102.92370787627863,205.84741575255725,45.9989020136437,5.7140683284227185,14.999511441528952,6.194286853114193
-31.628925,117.35634722222221,1470.0,1490.0,3.80714285714285,76.142857142857,20.0,40,,114.55687861773461,101.2905194288373,202.5810388576746,45.54084375101301,7.00393432644672,16.782944254494772,8.293847270146042
-31.627686111111114,117.35416944444444,1490.0,1510.0,2.7428571428571114,54.85714285714223,20.0,42,,110.87070221950825,98.0312239016906,196.0624478033812,44.603908312689526,6.033423724461948,15.233621579013708,7.066944742855448
-31.626486111111117,117.35196666666667,1510.0,1530.0,2.5714285714285556,51.42857142857111,20.0,44,,114.4396068691537,101.18682843732796,202.37365687465592,45.51150686744874,6.756303234638148,16.743709833449977,7.858498913926503
-31.62479285714286,117.3496119047619,1530.0,1554.0,2.428571428571426,58.28571428571423,24.0,46,,115.13062898398272,122.15739136053259,244.31478272106517,40.47974503993607,8.074902039783213,22.74465632717232,8.961654215272654
-31.651925,117.63499166666668,2490.0,2520.0,3.314996725605744,99.44990176817232,30.0,48,,119.13967232924993,158.0138980795736,316.0277961591472,35.243154308885586,11.368756994746134,34.69378099758222,12.390648276160709
-31.64950238095238,117.63284999999999,2520.0,2544.0,4.25892857142859,102.21428571428615,24.0,50,,112.65959999259917,119.53554817051877,239.07109634103753,39.86699921466162,9.12637213301952,22.84368684581711,8.526997904492507
-31.648176190476192,117.63140714285714,2544.0,2568.0,4.544642857142877,109.07142857142905,24.0,52,,102.41056254080328,108.66098168793691,217.32196337587382,37.20485768541621,6.384165239254325,16.304056886303442,6.247301313193638
-31.647369047619048,117.62972619047618,2568.0,2592.0,4.214285714285713,101.14285714285711,24.0,54,,105.98795308214187,112.45671094143177,224.91342188286353,38.15651990730118,4.624904313989296,11.52811414149702,4.4081302158726645
-31.64622380952381,117.6278119047619,2592.0,2616.0,3.93750000000002,94.50000000000048,24.0,56,,110.38791551216109,117.12521607580634,234.25043215161267,39.29385712958296,4.312521993115125,12.467976510448537,3.873485185874121
-31.644980952380955,117.62535714285714,2616.0,2640.0,3.482142857142914,83.57142857142993,24.0,58,,117.46886388286224,124.63833564231028,249.27667128462056,41.04944400315103,7.229022137005403,19.852260013857087,8.075606009834123
-31.643988095238093,117.62256904761905,2640.0,2664.0,3.3928571428571708,81.4285714285721,24.0,60,,112.60006720660344,119.47238192273707,238.94476384547414,39.8520999084315,5.121434484890234,13.24366012356753,4.513665607184384
-31.643016666666664,117.61956666666666,2664.0,2688.0,4.56250000000003,109.50000000000072,24.0,62,,115.23091415565997,122.26379723247427,244.52759446494855,40.504379907986,5.384826744141616,13.365510542335521,4.787150469219137
-31.641620833333334,117.61690416666667,2688.0,2716.0,3.6934523809524222,103.41666666666782,28.0,64,,116.55343835266844,144.2782121525397,288.5564243050794,36.52312513771981,8.02548958679271,23.540335428848536,8.090703916819766
-31.640541666666667,117.61493125,2716.0,2744.0,2.482142857142847,69.49999999999972,28.0,66,,111.08277876233353,137.50623702984618,275.01247405969235,35.21540135220339,7.553877437228381,22.70431228187788,7.405947933335877
-31.64985,117.67143333333334,2984.0,3012.0,1.5654761904761867,43.83333333333323,28.0,68,,120.70638883484392,149.41903235651603,298.83806471303205,37.48726465353406,13.192408367057936,32.295598584488225,8.433587150228512
-31.257929166666667,117.65314375,6065.0,6093.0,2.2589285714285814,63.25000000000028,28.0,70,,116.08079339441232,143.69313829694252,287.38627659388504,36.41184193484732,7.129649039926719,20.91417850212818,8.838616398080225
-31.256883333333334,117.64978958333333,6093.0,6121.0,2.351190476190511,65.83333333333431,28.0,72,,110.03344917388885,136.20730154480742,272.41460308961484,34.95961242712085,4.618124600929885,13.384389938836481,4.694214657406878
-31.25643333333333,117.64655238095237,6121.0,6145.0,2.214285714285717,53.14285714285721,24.0,74,,115.01994814242774,122.03995534027227,244.07991068054454,40.452535490541806,8.200388123506187,20.996913296471174,7.536127580103428
-31.255739583333337,117.64322708333333,6145.0,6173.0,2.172619047619037,60.83333333333303,28.0,76,,118.57322667749894,146.77845112062028,293.55690224124055,36.995089660969604,5.2242948030695695,16.197342976416838,4.273351958222157
-30.942964285714286,117.3324738095238,7284.0,7308.0,1.7678571428571572,42.42857142857177,24.0,78,,116.6405405927841,123.75945733501642,247.51891467003284,40.848743643693695,9.017550306674186,24.226262369825086,7.4212300699583365
-30.941180952380954,117.32953333333332,7308.0,7332.0,1.6428571428571195,39.42857142857087,24.0,80,,113.89499128554657,120.84633904335388,241.69267808670776,40.17472472055367,6.246236542249957,18.857689137599525,5.319254880890267
-30.940224999999998,117.32638125,7332.0,7360.0,1.3720238095238462,38.416666666667695,28.0,82,,114.34233458040147,141.5411491910753,283.0822983821506,35.99977059596884,5.463424281811046,14.283290402259713,6.713621558136335
-30.9393,117.32252142857143,7360.0,7385.0,2.008172796263897,50.204319906597426,25.0,84,,116.51605097805466,128.7785101576713,257.5570203153426,39.665186438583774,6.162990982307491,17.344887568511606,5.089081016629751
-30.937790476190482,117.31960238095239,7385.0,7409.0,1.124999999999994,26.999999999999858,24.0,86,,113.72056061691691,120.66126235575898,241.32252471151796,40.13144366323113,7.206720797976793,18.62082816175444,6.838353963714191
-30.806875,117.24359722222225,7786.0,7806.0,1.4428571428571297,28.857142857142595,20.0,88,,119.72827016655616,105.86303347138508,211.72606694277016,46.804580256460845,5.37314296577303,12.665331788789494,5.094067516034327
-30.805288095238094,117.2409357142857,7806.0,7830.0,2.053571428571432,49.28571428571436,24.0,90,,125.42306373675595,133.0780038095637,266.1560076191274,42.91569193080222,5.366613941916723,12.202498351292888,4.320440186499485
-30.803576190476186,117.23856190476191,7830.0,7854.0,1.544642857142889,37.07142857142934,24.0,92,,118.24483824799142,125.46167001512964,250.92334003025928,41.23635621372604,4.423108781526305,10.986291199645983,3.816281553216119
-30.802102380952388,117.23607142857144,7854.0,7878.0,1.3214285714286094,31.714285714286625,24.0,94,,120.66042230746201,128.0246843052545,256.049368610509,41.811427117264735,6.836555121809722,20.242697454745418,6.62802104630286
-30.720050000000004,117.21552380952382,8140.0,8164.0,2.0714285714286094,49.714285714286625,24.0,96,,115.98801459153964,123.06710574438945,246.1342114887789,40.689777447436676,3.2508629647823137,8.004621919678677,4.434142116358641
-30.719729166666667,117.21337083333333,8164.0,8193.0,1.2372034956304907,35.87890137328423,29.0,98,,114.03943356824823,146.2078464538359,292.4156929076718,34.977603398514354,8.022506903176629,21.358199049654193,7.781524607177038
-30.71912142857143,117.21139761904762,8193.0,8217.0,2.0357142857143025,48.85714285714326,24.0,100,,117.24134867175633,124.39693450580293,248.79386901160586,40.99443920900458,4.10039919514389,8.915474796682204,3.5365029670897172
-30.71814375,117.20860208333335,8217.0,8245.0,1.7351190476190737,48.58333333333406,28.0,102,,116.49356251498016,144.20409354278527,288.40818708557055,36.50904517473227,7.125230277111858,19.62478545969066,6.619077521036961
-30.715064583333334,117.20388333333334,8281.0,8310.0,1.8364518364517928,53.25710325710199,29.0,104,,110.5532693400844,141.73829983968866,283.47659967937733,34.1466014958983,5.883268879172315,17.442324160363537,8.342498617160208
-30.71365,117.20278125,8310.0,8338.0,2.3303571428571828,65.25000000000112,28.0,106,,110.43786026130397,136.70791061727738,273.41582123455476,35.05838338365871,5.375059246595626,14.490199187096287,7.436945206659309
-30.71179375,117.20055208333333,8338.0,8366.0,1.8720238095238524,52.416666666667865,28.0,108,,117.72924267923727,145.73370714673513,291.46741429347026,36.79858196181777,7.13546188413069,22.05799525982598,6.552950617286914
-30.71075,117.19818541666666,8366.0,8394.0,2.2440476190476573,62.8333333333344,28.0,110,,119.18421885204853,147.53478109105387,295.06956218210775,37.1367184279941,4.30117885061199,10.255030902624682,3.4461401168689747
-30.70983095238096,117.1962,8394.0,8418.0,1.8482142857142818,44.35714285714276,24.0,112,,115.37591505660286,122.41764796672655,244.8352959334531,40.53996714169561,4.306337745427113,12.646538204479327,4.764658684058413
-30.70873125,117.19418333333334,8418.0,8446.0,1.57142857142861,44.00000000000108,28.0,114,,115.89410262688632,143.46203906430955,286.9240781286191,36.36779794375821,4.065874744755472,10.172574546221242,4.585886578249081
-30.70609814814815,117.19102777777779,8446.0,8478.0,1.1041666666666443,35.33333333333262,32.0,116,,122.77098940300488,173.6854207268527,347.3708414537054,34.31669899753053,10.71250637091919,32.291857100465656,7.000947369067793
-30.648244444444444,117.2015037037037,8666.0,8698.0,0.608333333333317,19.466666666666143,32.0,118,,109.31414276560629,154.64787707555016,309.2957541511003,31.289714106998638,11.224429361552907,32.93933453849599,8.853653864719686
-30.779790740740737,117.19544074074072,9172.0,9204.0,1.8583333333333087,59.46666666666588,32.0,120,,116.32177836704057,164.5616534787058,329.1233069574116,32.89174479281232,5.620505097476336,15.790585999513414,3.948714714086164
-30.777839583333332,117.19264791666666,9204.0,9232.0,2.1369047619047654,59.83333333333343,28.0,122,,111.12978967553661,137.56443051263366,275.1288610252673,35.22682339881392,6.118387419135846,17.57268396600746,8.057357172142153
-30.942629166666663,117.17333125,9729.0,9757.0,1.5952380952381213,44.666666666667396,28.0,124,,110.76628035166198,137.11445257898646,274.2289051579729,35.13841933358624,8.887201916173078,22.57924623156739,7.431342730375328
-30.941266666666667,117.16968333333332,9757.0,9781.0,1.7053571428571381,40.92857142857132,24.0,126,,129.32477592569816,137.21784901884408,274.43569803768816,43.79181843564876,11.835436408783005,28.217517277893794,7.707803281859441
-30.94009722222222,117.16682222222221,9781.0,9801.0,3.2142857142856904,64.28571428571381,20.0,128,,122.41817360353156,108.24143029602128,216.48286059204256,47.43932288776089,6.7112263677850885,18.332599637278335,8.900191761069646
-30.939177777777775,117.1643888888889,9801.0,9821.0,3.507142857142842,70.14285714285684,20.0,130,,114.715762897277,101.431003975886,202.862007951772,45.58054170977286,7.224418771656687,17.467206644766804,8.423530272639326
-30.938547222222223,117.16225277777778,9821.0,9841.0,3.9785714285714056,79.57142857142811,20.0,132,,112.2176662226978,99.22220156432653,198.44440312865305,44.94984064960851,7.469637675642228,17.821674518973786,7.981456656777068
-30.93800277777778,117.16016666666667,9841.0,9861.0,3.585714285714256,71.71428571428513,20.0,134,,111.1626576064553,98.28936914055133,196.57873828110266,44.67924161883706,6.173727555367852,15.075743090363204,4.8959647515160345
-30.93777222222222,117.15805833333333,9861.0,9881.0,3.364285714285694,67.28571428571388,20.0,136,,117.2252752132498,103.64990003053634,207.2998000610727,46.200172586838406,3.781986452472378,10.274218403647005,5.4574722636501445
-30.93743333333333,117.15601388888888,9881.0,9901.0,3.6214285714285515,72.42857142857103,20.0,138,,112.59173685027065,99.55295261679156,199.10590523358312,45.04517775613488,6.705425637194742,16.649543800466034,7.377153553671903
-30.937002777777778,117.15408611111111,9901.0,9921.0,3.5571428571428334,71.14285714285667,20.0,140,,109.18055155305521,96.53680260649026,193.0736052129805,44.16393327067221,6.657868210977984,14.834919313024493,7.212505655856596
-30.936577777777774,117.15225555555554,9921.0,9941.0,1.8571428571428004,37.14285714285601,20.0,142,,115.04062450771913,101.71824470434521,203.43648940869042,45.66153546208736,4.226647418013086,11.29482249258043,4.379946784436166
-30.935840476190474,117.15029285714286,9941.0,9965.0,1.2946428571428494,31.071428571428385,24.0,144,,121.98473660801129,129.4298254195192,258.8596508390384,42.12238783512085,9.14890051612911,24.30063580731156,12.853405294561705
-31.09030277777778,117.17011111111111,10482.0,10502.0,1.842857142857135,36.8571428571427,20.0,146,,120.48795535975897,106.53474265856258,213.06948531712516,46.98538251926941,7.429600615957441,16.175185311203386,7.595527451979086
-31.089459523809523,117.16738571428571,10502.0,10526.0,2.303571428571436,55.28571428571446,24.0,148,,115.24580023498851,122.2795918531969,244.5591837063938,40.50803510448309,8.306061969564908,24.013573564249825,9.667562023519949
-31.088019047619046,117.1646,10526.0,10550.0,1.7946428571428932,43.071428571429436,24.0,150,,120.99126660405638,128.3757210065662,256.7514420131324,41.8893969492484,6.986117616462228,19.618461028254742,6.369195880197357
-31.08629285714286,117.16237380952383,10550.0,10574.0,2.6696428571428714,64.07142857142891,24.0,152,,117.98657853416034,125.1876479480782,250.3752958961564,41.1742663700661,4.094568142473775,10.35126440686107,5.324315875974702
-31.084457407407406,117.15972407407406,10574.0,10606.0,1.9958333333333207,63.86666666666626,32.0,154,,119.89795597020856,169.62090986020547,339.24181972041094,33.68771844211049,7.379615480417511,23.011737091097782,6.217143689619993
-31.083737499999998,117.15610416666667,10606.0,10634.0,2.431547619047632,68.0833333333337,28.0,156,,123.37639474844875,152.72415732834224,305.4483146566845,38.09428999986486,7.720646231890409,22.613889933288828,6.9694354652273836
-31.235022916666665,117.1682375,11103.0,11131.0,0.6517857142857187,18.250000000000124,28.0,158,,120.72412203259897,149.44098378157915,298.8819675631583,37.491329253470695,5.790431585550459,15.410500022684456,6.37834587911775
-31.22592619047619,117.16725714285714,11183.0,11207.0,1.3571428571428923,32.571428571429415,24.0,160,,111.44518446200327,118.24701327277273,236.49402654554547,39.561783706083716,6.707584230383193,16.424883931164008,6.012620310312107
-31.224477083333333,117.16407916666667,11207.0,11235.0,1.6785714285714446,47.00000000000045,28.0,162,,121.66190773896237,150.60184224280204,301.2036844856041,37.70564829745968,4.772259320558164,15.256615988005013,3.0646532989661335
-31.223329166666666,117.16005625,11235.0,11263.0,1.3392857142857382,37.50000000000067,28.0,164,,110.25770838046867,136.48490568794887,272.96981137589773,35.01441362134177,4.161472926068626,10.409280745984123,2.387285464562476
-31.248247619047618,117.13389761904763,11455.0,11479.0,2.81250000000005,67.50000000000121,24.0,166,,115.01816746311466,122.03806598084068,244.07613196168137,40.45209755180287,9.558363563411408,22.96127367782651,8.56275605200592
-31.247538888888887,117.13183055555555,11479.0,11499.0,2.114285714285673,42.28571428571346,20.0,168,,108.72622696504531,96.13509147343491,192.27018294686982,44.0445327807268,3.807135417536483,10.282754062317302,4.968379550053115
-31.246788095238095,117.12913809523809,11499.0,11523.0,2.616071428571459,62.78571428571502,24.0,170,,113.17211316351909,120.07934153419613,240.15868306839226,39.99499887302592,10.040825166672114,27.636494335285484,9.901389096959353
-31.246876190476193,117.12705476190477,11523.0,11547.0,2.3571428571428843,56.57142857142922,24.0,172,,112.14565107882628,118.99023143636099,237.98046287272197,39.738159546484596,8.691988331335036,21.848946331869396,7.6993450519352296
-31.24665555555556,117.12548611111112,11547.0,11567.0,2.7928571428571485,55.85714285714297,20.0,174,,118.69272166457496,104.94740756637556,209.89481513275112,46.5561511814022,6.20659034642456,13.80158918995187,4.221412360864781
-31.246047222222227,117.12409166666667,11567.0,11587.0,3.035714285714309,60.714285714286184,20.0,176,,119.18910696357949,105.386308533124,210.772617066248,46.67551959033395,3.6564439988818083,7.964569793528369,3.732250263718065
-31.245495238095234,117.12229285714285,11587.0,11611.0,2.946428571428575,70.71428571428581,24.0,178,,117.47769691700992,124.64770778262428,249.29541556524856,41.051577653019976,8.484482000439735,21.34108885408445,6.309338511863797
-31.245347619047617,117.12041190476191,11611.0,11635.0,2.366071428571431,56.78571428571435,24.0,180,,114.07028372134519,121.03233009431368,242.06466018862736,40.21816405886177,5.053450568133023,13.826305576429334,4.313765853927613
-31.389535714285717,117.18372857142856,12112.0,12137.0,3.091561423651014,77.28903559127535,25.0,182,,120.25210421381489,132.90775557521093,265.81551115042186,40.55617859868058,7.750721507959397,20.333775816730306,8.557161137801582
-31.388110416666667,117.18015625,12137.0,12166.0,2.295690683018241,66.57502980752899,29.0,184,,122.19959484978884,156.6698381558204,313.3396763116408,36.85842782274169,6.696362558897317,18.3517479926482,8.163402062783
