lat,lon,t_start,t_end,climb_rate_ms,alt_gain_m,duration_s,circle_id,seg_id,avg_speed_kmh,turn_radius_m,circle_diameter_m,bank_angle_deg,bank_std_deg,bank_range_deg,bank_masd_deg
-32.123916666666666,116.94670666666666,336.0,368.0,4.724999999999989,151.19999999999965,32.0,0,,106.73339260001275,150.99686244675513,301.99372489351026,30.68553949992027,5.741797486991553,10.777077819927019,6.622067251350965
-32.12552857142856,116.94715317460317,368.0,391.0,5.801362862010239,133.4313458262355,23.0,2,,115.8316947596414,117.7803600325822,235.5607200651644,41.860334946468825,9.095775816239156,39.046748722998885,7.919457377075706
-32.126970454545464,116.94649090909091,391.0,419.0,5.56030997304588,155.68867924528462,28.0,4,,120.79330202487536,149.52661974173125,299.0532394834625,37.50718166845395,6.92523735630247,25.991075962293944,7.465674757041415
-32.129016666666665,116.94591249999999,419.0,443.0,5.7500000000000036,138.00000000000009,24.0,6,,99.56785711990742,105.64477755800554,211.2895551160111,36.43110241259499,5.892335591985447,11.605990249746316,5.802995124873158
-32.13098666666667,116.94598666666666,443.0,475.0,4.649999999999985,148.79999999999953,32.0,8,,97.88543740792197,138.4795664016276,276.9591328032552,28.556025556956143,7.031002813410117,14.943893235223069,10.68671243624197
-32.13274333333333,116.94636333333332,475.0,507.0,4.012499999999987,128.39999999999958,32.0,10,,97.02432551181059,137.26134226988216,274.5226845397643,28.343970896903357,5.269015174637612,11.501377406295369,7.202951795303652
-32.13441666666667,116.94575999999999,507.0,539.0,3.2624999999999735,104.39999999999915,32.0,12,,102.60360816981851,145.15441261591639,290.30882523183277,29.702791636201386,3.4106977502051485,7.246363327789872,2.4154544425966242
-32.13783333333333,116.94014999999999,579.0,611.0,3.824999999999989,122.39999999999965,32.0,14,,116.1753278330491,164.3544683551219,328.7089367102438,32.85883845406051,2.556032761910925,5.923188452898273,4.131741059271936
-32.140613333333334,116.93850666666667,611.0,643.0,4.45,142.4,32.0,16,,116.33006583830698,164.57337785219718,329.14675570439437,32.89360619527101,5.7078981465521625,12.204076560725493,5.8639327254430995
-32.14287333333333,116.93758333333332,643.0,675.0,3.737499999999978,119.5999999999993,32.0,18,,108.04481756125244,152.8521492474253,305.7042984948506,30.993511051652877,4.076226475715856,8.603788822478016,5.677099792800328
-32.144833333333324,116.93706,675.0,707.0,2.987499999999985,95.59999999999953,32.0,20,,104.11099137962104,147.28692362901683,294.57384725803365,30.063770911346523,5.494813358199383,11.606494668108546,7.697725522706052
-32.14614333333333,116.93594333333333,707.0,739.0,2.3249999999999824,74.39999999999944,32.0,22,,109.42489561497034,154.80456030610839,309.60912061221677,31.315471048632485,2.142166224746991,4.3507275677396535,1.4682092582274298
-32.14803,116.93423333333335,739.0,771.0,2.3249999999999824,74.39999999999944,32.0,24,,122.26337309197481,172.96729054823484,345.9345810964697,34.206245913018314,7.0274527222086,15.620859216418825,7.201438378940106
-32.15629666666667,116.92555666666667,851.0,883.0,1.6999999999999813,54.3999999999994,32.0,26,,114.14731448113876,161.48541635856284,322.9708327171257,32.400644988373664,7.3190523218798695,17.09533194840992,10.772293665618918
-32.159180000000006,116.92386333333334,883.0,915.0,1.6749999999999663,53.59999999999892,32.0,28,,110.28942072351894,156.02761314568676,312.0552262913735,31.516043173752234,6.372037262879587,15.078601754137932,7.6743313782927025
-31.904093333333332,116.97759999999998,1801.0,1833.0,2.0874999999999644,66.79999999999886,32.0,30,,112.6672350482453,159.39153228821934,318.7830645764387,32.063282352638495,7.792270323298769,17.46602407103821,10.549426341394515
-31.907463333333332,116.97549333333332,1873.0,1905.0,2.887499999999977,92.39999999999927,32.0,32,,109.52475192374214,154.9458280851301,309.8916561702602,31.338681794199406,7.6444840942929275,14.854880823316403,8.821659214929488
-31.909163333333332,116.97465,1905.0,1937.0,2.8374999999999884,90.79999999999963,32.0,34,,108.7797155009974,153.89181715656716,307.7836343131343,31.165228509206205,5.1920872719747795,12.676566083904074,8.131303901626277
-31.91127666666667,116.97351333333333,1937.0,1969.0,2.9249999999999683,93.59999999999899,32.0,36,,107.48610228491064,152.06172882066306,304.1234576413261,30.86254552067915,5.503197635331474,12.791876671683152,7.458942297150705
-31.913293333333332,116.97262666666666,1969.0,2001.0,1.9249999999999707,61.59999999999906,32.0,38,,109.90180660689755,155.47925134415348,310.95850268830696,31.426221734658817,6.333476650919541,13.735632917343157,8.129881735369517
-31.91524,116.97090999999998,2001.0,2033.0,2.37499999999995,75.9999999999984,32.0,40,,94.18839570096073,133.24932229069623,266.49864458139245,27.63959830342328,8.786036716070702,21.223525725374383,11.500955331056616
-31.579366666666665,117.00671666666668,2961.0,2993.0,1.9125000000000048,61.20000000000015,32.0,42,,104.26993797768849,147.51178706697306,295.0235741339461,30.101682170847077,6.16898142112355,13.641374600672105,9.098501100845617
-31.581803333333333,117.00603666666666,2993.0,3025.0,1.5499999999999847,49.59999999999951,32.0,44,,97.0106770480018,137.24203364338635,274.4840672867727,28.34060302405486,6.446188023210752,13.575529151163291,8.767681278691331
-31.583643333333335,117.00518333333335,3025.0,3057.0,1.6374999999999802,52.399999999999366,32.0,46,,97.58273987492078,138.05133699150437,276.10267398300874,28.48158116991184,6.063692696646571,12.653843946237242,5.179000802785811
-31.58361,117.00235333333333,3105.0,3137.0,3.4124999999999908,109.1999999999997,32.0,48,,108.09158029210087,152.91830497868756,305.8366099573751,31.004456191751576,4.4964231114729785,10.772071271458646,5.858567938787547
-31.585591666666666,117.00132083333334,3137.0,3162.0,2.9825960841189216,74.56490210297304,25.0,50,,100.75910606511512,111.36326244294196,222.72652488588392,35.642616240535396,3.88041973856003,6.874609965629638,3.437304982814819
-31.587029166666667,117.00087916666666,3162.0,3186.0,3.725000000000002,89.40000000000005,24.0,52,,100.47259299665313,106.60473213784996,213.20946427569993,36.67906074528434,5.13061190678937,9.836584984774312,6.112455290838138
-31.5883375,117.0006625,3186.0,3210.0,3.387500000000007,81.30000000000017,24.0,54,,99.42385205584021,105.49198343949516,210.98396687899032,36.39148844340273,4.8171081051768265,9.559876350796742,6.65266345960913
-31.589591666666667,117.00044166666666,3210.0,3234.0,3.2999999999999865,79.19999999999968,24.0,56,,100.15623990390145,106.26907108135768,212.53814216271536,36.5925396662796,5.850105109404718,10.273150922896896,10.129629519047622
-31.59092,117.00003666666666,3234.0,3266.0,3.0999999999999592,99.1999999999987,32.0,58,,103.36920256463009,146.23750712558493,292.47501425116985,29.88645832473197,4.562678790932468,10.766687337262898,4.62072519233901
-31.592990000000004,116.99972666666665,3266.0,3298.0,2.4874999999999967,79.5999999999999,32.0,60,,109.40795922717888,154.78060021868498,309.56120043736996,31.31153319470812,6.270097927375575,14.537338882478782,7.6993483178707836
-31.594959999999997,116.99968333333334,3298.0,3330.0,2.7374999999999803,87.59999999999937,32.0,62,,109.59120387922131,155.03983837128683,310.07967674257367,31.35412164045333,4.096207394160473,7.964422418375101,4.798110749941728
-31.596906666666666,116.99952,3330.0,3362.0,2.699999999999979,86.39999999999932,32.0,64,,109.9892872234261,155.60301110011122,311.20602220022244,31.446508594916303,3.2691017846544215,7.40750473794542,4.130355569767097
-31.598996666666665,116.99963333333332,3362.0,3394.0,3.1999999999999673,102.39999999999895,32.0,66,,105.29240001289044,148.95827495165028,297.91654990330056,30.344860667134615,5.614743023183977,11.662952726651671,7.263267265661006
-31.60068,116.99939000000002,3394.0,3426.0,2.637499999999962,84.39999999999878,32.0,68,,100.55226612314569,142.25235726746993,284.50471453493986,29.20735016619909,1.8526575528805855,4.143534733165978,2.567618949836522
-31.602245833333335,116.99880416666667,3426.0,3450.0,3.025000000000008,72.6000000000002,24.0,70,,101.7713956543504,107.98280455833937,215.96560911667873,37.03224482543286,5.621159849045564,10.44633382286068,5.22316691143034
-31.603758333333335,116.99859166666666,3450.0,3474.0,2.9124999999999996,69.89999999999999,24.0,72,,102.16255357597177,108.39783600337664,216.79567200675328,37.137974041635125,5.828260911640725,10.743885405122057,6.100072732150643
-31.605763333333336,116.99862666666668,3474.0,3506.0,2.9874999999999745,95.59999999999918,32.0,74,,112.25404126340894,158.8069826587833,317.6139653175666,31.968653355163433,6.454045570336107,11.801625754587675,7.429742602744471
-31.274496666666664,117.03037666666667,4602.0,4634.0,3.612499999999986,115.59999999999955,32.0,76,,101.56244708295858,143.68147098455026,287.3629419691005,29.45193445156137,5.320006108083573,11.97887023538377,7.458274982753511
-31.20921333333333,117.07774333333332,5053.0,5085.0,3.1374999999999917,100.39999999999974,32.0,78,,104.31464820943201,147.5750391059843,295.1500782119686,30.112341025939497,3.721499189654975,8.653081137191208,4.813261202178967
-31.211399999999998,117.07752333333333,5085.0,5117.0,2.9999999999999614,95.99999999999876,32.0,80,,104.59142699807148,147.96660099358394,295.9332019871679,30.178273513085692,4.241436891168022,8.467379125609629,5.164947566449601
-31.213203333333333,117.0771,5117.0,5149.0,3.0999999999999694,99.19999999999902,32.0,82,,101.79522896115823,144.01078997635196,288.0215799527039,29.508129087636867,4.7736388014301605,10.494161314430741,5.88301478538256
-31.214683333333333,117.07730666666666,5149.0,5181.0,3.0249999999999866,96.79999999999957,32.0,84,,101.0056662163128,142.89378718769993,285.78757437539986,29.317272188652403,3.450877642586946,8.367107589738396,5.296466415549702
-31.21671333333333,117.07710333333334,5181.0,5213.0,2.4250000000000007,77.60000000000002,32.0,86,,111.96055867363047,158.39178972656416,316.7835794531283,31.901321699698826,7.371766245193756,14.195424397347526,8.531110979119903
-31.30140666666667,117.29571000000001,5837.0,5869.0,4.237499999999966,135.59999999999891,32.0,88,,101.55514834215812,143.6711453785348,287.3422907570696,29.45017149380661,3.07156321197182,7.106694965421408,5.404692130096859
-31.30233666666667,117.29731333333334,5869.0,5901.0,3.63749999999998,116.39999999999937,32.0,90,,107.21020411927302,151.67141275976337,303.34282551952674,30.797741352892483,1.6243783786708745,3.944953260150072,1.8230038435260572
-31.30358,117.29833666666666,5901.0,5933.0,3.324999999999959,106.39999999999868,32.0,92,,107.88601480278868,152.62748930088188,305.25497860176375,30.956323415098005,2.004779394399756,4.1024775796985296,1.3674925265661766
-31.382113333333336,117.46838333333332,6365.0,6397.0,4.84999999999997,155.19999999999905,32.0,94,,102.80438047449871,145.43844732459021,290.87689464918043,29.751022289096372,4.3508116419076,9.422543204614126,4.86305141319352
-31.383375,117.46829166666667,6397.0,6421.0,4.824999999999977,115.79999999999944,24.0,96,,101.26877875098349,107.4495114606568,214.8990229213136,36.89595502201473,4.221006300162011,8.270642303703443,6.935791299079263
-31.385023333333333,117.46771000000001,6421.0,6453.0,4.799999999999982,153.59999999999943,32.0,98,,106.4044393412306,150.53148878292077,301.06297756584155,30.607978842589613,3.2712902892827995,7.284945460064826,4.559231360686435
-31.386604166666668,117.46715833333333,6453.0,6477.0,4.837500000000002,116.10000000000005,24.0,100,,101.19571862953302,107.37199226417854,214.7439845283571,36.87610337077901,3.234827974811903,6.369590787442448,3.184795393721224
-31.388123333333333,117.46694666666667,6477.0,6509.0,4.724999999999968,151.19999999999897,32.0,102,,101.68774943129341,143.8587375456037,287.7174750912074,29.482190769143813,4.170780394810214,8.271873218744396,5.456366574466231
-31.389529999999997,117.46708666666666,6509.0,6541.0,5.0749999999999496,162.39999999999839,32.0,104,,103.1436413324643,145.91840325830418,291.83680651660836,29.83241606964787,6.737847851327601,14.957302834397257,9.015152404171216
-31.390629999999998,117.46632,6541.0,6573.0,4.387499999999963,140.3999999999988,32.0,106,,108.55642084505284,153.5759198387042,307.1518396774084,31.113118726372115,2.2068575360608644,5.2021727300368745,2.8011890316912726
-31.392339999999997,117.46559333333332,6573.0,6605.0,4.274999999999968,136.799999999999,32.0,108,,109.80092291727654,155.33653011854875,310.6730602370975,31.402815782378813,4.026601558599086,9.757847644269635,4.8780188408950265
-31.396153333333338,117.46466666666667,6645.0,6677.0,3.0499999999999186,97.5999999999974,32.0,110,,115.86825716185936,163.92005222002507,327.84010444005014,32.789762645891436,4.0097386428845425,9.090407620235272,5.5582238414197676
-31.526733333333333,117.76754166666666,7517.0,7541.0,5.4375000000000275,130.50000000000065,24.0,112,,114.19678858029526,121.16655591849397,242.33311183698794,40.24947875276734,3.268945255955303,6.5324090518009115,4.783404627244238
-31.528346666666664,117.76751333333334,7541.0,7573.0,5.312499999999978,169.9999999999993,32.0,114,,113.35074003756237,160.35849404535523,320.71698809071046,32.2193886972206,4.510470379548429,8.631630989245757,3.4589245103521997
-31.530009999999997,117.76770333333334,7573.0,7605.0,4.874999999999975,155.9999999999992,32.0,116,,115.7909345844192,163.81066314969436,327.6213262993887,32.77235193154591,4.244716501226996,9.503703152791406,3.9275806383663365
