lat,lon,t_start,t_end,climb_rate_ms,alt_gain_m,duration_s,circle_id,seg_id,avg_speed_kmh,turn_radius_m,circle_diameter_m,bank_angle_deg,bank_std_deg,bank_range_deg,bank_masd_deg
-32.13716720430107,116.94497688172044,397.0,427.0,1.680645161290339,50.41935483871017,30.0,0,,112.83268482051807,149.64899609596097,299.29799219192194,33.788370625349835,5.491314067597146,25.00512013670118,7.4682981704417495
-32.13802976190476,116.94456607142857,427.0,454.0,1.4077723043240182,38.00985221674849,27.0,2,,109.2847475680568,130.4490583500467,260.8981167000934,35.75836986259713,5.425114376571039,18.6203572825876,6.678271988615283
-32.139403205128204,116.94453846153846,454.0,479.0,0.9302564102564225,23.25641025641056,25.0,4,,110.95008810352411,122.62677054275801,245.25354108551602,38.29390684026283,6.534558879731801,24.083759097530386,6.534904500705949
-32.140642261904766,116.94457023809524,479.0,506.0,0.6918445539135183,18.679802955664993,27.0,6,,108.66672022398481,129.7113425492341,259.4226850984682,35.60442037211676,6.188308723005556,23.766231080284996,8.555817251373485
-32.14096302083334,116.94290833333334,506.0,537.0,1.4660923753666102,45.44886363636492,31.0,8,,107.25942028564282,146.9991319112684,293.9982638225368,31.615480576499493,11.92415929455176,46.10600817952148,9.652619575049874
-32.14230448717949,116.94190833333333,537.0,562.0,1.7186324786325118,42.9658119658128,25.0,10,,109.90651303301084,121.47336685553813,242.94673371107626,38.0308510071995,3.9269539230572392,15.086816245189766,5.043833829673788
-32.14316474358974,116.94135384615386,562.0,587.0,1.6136752136752548,40.34188034188137,25.0,12,,107.78866078776818,119.13262620575593,238.26525241151185,37.4911408652389,4.171021364354937,16.1753080169471,5.482948368849066
-32.144208974358975,116.94061794871797,587.0,612.0,1.8919658119658302,47.299145299145756,25.0,14,,106.80979533386801,118.05074234735243,236.10148469470485,37.23901871478627,5.477179568806188,23.869512402237817,6.993201934556413
-32.145652222222225,116.93992,612.0,641.0,1.4291434927697295,41.445161290322154,29.0,16,,106.27604549354965,136.25455033449154,272.5091006689831,33.10423890210779,6.133721612130981,24.528535956813716,8.958603090630412
-32.146590322580636,116.93924731182797,641.0,671.0,1.1866935483871122,35.600806451613366,30.0,18,,108.65053442279003,144.10224685802638,288.20449371605275,32.79553589750323,9.095634955355603,31.420703442231265,8.150834867988037
-32.14787023809524,116.93788988095238,671.0,698.0,0.3691844553913587,9.967980295566685,27.0,20,,113.61529754597001,135.6182716147321,271.2365432294642,36.82052513311681,7.534929717991173,25.97066847407307,5.921957174577486
-32.1498875,116.93784583333334,698.0,729.0,0.6444281524927064,19.977272727273895,31.0,22,,113.14030809808814,155.05889394424233,310.11778788848466,32.99678581037041,5.1451335256937325,22.545048163141676,5.269922452555049
-32.15092530864197,116.937237654321,729.0,755.0,1.1001221001220838,28.60317460317418,26.0,24,,111.3058085026867,127.94072501919585,255.8814500383917,37.294545895952204,5.490868201082351,19.916938582020258,8.057566693376199
-32.152282758620686,116.93651781609195,755.0,783.0,0.8118226600985109,22.731034482758304,28.0,26,,106.59367490178049,131.94930204515785,263.8986040903157,34.10982738726527,7.067115446676927,33.40527159244693,10.095211965876072
-32.12377283950617,116.9641012345679,1049.0,1075.0,1.1282051282051473,29.33333333333383,26.0,28,,113.75220113580278,130.75273682139155,261.5054736427831,37.89667813428037,5.39684973208947,22.047451228708667,7.045489693445868
-32.125183974358976,116.96319358974357,1075.0,1100.0,0.9364102564102501,23.410256410256252,25.0,30,,114.05971460714888,126.0636624123514,252.1273248247028,39.06656658265932,8.13988856433693,29.827079885435072,7.254501058558269
-32.120296969696966,116.97189242424243,1167.0,1188.0,1.7961603613777104,37.71936758893192,21.0,32,,109.56385584631778,101.71950391253776,203.43900782507552,42.86844790093016,3.721696879809019,14.145432139995073,4.346812504955947
-32.12090902777778,116.97112430555556,1188.0,1211.0,1.9673913043478088,45.2499999999996,23.0,34,,107.5232114639397,109.33210106578514,218.66420213157028,39.75133833487963,3.710791482254742,16.255197155092795,4.540294856234412
-32.1215467948718,116.97041089743587,1211.0,1236.0,1.6208547008547123,40.52136752136781,25.0,36,,105.83163585864206,116.96963876669699,233.93927753339398,36.985382303757824,4.868276530421652,17.431951197407486,6.545031391223318
-32.119004320987656,116.97212469135803,1276.0,1302.0,1.8803418803419043,48.88888888888951,26.0,38,,111.75505002666947,128.45710675219135,256.9142135043827,37.40584927083424,5.725706174484046,21.998985600407995,5.827696300223312
-32.120089285714286,116.97187023809524,1302.0,1329.0,1.5019157088122626,40.55172413793109,27.0,40,,116.33840607626293,138.86874298852078,277.73748597704156,37.473703105226626,6.869605750457819,28.172330006416956,7.2267723848503715
-32.12101933333334,116.97145133333333,1329.0,1353.0,1.6599999999999844,39.83999999999963,24.0,42,,108.99828444829274,115.65077172321502,231.30154344643003,38.93856077975952,5.6936161905356,23.030030464441392,5.6113748659670675
-32.127813636363626,117.01459797979798,2160.0,2192.0,3.3846925133689623,108.31016042780679,32.0,44,,110.74615319506572,156.67375741695116,313.3475148339023,31.621660149143917,9.577227109362045,41.987411896207334,10.022069119272071
-32.12878392857143,117.01401904761904,2192.0,2219.0,3.3188286808976617,89.60837438423687,27.0,46,,103.84815297768242,123.95960158021114,247.91920316042228,34.3836416329212,4.183059292168888,16.74983916037028,4.825311196473439
-32.12942183908046,117.01354252873563,2219.0,2247.0,2.902463054187185,81.26896551724118,28.0,48,,102.7300535641139,127.16663422418596,254.3332684483719,33.13455168215336,5.595016564802679,21.90366760087287,7.870641015886334
-32.12973269230769,117.01288653846153,2247.0,2272.0,2.2478632478632457,56.19658119658114,25.0,50,,102.05135835049734,112.79151479669459,225.58302959338917,35.98909097576945,4.355875035374375,14.427642144939632,4.295485976854316
-32.129840625,117.01229375,2272.0,2303.0,1.883614369501512,58.39204545454687,31.0,52,,104.24500829430225,142.86787756764133,285.73575513528266,30.891090993216913,6.055207144568202,20.57817066596422,8.028441863103392
-32.130626767676766,117.01183838383837,2303.0,2335.0,1.0414438502673422,33.32620320855495,32.0,54,,106.27396522019085,150.34690566017366,300.6938113203473,30.577181169584744,6.864502795563331,29.302595392073105,9.144429385110097
-32.133374137931035,117.0108908045977,2335.0,2363.0,2.9783251231527155,83.39310344827604,28.0,56,,111.05398216197229,137.47059053091047,274.94118106182094,35.20840317370781,18.279677099066355,63.10493297153034,8.289241753360887
-32.13445916666666,117.0101825,2363.0,2382.0,2.4022556390977434,45.642857142857125,19.0,58,,101.4220901430383,85.1929757540418,170.3859515080836,43.52222093477805,3.7789949155948976,13.245960055391464,3.7700262167017704
-32.134986363636365,117.01017424242424,2382.0,2403.0,1.7831733483906713,37.446640316204096,21.0,60,,102.3725139460316,95.0430345156537,190.0860690313074,40.93530079571817,5.753151309199251,23.086356232271292,6.884930710225038
-32.13568985507246,117.01048333333333,2403.0,2425.0,0.8053359683793873,17.71739130434652,22.0,62,,105.67617358249562,102.78207739978043,205.56415479956087,40.51719173138717,9.07471504783743,40.354402394872935,9.27186254367796
-32.13771,117.00734888888888,2458.0,2487.0,1.7775305895439044,51.548387096773226,29.0,64,,105.154599704197,134.81676545038962,269.63353090077925,32.826758958238145,6.415874510504464,22.500216862647545,5.972147225140646
-32.22812857142857,116.9119595238095,3032.0,3059.0,1.455938697318003,39.310344827586086,27.0,66,,108.28628647600344,129.25723321290752,258.51446642581504,35.50935939748712,6.071706105923607,23.525917288426236,5.7435354123107345
-32.12171767676768,116.88847424242424,3603.0,3635.0,1.1136363636363371,35.63636363636279,32.0,68,,114.74048636454866,162.32458291276564,324.64916582553127,32.535147184501994,7.148245493272565,28.21848935039221,9.523392858650341
-32.122308080808075,116.90176767676769,3820.0,3852.0,1.306149732620309,41.79679144384989,32.0,70,,113.33744661908769,160.3396877052589,320.6793754105178,32.216357696562774,5.492459729925656,22.691428801781505,6.9605857570766
-32.12356722222222,116.90062777777776,3852.0,3881.0,1.3401557285873034,38.8645161290318,29.0,72,,111.40708473713087,142.8329607527191,285.6659215054382,34.35166333777036,4.9541116510811545,19.246168323106932,6.802478208793672
-32.124819270833335,116.90009635416666,3881.0,3912.0,1.3064516129032504,40.50000000000076,31.0,74,,113.4009908234144,155.41615985361585,310.8323197072317,33.05704165346063,4.9961275665271785,18.415140164658364,6.677874418336864
-32.12575689655172,116.89939252873563,3912.0,3940.0,1.3059113300492535,36.5655172413791,28.0,76,,108.33841679608841,134.1090687988138,268.2181375976276,34.5430281441955,5.018945008751051,18.894402020050464,6.6350070602517075
-32.12666206896552,116.89835747126436,3940.0,3968.0,1.057142857142838,29.599999999999465,28.0,78,,110.46433552283983,136.74068359639026,273.4813671927805,35.0648412268732,5.274150849357618,21.118057101336277,5.612759569505439
-32.12801866666667,116.89710266666667,3968.0,3992.0,1.133846153846116,27.212307692306783,24.0,80,,105.6025400778037,112.04777504294964,224.09555008589928,38.05516282551073,5.017782324709115,18.3701316645577,6.423802962470931
-32.12905666666666,116.89693733333334,3992.0,4016.0,1.6046153846153954,38.51076923076949,24.0,82,,109.1964364922407,115.86101757173556,231.72203514347112,38.98944288192252,5.01328186190739,19.639431761996864,6.479471572227039
-32.13002536231885,116.89646159420288,4016.0,4038.0,1.4782608695652224,32.521739130434895,22.0,84,,106.99668887949778,104.06642845889705,208.1328569177941,40.8689384924928,4.321011967190559,15.576617726656572,6.952629636556287
-32.13111066666667,116.89617733333334,4038.0,4062.0,1.2153846153846513,29.169230769231632,24.0,86,,110.14058620933092,116.86279153502704,233.72558307005409,39.23088267959369,5.473572916059768,18.04386464777298,7.648973621376855
-32.09159583333333,116.84205178571428,4427.0,4454.0,1.751778872468549,47.298029556650825,27.0,88,,107.19446373589754,127.95396581739759,255.90793163479518,35.235286105367166,6.001612955694008,30.29183757991394,5.928729646177094
-32.09312933333334,116.841338,4454.0,4478.0,1.2330769230769094,29.593846153845824,24.0,90,,109.86930974196585,116.57495826352266,233.14991652704532,39.16168064353116,9.224894549894456,30.68832695072337,11.188682245055208
-32.094396969696966,116.84041666666668,4478.0,4499.0,2.093732354601886,43.9683794466396,21.0,92,,111.37741465785288,103.40321886762585,206.8064377352517,43.33772518137101,4.29227746261802,16.522927840086872,5.716146195490591
-32.09567307692308,116.83968461538461,4499.0,4524.0,1.9179487179487615,47.948717948719036,25.0,94,,107.49633538269356,118.80953569736033,237.61907139472066,37.41602525966491,6.506735915298068,25.628117774752376,6.754384363706532
-32.08629551282051,116.88090064102563,5072.0,5097.0,1.995213675213684,49.8803418803421,25.0,96,,107.34464957288297,118.64188606938636,237.28377213877272,37.37698876327573,6.066548800055437,24.412174077133052,6.736471461063888
-32.08742152777778,116.88007083333333,5097.0,5120.0,1.5369565217391046,35.349999999999405,23.0,98,,112.63960450761525,114.53456845610316,229.06913691220632,41.06589377155553,5.673844577471464,17.647921034048736,5.149322843322161
-32.08842962962962,116.87863888888889,5120.0,5146.0,2.018925518925534,52.492063492063885,26.0,100,,107.34832786859786,123.391789537877,246.783579075754,36.29970529951244,6.282008446733286,18.76693351673209,6.720088478801021
-32.088789080459776,116.87740000000001,5146.0,5174.0,0.5817733990147677,16.289655172413493,28.0,102,,98.356574353964,121.75282773125822,243.50565546251644,32.003824153914245,7.14092881067026,24.602402617129137,6.718539116886304
-32.09012758620689,116.87661379310345,5174.0,5202.0,1.5793103448275734,44.22068965517205,28.0,104,,104.75449263770874,129.67263022291593,259.34526044583185,33.648324613464226,6.712019385216452,36.13280377443924,7.268531136460086
-32.130583333333334,116.94817474747475,5703.0,5735.0,0.8622994652406163,27.59358288769972,32.0,106,,99.48030601701437,140.73584393690894,281.47168787381787,28.946525197618563,7.567032737786843,30.23428822149318,10.26862410560936
-32.131571111111114,116.94845277777775,5735.0,5764.0,1.3655172413792984,39.59999999999965,29.0,108,,101.87510530374055,130.61218639606457,261.22437279212915,32.00528926486835,5.4671206571649025,20.362266960576815,5.760204202856538
-32.12194583333333,116.9795,6219.0,6250.0,1.1583577712610151,35.90909090909147,31.0,110,,112.30373563029859,153.9123706251862,307.8247412503724,32.80285845025999,6.312639299333827,24.321052530778193,6.979101580436642
