lat,lon,t_start,t_end,climb_rate_ms,alt_gain_m,duration_s,circle_id,seg_id,avg_speed_kmh,turn_radius_m,circle_diameter_m,bank_angle_deg,bank_std_deg,bank_range_deg,bank_masd_deg
-32.123425362318834,116.98652753623185,296.0,318.0,1.8695652173912805,41.13043478260817,22.0,0,,112.4041905665875,109.32583782337429,218.65167564674857,42.271119327874466,4.935828001485531,20.288909679401062,5.991222735515798
-32.12315681818182,116.98726515151516,318.0,339.0,1.6979107848672785,35.65612648221285,21.0,2,,112.8601077869229,104.77975685434184,209.55951370868368,43.71607572625906,4.5605311648055205,15.912324448229583,5.441956492586585
-32.12286319444444,116.98802291666668,339.0,362.0,2.4034782608695484,55.27999999999961,23.0,4,,108.56514851287636,110.39156687960835,220.7831337592167,40.023220707325734,5.660980138488617,22.258508560561474,6.288510493295548
-32.12270733333333,116.98854266666666,362.0,386.0,1.7769230769230877,42.64615384615411,24.0,6,,103.48503788212824,109.80103543328502,219.60207086657005,37.49325953007448,4.874852989810443,18.392149060487714,5.878481933267441
-32.122566666666664,116.98907678571427,386.0,413.0,1.040777230432407,28.10098522167499,27.0,8,,99.47757605917695,118.74260967463498,237.48521934926995,33.24466561170967,7.341927800879088,26.652509697855724,7.910919700375918
-32.12241666666666,116.98902575757576,413.0,434.0,1.8588368153585055,39.03557312252862,21.0,10,,107.63156099627345,99.92555396398028,199.85110792796056,42.360471421353104,5.821549313377917,24.267921212039106,6.358738671336472
-32.12204642857143,116.98947202380951,434.0,461.0,1.0675971538040538,28.825123152709455,27.0,12,,103.50236197148276,123.54684397086068,247.09368794172136,34.29463156261149,6.651632695229284,28.18544175848004,7.859179556742272
-32.12120862068966,116.97778793103448,560.0,588.0,1.7290640394088574,48.41379310344801,28.0,14,,101.86531188870012,126.09619490754406,252.19238981508812,32.913239369679395,9.175137208134032,38.26268567487594,8.607905479906398
-32.12250705128206,116.97860512820513,588.0,613.0,1.7562393162393493,43.905982905983734,25.0,16,,104.20348879828843,115.1701411782538,230.3402823565076,36.55942530528671,6.143097761187326,24.315738930128273,6.971635456345045
-32.12323541666667,116.97958958333334,613.0,636.0,1.4495652173912956,33.3399999999998,23.0,18,,106.05737908614402,107.84160862705804,215.68321725411607,39.365179685030434,5.765934600391221,23.021559302993403,5.374378686251372
-32.1238463768116,116.9804702898551,636.0,658.0,1.1669960474308168,25.673913043477967,22.0,20,,107.80116283381601,104.84887072034302,209.69774144068603,41.08141230027149,3.5857509824253198,11.580290562831884,4.402145143336112
-32.12455925925926,116.98146358024691,658.0,684.0,1.1111111111111227,28.88888888888919,26.0,22,,104.12238449779933,119.68372129523117,239.36744259046233,35.469513596933766,5.311597785143814,22.230954981761506,5.372250696883629
-32.13731724137931,116.96363448275862,835.0,863.0,2.8507389162561707,79.82068965517279,28.0,24,,105.56756410512881,130.67910844723613,261.35821689447226,33.85296287830001,8.826860299199621,36.55443121042374,10.799231211822386
-32.138523563218385,116.96465229885057,863.0,891.0,3.7133004926108453,103.97241379310367,28.0,26,,101.70615264150081,125.89917616697308,251.79835233394616,32.87238479531242,9.4311280692699,39.63582445104702,11.327972549467374
-32.139239784946234,116.9659811827957,891.0,921.0,2.7076612903225725,81.22983870967718,30.0,28,,104.53565297229491,138.64471583233097,277.28943166466195,31.796540797758883,6.443858524219396,29.938086216861574,6.396154535823616
-31.971071333333335,116.96514666666666,1605.0,1629.0,3.1330769230769224,75.19384615384614,24.0,30,,105.91166258430268,112.37576420915143,224.75152841830285,38.13647912159129,7.701789439238226,34.64247345679085,9.155895150743254
-31.972222435897436,116.96634423076921,1629.0,1654.0,3.5138461538461723,87.84615384615431,25.0,32,,97.66496952717614,107.94349074423202,215.88698148846404,34.80068332423536,9.449316443360628,37.8710597681319,7.33732189350856
-31.972799999999996,116.96690303030302,1654.0,1675.0,2.9971767363071633,62.94071146245043,21.0,34,,97.63772339251025,90.64723680925026,181.29447361850052,39.59730535773594,5.680185970825343,26.51216355909865,5.637516506302374
-31.973075438596485,116.96746140350878,1675.0,1693.0,3.164912280701717,56.96842105263091,18.0,36,,103.61523653035492,82.45438536720957,164.90877073441914,45.68328991359681,4.61832413187,20.02823731203632,5.713604228687351
-31.973307638888887,116.96772708333333,1693.0,1716.0,2.8217391304347648,64.8999999999996,23.0,38,,96.30132926650532,97.92143036637339,195.84286073274677,36.68336337929178,5.390357289538471,21.987628428352494,6.041946521399054
-31.973624666666666,116.96818466666667,1716.0,1740.0,1.4223076923077054,34.13538461538493,24.0,40,,98.99614208867379,105.03816906960043,210.07633813920086,36.27359248179193,8.006485750556813,28.533719112143434,6.865330506995784
-31.792059259259258,116.98291481481482,2324.0,2350.0,2.9267399267399457,76.09523809523859,26.0,42,,94.42274506472386,108.53444779202037,217.06889558404075,32.86721764089673,5.42166830156641,19.201935717723302,5.706515115841462
-31.79218653846154,116.98440192307693,2350.0,2375.0,1.827350427350444,45.6837606837611,25.0,44,,100.18622322201166,110.73008788535547,221.46017577071095,35.488047777100704,6.578876734089923,27.184120393974673,7.4506527735584775
-31.792426282051284,116.98563653846155,2375.0,2400.0,1.8188034188034272,45.47008547008568,25.0,46,,102.48078682511043,113.26613746641047,226.53227493282094,36.103559495944424,5.969424991860361,21.80194584843464,5.665865919637615
-31.793023717948717,116.98745320512822,2400.0,2425.0,1.3788034188034393,34.470085470085984,25.0,48,,97.27530665774384,107.512818717777,215.025637435554,34.693412597122766,6.665468218072661,25.791330331286254,7.981155869180017
-31.79342733333333,116.98906266666667,2425.0,2449.0,1.7653846153845993,42.369230769230384,24.0,50,,100.40077006637588,106.52852564197683,213.05705128395365,36.65943456081261,5.8391419917433725,22.1638939313438,8.090499236931993
-31.793918888888886,116.99117222222225,2449.0,2478.0,1.6462736373748492,47.74193548387063,29.0,52,,102.32272769722326,131.18607477947586,262.3721495589517,32.118294720605626,9.71150819192681,34.65564319902128,8.348586784417234
-31.73908015873016,117.00648174603174,2758.0,2778.0,1.8844155844155743,37.68831168831149,20.0,54,,107.48261896598498,95.0355005827734,190.0710011655468,43.7152242231092,4.297278610768819,15.414706101553186,4.762527428289655
-31.73907803030303,117.00786515151513,2778.0,2799.0,1.5821569734612775,33.225296442686826,21.0,56,,105.16794560690568,97.6383239892586,195.2766479785172,41.700694150568864,5.368879640909027,23.230705580635032,6.1598063611381955
-31.589834567901235,117.05988518518518,3463.0,3489.0,0.9120879120879176,23.714285714285857,26.0,58,,106.6972233942571,122.64337595882834,245.2867519176567,36.13354496195102,8.10668250576757,34.706744835693954,10.371168903832608
-31.58968076923077,117.0616467948718,3489.0,3514.0,1.1798290598290642,29.495726495726604,25.0,60,,102.33425933975366,113.10418903867883,226.20837807735765,36.064538516593345,4.594996977701905,18.70706658469221,6.596329353931018
-31.58979938271605,117.06331358024691,3514.0,3540.0,0.4896214896214955,12.730158730158882,26.0,62,,101.40430948971489,116.55942354411707,233.11884708823413,34.75644317857572,5.326402504805569,18.68192937902804,5.641994567052726
-31.589739393939386,117.06477651515151,3540.0,3561.0,0.9531338226990419,20.01581027667988,21.0,64,,103.75563177825303,96.3271264149338,192.6542528298676,41.31624747736282,4.658180262318005,16.04737997093166,6.047593321528007
-31.58959367816092,117.06544885057471,3561.0,3589.0,0.8536945812807846,23.90344827586197,28.0,66,,103.7320649230237,128.40699580822266,256.8139916164453,33.38960659534752,6.36813063400837,31.367325375917517,5.7369902106026265
-31.589182758620687,117.06648850574716,3589.0,3617.0,0.9522167487684694,26.662068965517143,28.0,68,,106.36683375171482,131.66850178703874,263.33700357407747,34.053176270061236,6.313182334585638,24.150922367275438,7.028806178001178
-31.588740740740743,117.06754814814813,3617.0,3643.0,1.51831501831504,39.47619047619104,26.0,70,,104.74681602005197,120.40147558637324,240.80295117274648,35.63157021073898,5.664785317538925,26.17767098396137,5.838280633651393
-31.58808188405797,117.06889420289853,3643.0,3665.0,2.252964426877466,49.565217391304245,22.0,72,,105.42264157973213,102.5354887407861,205.0709774815722,40.449232373425836,5.780748682727014,24.27183061102418,7.427945419732879
-31.587872435897438,117.07005384615384,3665.0,3690.0,1.7302564102564302,43.25641025641075,25.0,74,,99.61129565834791,110.09465341537722,220.18930683075445,35.33232753500393,6.579197459182491,23.13060931747973,10.057346168217881
-31.5873987654321,117.07046419753088,3690.0,3716.0,1.8437118437118634,47.93650793650845,26.0,76,,102.10852189617351,117.3688821614331,234.7377643228662,34.94238770730273,9.158497640126072,38.022395993009674,8.2523185816986
-31.587199382716047,117.07145987654322,3716.0,3742.0,1.38339438339441,35.96825396825466,26.0,78,,98.37373574223085,113.07592337738596,226.15184675477192,33.94661064311765,4.975462664682013,18.80524659538712,6.086861130475743
-31.58738043478261,117.07306086956521,3742.0,3764.0,1.5019762845849725,33.04347826086939,22.0,80,,99.412819171337,96.6902540866718,193.3805081733436,38.79747906598149,5.833151563211839,19.97680803281076,7.006781645396866
-31.587722435897433,117.0740564102564,3764.0,3789.0,1.3145299145299336,32.86324786324834,25.0,82,,102.63073041859313,113.43186152257528,226.86372304515055,36.14345011261015,5.563198592244511,18.495644819555174,8.076195599297613
-31.587990384615384,117.07494038461537,3789.0,3814.0,1.0205128205128227,25.512820512820568,25.0,84,,106.18573667291815,117.36100609270326,234.72201218540653,37.07739676787805,5.515329018537755,18.77893579468794,5.502066164357347
-31.594107575757572,117.10841742424242,3970.0,3991.0,-0.730660643704156,-15.343873517787275,21.0,86,,105.81045174660628,98.23482915317668,196.46965830635335,41.87408496049762,5.390776195049892,23.52041529461491,5.591538146765453
-31.594176515151513,117.10934545454543,3991.0,4012.0,3.1643139469225865,66.45059288537432,21.0,88,,113.75714175130913,105.61256662673661,211.22513325347322,43.9426846505022,6.966026189950057,25.04439798856604,8.169878596640146
-31.594415384615385,117.11023717948719,4012.0,4037.0,1.2270085470085665,30.675213675214163,25.0,90,,107.90146159414722,119.25729846908911,238.51459693817822,37.520085706281094,7.281172651225124,28.123104570741376,8.741775430381054
-31.59399635416667,117.11165208333333,4037.0,4068.0,0.8403592375366664,26.051136363636658,31.0,92,,113.96293884561882,156.1863101231522,312.3726202463044,33.18665372790488,9.285086652784312,38.41559644737848,7.944610024856928
-31.592993333333332,117.11933133333332,4108.0,4132.0,1.4515384615384648,34.836923076923156,24.0,94,,105.58272318955893,112.02674867147726,224.05349734295453,38.04994371534037,6.729945948459272,25.090189346645754,8.545925305662067
-31.593193589743592,117.12065128205128,4132.0,4157.0,1.8700854700855039,46.752136752137595,25.0,96,,105.2376740029949,116.31316678520892,232.62633357041784,36.830537819473626,7.300288795691376,26.38528174474584,9.376840137294979
-31.59291533333333,117.12229266666667,4157.0,4181.0,1.7838461538461423,42.812307692307414,24.0,98,,104.24055404889644,110.60266298346502,221.20532596693005,37.69472487807968,6.824231912082521,27.38376864082063,7.980108390186221
-31.593555357142858,117.12377797619048,4181.0,4208.0,1.232074438971009,33.266009852217245,27.0,100,,100.15327222884873,119.54916256537142,239.09832513074284,33.42273712510762,8.324488642394032,36.1546462170528,8.505286555269063
-31.59334696969697,117.12509469696967,4208.0,4229.0,1.9192546583850754,40.304347826086584,21.0,102,,98.0187054783531,91.00094203869979,182.00188407739958,39.70693343960368,4.6610487715981055,17.563090988505103,6.350569351416058
-31.592801149425288,117.12622873563222,4229.0,4257.0,1.3689655172413742,38.331034482758476,28.0,104,,96.89624875359371,119.94513188152709,239.89026376305418,31.619908529332665,8.596432141115487,36.63037333565218,7.829443671028863
-31.597030769230773,117.13675961538462,4315.0,4340.0,0.753162393162441,18.829059829061027,25.0,106,,114.64861852990458,126.71454415063458,253.42908830126916,39.211021342782985,7.514112983912608,28.00715959193245,5.5178902372685785
-31.597924305555555,117.13781319444445,4340.0,4363.0,2.2956521739130333,52.79999999999977,23.0,108,,119.5540168678743,121.56530368703407,243.13060737406815,42.76244394238341,6.810600254182079,21.544774209952674,8.446044376773322
-31.598232692307697,117.13853846153846,4363.0,4388.0,1.0564102564103057,26.41025641025764,25.0,110,,111.29467753060125,123.00762547787279,246.01525095574559,38.38035180596131,5.3520280236271445,19.340399965638618,6.250287099595883
-31.598306249999997,117.13944027777778,4388.0,4411.0,1.2417391304347647,28.559999999999587,23.0,112,,108.30952212093365,110.1316400215984,220.2632800431968,39.95671725278621,6.318683927094684,26.966835666972344,7.282024847649848
-31.618532000000002,117.27270800000001,4820.0,4844.0,4.086153846153852,98.06769230769245,24.0,114,,111.68575362357622,118.50226508090479,237.00453016180958,39.622459935463354,5.365514929524932,22.406616630135876,6.157525782277289
-31.619052272727277,117.27409848484848,4844.0,4865.0,3.102202145680328,65.14624505928688,21.0,116,,111.29422267144679,103.3259831084299,206.6519662168598,43.316355488156006,5.651878004361107,20.01589090137844,7.30144786970042
-31.619425000000003,117.2751818181818,4865.0,4886.0,1.8057594579333394,37.92094861660013,21.0,118,,106.40641361594162,98.78812243800421,197.57624487600842,42.03407848149735,4.5696349863620505,14.710882693189397,6.095543495785374
-31.619720454545458,117.27617651515152,4886.0,4907.0,2.713721061547116,56.988142292489435,21.0,120,,110.34413717213396,102.44392008757241,204.88784017514482,43.07123593064569,4.837810137793149,19.825562073977565,4.006965046900156
-31.619938505747125,117.27736551724136,4907.0,4935.0,1.1758620689655237,32.924137931034664,28.0,122,,104.65817123338144,129.55339667472737,259.10679334945473,33.6240171825549,5.427120686108415,24.84433722130938,6.229337305538835
-31.68982011494253,117.37060517241379,5391.0,5419.0,4.317733990147773,120.89655172413765,28.0,124,,117.51830638871827,145.47259506540738,290.94519013081475,36.74931075341451,7.046157970485847,28.143857528432108,8.25772655742932
-31.69040111111111,117.372625,5419.0,5448.0,3.4269187986651843,99.38064516129035,29.0,126,,107.60635702667398,137.96011812174655,275.9202362434931,33.4311409071298,6.531935661717441,22.96156564338327,8.583401100201844
-31.691233950617285,117.37417407407408,5448.0,5474.0,3.1080586080585793,80.80952380952306,26.0,128,,101.81222238397905,117.02829998586697,234.05659997173393,34.864253382812,5.992372413007776,29.408625512886022,8.202602913863256
-31.691977333333334,117.37536133333333,5474.0,5498.0,2.8830769230769615,69.19384615384708,24.0,130,,104.47849712814863,110.85512843171499,221.71025686342998,37.757948935967555,5.903614267249293,24.456443612621406,8.45834091014564
-31.692504,117.37684599999999,5498.0,5522.0,2.4253846153846226,58.20923076923094,24.0,132,,102.25847423350316,108.49961098198162,216.99922196396324,37.16385619310553,6.137638131023574,23.58191218297764,8.002185211928419
-31.693010869565214,117.37861376811597,5522.0,5544.0,1.4446640316205546,31.7826086956522,22.0,134,,104.16365718508682,101.31098347049893,202.62196694099785,40.1097166728648,8.941740321822513,35.052741181207345,10.862839039581141
-31.69355984848485,117.3802878787879,5544.0,5565.0,2.3156408808582114,48.62845849802244,21.0,136,,108.80927016879,101.0189436759092,202.0378873518184,42.671062298571215,5.005909136662589,19.946176919965392,5.161099991781291
-31.69405172413793,117.38230172413795,5565.0,5593.0,0.9532019704433466,26.689655172413705,28.0,138,,104.40940827660904,129.24546003072805,258.4909200614561,33.561176484592515,6.9810587742050325,24.54840987343621,8.270316297031293
-31.787441975308642,117.30978827160494,6087.0,6113.0,0.989621489621529,25.730158730159754,26.0,140,,101.03897773891207,116.13949209849878,232.27898419699756,34.65964745461536,9.135710542851294,35.664365741368954,7.47452518193286
-31.788373333333332,117.31207933333333,6156.0,6180.0,0.25615384615384756,6.147692307692342,24.0,142,,101.847130741612,108.0631619816939,216.1263239633878,37.05273890006201,5.104303961233298,20.65358448110641,6.054134029985489
-31.788723188405797,117.31363478260872,6180.0,6202.0,2.047430830039486,45.04347826086869,22.0,144,,103.20595006290836,100.37950455504382,200.75900911008765,39.849156449748314,8.875008067743211,39.10478544422052,10.609041988039657
-31.789061538461535,117.31503397435897,6202.0,6227.0,1.3935042735043084,34.83760683760771,25.0,146,,96.39802822250847,106.54321316614066,213.08642633228132,34.45088477649772,6.9880242034306645,27.894014682002325,6.621871102091114
-31.90061,117.20050200000001,6865.0,6889.0,2.330000000000005,55.920000000000115,24.0,148,,102.25453558535956,108.49543194650725,216.9908638930145,37.16279378137905,5.600873413441048,21.913950004222084,5.447539406776127
-31.900701333333338,117.202176,6889.0,6913.0,1.739230769230783,41.74153846153879,24.0,150,,98.04801852504592,104.03217872417855,208.0643574483571,36.01097309912672,5.9986086840420105,21.415944410492852,8.998473081511149
-31.900633333333335,117.20379935897436,6913.0,6938.0,1.7114529914529932,42.78632478632483,25.0,152,,95.41293032768864,105.45444094815458,210.90888189630917,34.17686094086419,5.827240018389222,21.612471025559536,8.388727887846109
-31.90081021505376,117.20611612903225,6938.0,6968.0,1.9834677419354763,59.504032258064285,30.0,154,,98.4646515286825,130.59280008842308,261.18560017684615,30.28232048185182,7.309659659288171,32.634284742312836,5.451321229491321
-31.901076436781608,117.20815919540229,6968.0,6996.0,1.4142857142857053,39.599999999999746,28.0,156,,96.32287706479781,119.23537124874298,238.47074249748596,31.468297717907447,6.049202851021991,21.191173632260845,5.555767971042938
-31.90102463768116,117.20989347826087,6996.0,7018.0,1.4901185770750827,32.78260869565182,22.0,158,,98.6124405517737,95.91179500326389,191.82359000652778,38.57150489302284,5.722916987125187,27.702331414831196,7.613241609339032
-31.901409615384615,117.21122564102565,7018.0,7043.0,0.7835897435897844,19.58974358974461,25.0,160,,99.26608356197681,109.71311027959545,219.4262205591909,35.23853682287781,9.93488981610735,33.38046323070084,8.602726193005603
-31.95242528735632,117.12169597701148,7474.0,7502.0,2.6118226600985275,73.13103448275876,28.0,162,,117.53278628518487,145.49051932061496,290.98103864122993,36.75269504116796,7.7111103078278695,34.891774018978154,9.627701264669177
-31.953292307692305,117.12260705128203,7502.0,7527.0,3.0488888888889325,76.22222222222331,25.0,164,,110.44028982070485,122.06331973240768,244.12663946481536,38.165638225500665,4.932069426277347,19.957429779815747,5.766488082723751
-31.9542,117.12394487179489,7527.0,7552.0,1.5747008547008579,39.36752136752145,25.0,166,,111.34414803901932,123.06230239420617,246.12460478841234,38.39274523206681,7.171197812942357,31.598713884340228,6.663569405917844
-31.955017500000007,117.12454083333334,7552.0,7571.0,2.6075187969924487,49.542857142856526,19.0,168,,104.8270612051886,88.05309840317945,176.1061968063589,44.46757880677367,5.87691298199007,20.915840187239397,6.335502117912333
-31.955591269841268,117.12513888888887,7571.0,7591.0,2.499999999999979,49.99999999999958,20.0,170,,102.18722825929349,90.3533472129243,180.7066944258486,42.271565985106236,6.197884781094398,22.594983654195836,5.155380301708397
-31.955917948717946,117.12630576923078,7591.0,7616.0,2.2246153846153964,55.61538461538491,25.0,172,,103.65776356044077,114.56698236454925,229.1339647290985,36.415591171733624,5.228642913299017,22.160368693207808,5.399047121273912
-31.956724712643677,117.12739942528734,7616.0,7644.0,1.7266009852216826,48.34482758620711,28.0,174,,99.58112810287508,123.26866825964306,246.53733651928613,32.323297774917485,9.414022470391684,44.864755324329145,7.89594861334023
-32.00369343434344,117.07951767676767,7915.0,7947.0,0.39371657754007505,12.598930481282402,32.0,176,,103.57302622597432,146.5258586208918,293.0517172417836,29.935242133485612,7.582482729388705,25.143625433994288,5.728690990045451
-32.003285416666664,117.08068541666667,7947.0,7970.0,1.5865217391304385,36.49000000000009,23.0,178,,101.57330678310659,103.28209966571723,206.56419933143445,38.156936005406656,5.070284105238284,16.481635670117424,5.622589175633202
-32.002795,117.08136583333332,7970.0,7989.0,1.5691729323307877,29.814285714284967,19.0,180,,104.44912948050283,87.73564164191147,175.47128328382294,44.36412985227846,4.315392344468078,13.683429690203901,5.555468350023815
-32.00270679012346,117.08207592592592,7989.0,8015.0,1.333943833943862,34.682539682540416,26.0,182,,100.1154801703179,115.07797563256743,230.15595126513486,34.41395289772246,5.49716605410882,24.691021118284397,6.19833424324915
