lat,lon,t_start,t_end,climb_rate_ms,alt_gain_m,duration_s,circle_id,seg_id,avg_speed_kmh,turn_radius_m,circle_diameter_m,bank_angle_deg,bank_std_deg,bank_range_deg,bank_masd_deg
-32.909064880952386,117.05841904761905,627.0,654.0,1.7646414887794326,47.64532019704468,27.0,0,,110.51659542507336,131.9194684169068,263.8389368338136,36.06345186728528,7.142563846612453,27.668698198368855,9.879701946581603
-32.91059947916666,117.05970104166667,654.0,685.0,1.44428152492671,44.77272727272801,31.0,2,,107.488286907065,147.31279382164354,294.6255876432871,31.670025380750033,6.5534324195773666,27.307622345912815,8.630474928874815
-32.914931770833334,117.06237916666667,719.0,750.0,0.37078445747805316,11.494318181819649,31.0,4,,105.5833322597868,144.70205176528623,289.40410353057246,31.21407415109135,5.0124268361047,21.25383731459959,6.354987926680332
-32.871611616161616,117.12380757575757,1426.0,1458.0,0.7352941176470416,23.52941176470533,32.0,6,,99.04177363036239,140.1154475187618,280.2308950375236,28.83944275774021,7.0853090988055705,26.97058486222125,9.140986014252203
-32.83036034482759,117.11319540229884,2091.0,2119.0,1.9068965517241345,53.39310344827577,28.0,8,,98.73014549673881,122.21526090657342,244.43052181314684,32.101522574421736,6.863032391712729,24.44889685719677,7.363673817008954
-32.83075804597701,117.1133183908046,2119.0,2147.0,1.2985221674876979,36.35862068965554,28.0,10,,101.42296657866677,125.54862813141376,251.09725626282753,32.79960060014109,6.1286036516094375,22.25728736413807,5.774480502516176
-32.831652150537636,117.11406989247314,2147.0,2177.0,1.252016129032255,37.560483870967644,30.0,12,,104.83540090299442,139.0422688727676,278.0845377455352,31.870056617065565,6.088871276939146,21.18898729485947,8.588011835208869
-32.832797916666664,117.11479114583334,2177.0,2208.0,1.0434384164222958,32.34659090909117,31.0,14,,106.33512843677411,145.732389101597,291.464778203194,31.394546721926275,5.345733302988808,20.22176182594228,6.902772929023145
-32.82369425287356,117.11445057471265,2362.0,2390.0,0.7532019704433298,21.089655172413234,28.0,16,,97.8133274371666,121.08035770359804,242.16071540719608,31.861378784636955,7.244209318982841,26.17890890669453,7.946897572292038
-32.82425576923077,117.11440256410256,2390.0,2415.0,1.2417094017094112,31.04273504273528,25.0,18,,98.17977816280475,108.51247921025069,217.02495842050138,34.94197867157112,6.029521359920151,19.175118004550274,6.859952222561428
-32.824778571428574,117.11420595238096,2415.0,2442.0,-0.2151067323481356,-5.807881773399661,27.0,20,,95.31072152666938,113.76879345468411,227.53758690936823,32.13040800512816,7.978243128231047,29.649612220916843,8.733888499854498
-32.8041609375,117.14682031250001,3189.0,3220.0,1.4807551319648053,45.903409090908966,31.0,22,,100.38771122535069,137.58144846752378,275.16289693504757,29.947919079383645,7.190410073900628,30.290730497613826,9.48033422792955
-32.81083908045977,117.14898620689657,3357.0,3385.0,1.9546798029556716,54.7310344827588,28.0,24,,101.32142575164153,125.42293360716161,250.84586721432322,32.77347360897059,7.068036430473071,25.711046368967175,9.314543134882566
-32.812327419354844,117.14813709677418,3385.0,3415.0,1.609274193548385,48.27822580645155,30.0,26,,105.82269926270145,140.35171399155004,280.7034279831001,32.11137236891065,8.077803128705332,30.29152283802499,6.120380075270424
-32.81627239583334,117.15011354166666,3482.0,3513.0,1.1026392961877036,34.18181818181881,31.0,28,,99.86713184928558,136.86799396470542,273.73598792941084,29.81923234821712,6.142866796470822,23.24622458155301,7.117621106418389
-32.734934895833334,117.1158046875,4026.0,4057.0,0.8957111436950549,27.7670454545467,31.0,30,,105.67606321251743,144.8291396193545,289.658279238709,31.2363720796251,9.63286659945485,35.11621870589201,7.815871203549994
-32.566952688172044,117.08338817204302,5102.0,5132.0,1.9641129032257942,58.92338709677383,30.0,32,,97.99178229299896,129.96563778596374,259.9312755719275,30.162354806533315,8.128387561311884,36.60839995003302,7.033798045313727
-32.573218749999995,117.08683489583333,5293.0,5324.0,2.7844574780058813,86.31818181818232,31.0,34,,101.05578173473188,138.4970397011238,276.9940794022476,30.112578790896453,7.727800943327172,30.18257129160795,8.826589314822204
-32.43447311827956,117.04879462365594,6130.0,6160.0,3.032661290322566,90.97983870967698,30.0,36,,100.01894937452886,132.65425163178585,265.3085032635717,30.67458014585471,6.734147491689435,27.016826743749775,9.430774914900423
-32.43510444444444,117.04935666666667,6160.0,6189.0,2.180645161290312,63.238709677419045,29.0,38,,103.13661951877825,132.229550415513,264.459100831026,32.32305242517615,6.826107378116547,36.450000280843426,6.568025642331603
-32.436228735632184,117.0498988505747,6189.0,6217.0,3.544827586206889,99.25517241379289,28.0,40,,104.87690298534417,129.82415853778528,259.64831707557056,33.67919598800319,5.6311767034979505,21.40308697592658,7.392723171463975
-32.43713214285714,117.05026309523808,6217.0,6244.0,4.723043240284649,127.52216748768552,27.0,42,,104.45159572350201,124.67990829923716,249.3598165984743,34.53852161405056,4.733595735042242,16.693460986945496,6.610386574942511
-32.437914197530866,117.05091296296297,6244.0,6270.0,4.339438339438363,112.82539682539743,26.0,44,,102.83734259469875,118.2066268383074,236.4132536766148,35.13394599811186,5.600774141693733,21.41436278549487,7.97325532070663
-32.438842592592586,117.05154506172838,6270.0,6296.0,3.81562881562883,99.20634920634959,26.0,46,,105.4936187287374,121.25988972738554,242.51977945477108,35.824526165629024,4.8261459006503085,16.826276580650863,7.207984822537021
-32.43973505747126,117.05186551724138,6296.0,6324.0,3.8733990147783115,108.45517241379272,28.0,48,,103.41698977501987,128.0169731740543,256.0339463481086,33.30956696461815,5.8236386597427,19.3820665957051,8.211345313579907
-32.44056049382716,117.05241049382718,6324.0,6350.0,3.5714285714285947,92.85714285714346,26.0,50,,105.33870442999624,121.08182312005026,242.16364624010052,35.78457684545489,5.8977933251473,21.03390532894198,7.364319080365763
-32.441900000000004,117.0537761111111,6350.0,6379.0,2.832258064516139,82.13548387096803,29.0,52,,109.84966386673416,140.83622028884534,281.6724405776907,33.976863955846184,7.99172506070828,37.8980845951116,8.561599371807507
-32.443286781609196,117.05473965517241,6379.0,6407.0,3.7871921182265895,106.04137931034451,28.0,54,,103.91023290175046,128.62754492111756,257.2550898422351,33.43480209784195,5.1418711746254235,20.075745579298758,6.033171297325339
-32.108196774193544,116.96720806451613,7702.0,7732.0,2.749999999999999,82.49999999999997,30.0,56,,114.84348368118005,152.31590091461018,304.63180182922036,34.25770823559339,10.631969622431427,41.73920194715031,8.900090431893071
-32.10795111111111,116.9694438888889,7732.0,7761.0,3.7846496106785423,109.75483870967773,29.0,58,,112.67661740081158,144.4606050767193,288.9212101534386,34.65472331290651,7.165830763926354,25.722922138585968,7.63930693470694
-32.10822160493827,116.97030432098767,7761.0,7787.0,3.0677655677655906,79.76190476190536,26.0,60,,109.10163984933509,125.40713814383003,250.81427628766005,36.743646340137815,7.1360217435425435,27.44035780140786,5.589376028586698
-32.107968589743585,116.97078974358973,7787.0,7812.0,3.612991452991482,90.32478632478706,25.0,62,,110.44651409030519,122.07019906069955,244.1403981213991,38.16720702208273,5.566673407657162,19.880115001646356,7.508535246110783
-32.107729166666665,116.97147291666666,7812.0,7835.0,3.5734782608695634,82.18999999999996,23.0,64,,110.58522280123876,112.445625377756,224.891250755512,40.54422545695789,5.397827762420596,17.431869675219836,6.363575137030107
-32.108519540229885,116.97190517241381,7835.0,7863.0,3.5999999999999917,100.79999999999977,28.0,66,,109.81911281083421,135.9419806096392,271.8839612192784,34.90716744138453,8.667087015436525,35.38145964767269,6.073578460405282
-32.1087125,116.97200208333334,7863.0,7886.0,3.816956521739127,87.78999999999992,23.0,68,,107.92920623335439,109.74492598570221,219.48985197140442,39.85753483632715,6.729438388733568,25.528983441916065,6.655567751179046
-32.1089869047619,116.9727517857143,7886.0,7913.0,3.3396278051450605,90.16995073891664,27.0,70,,108.20821027973379,129.16403661860156,258.3280732372031,35.48982219596704,6.623521232072281,31.017609024363445,6.790144756459473
-32.11146794871795,116.97439487179487,7950.0,7975.0,2.758290598290591,68.95726495726477,25.0,72,,113.24042705898678,125.1581508630206,250.3163017260412,38.86461216170022,5.144015496437196,19.04236989469849,6.338493122282846
-32.11206376811594,116.97491449275365,7975.0,7997.0,2.307312252964345,50.76086956521559,22.0,74,,113.0269021645122,109.93149555572654,219.86299111145308,42.428711803943784,7.378363161350712,28.85732411676246,7.646506699269434
-32.03353484848485,116.9870106060606,8354.0,8386.0,4.417446524064114,141.35828877005164,32.0,76,,104.47972173641644,147.80857037525706,295.6171407505141,30.151674400046872,8.879725071447206,35.766971260420135,8.440882721495798
-32.03415266666667,116.98781866666664,8386.0,8410.0,5.098461538461534,122.36307692307682,24.0,78,,108.54504730503594,115.16987217826721,230.33974435653442,38.821902076481855,5.0086623122732,19.76007011088226,6.708833815041105
-32.03475370370371,116.98910123456791,8410.0,8436.0,4.380952380952353,113.90476190476117,26.0,80,,107.68491749841834,123.778683284506,247.557366569012,36.38532567720975,5.221451611059581,18.675784511842544,6.011352078226298
-32.035516666666666,116.99054814814815,8436.0,8462.0,4.415750915750973,114.8095238095253,26.0,82,,115.72194499041406,133.01686355701463,266.03372711402926,38.37444387154541,4.7897412530048875,19.16153954409416,5.647532996493181
-32.0359747311828,116.9914489247312,8462.0,8492.0,2.5754032258064825,77.26209677419448,30.0,84,,108.96227043489866,144.51569958525005,289.0313991705001,32.87032166011509,5.425220191689552,21.010464907270638,5.39427833662238
-32.03655833333333,116.99325055555555,8492.0,8521.0,2.0373748609565987,59.08387096774136,29.0,86,,119.76017675214868,153.5423053761786,307.0846107523572,36.30552759248104,4.49621446868765,19.823081542867865,5.725123788998522
-31.776313636363636,116.98597777777776,9341.0,9373.0,4.445521390374312,142.25668449197798,32.0,88,,110.28187907638988,156.01694389751214,312.03388779502427,31.514297199543325,10.341969182462332,36.76028187042148,8.079542239035773
-31.77706066666666,116.98763066666669,9373.0,9397.0,4.2992307692307286,103.18153846153749,24.0,90,,112.76187310384077,119.64406331184868,239.28812662369737,39.892580067248936,6.510889084824084,23.287138269179703,5.970349959317511
-31.777870987654325,116.98931913580248,9397.0,9423.0,4.776556776556806,124.19047619047694,26.0,92,,122.99885042364936,141.38131973004334,282.7626394600867,40.08593715453525,4.370029067709661,16.754550279029267,5.4901084294979805
-31.778337654320985,116.99111358024692,9423.0,9449.0,4.289377289377314,111.52380952381017,26.0,94,,115.29344880535297,132.52432760294218,265.04865520588436,38.27104311998179,6.174266759098567,22.41452282368321,8.641534804521672
-31.77896071428572,116.99272440476192,9449.0,9476.0,3.5968801313629655,97.11576354680007,27.0,96,,116.1947770751924,138.69729849733284,277.3945969946657,37.43953295513573,6.168371654036278,29.01577199582962,6.162503738249739
-31.779480459770117,116.9946195402299,9476.0,9504.0,3.559605911330021,99.6689655172406,28.0,98,,125.34562703578963,155.16181440432584,310.3236288086517,38.53563316032849,5.346626297287249,22.306387521237117,5.3647410088187275
-31.78053024691358,116.996424691358,9504.0,9530.0,3.978021978022075,103.42857142857395,26.0,100,,125.66117425087843,144.44153415437273,288.88306830874546,40.691466165187414,5.70371381145924,20.642305609662177,5.816130631751227
-31.78128974358974,116.99843525641025,9530.0,9555.0,3.656068376068386,91.40170940170965,25.0,102,,129.21138063628243,142.809930083283,285.619860166566,42.59967932490158,5.276598942349339,16.96104435468456,7.333598834469075
-31.78201111111111,116.99984012345679,9555.0,9581.0,4.167887667887686,108.36507936507984,26.0,104,,127.06302508213838,146.0528949102297,292.1057898204594,41.00595414560265,4.947914554639729,24.975759544173123,4.5979967529318255
-31.782618888888887,117.00180444444446,9581.0,9610.0,2.1563959955506555,62.53548387096901,29.0,106,,127.29158453507414,163.19818385831954,326.3963677166391,37.98721386122053,6.89670738800771,35.37565629644479,7.375549392718033
-31.720320114942528,116.98097241379311,9886.0,9914.0,3.7241379310344067,104.27586206896339,28.0,108,,118.4106293001829,146.5771764158032,293.1543528316064,36.957310226310156,7.256304056553524,29.45032062999906,8.04745031072105
-31.433062903225814,117.17338870967743,15338.0,15368.0,4.459274193548412,133.77822580645235,30.0,110,,124.54353706236974,165.18099628020678,330.36199256041357,36.44951194567829,6.100207259146799,25.129138355226758,7.282691576104769
-31.434579166666666,117.17536614583332,15368.0,15399.0,3.8152492668622213,118.27272727272886,31.0,112,,127.99163898839663,175.4126562784825,350.825312556965,36.299577558749895,6.013776614810091,24.10565576750888,6.728489501247411
-31.435342187499998,117.17733697916667,15399.0,15430.0,3.74285190615848,116.02840909091289,31.0,114,,130.3364332653944,178.62619894271896,357.2523978854379,36.797178387575194,6.325546610474431,23.32766823318422,6.173812150594272
-31.953866666666666,117.45169761904762,17046.0,17073.0,1.91324575807338,51.65763546798126,27.0,116,,118.77895512576214,141.78193382666598,283.56386765333195,38.04956713935649,5.914230103837508,22.636979249042284,8.560302006675494
-31.954599358974363,117.45392371794871,17073.0,17098.0,1.4697435897436253,36.74358974359063,25.0,118,,119.56120789158152,132.1441474859925,264.288294971985,40.39316578213853,4.751389220151423,17.29196507674358,5.87544629390666
-32.68672833333333,117.36876277777777,19011.0,19040.0,4.3143492769744185,125.11612903225813,29.0,120,,111.6518651380261,143.14678917284692,286.29357834569385,34.41026830606454,6.208163768953296,22.65947252214963,8.381960605078053
-32.68692839506173,117.37114814814815,19040.0,19066.0,4.13675213675221,107.55555555555746,26.0,122,,117.76152420699076,135.36126271473339,270.72252542946677,38.862586954423215,5.531575684256191,21.618660738120955,7.5966835360588085
-32.68738827160494,117.3734,19066.0,19092.0,3.8192918192919163,99.30158730158982,26.0,124,,119.79791544588596,137.70199744396095,275.4039948879219,39.34337089072693,4.832562805963966,18.404482011374487,6.873923088890496
-32.688098214285716,117.37565119047619,19092.0,19119.0,3.6078270388616263,97.41133004926391,27.0,126,,118.64396218765538,141.62079787629955,283.2415957525991,38.01794855208205,3.790520941921936,15.111186462624303,4.543014372719882
-32.68890773809524,117.3778851190476,19119.0,19146.0,3.1789819376026167,85.83251231527065,27.0,128,,117.33047768197058,140.05294123814193,280.10588247628385,37.70887109981128,6.523599864103303,26.775109201716553,8.454372247492207
-32.689625862068965,117.38058908045977,19146.0,19174.0,3.4492610837438358,96.5793103448274,28.0,130,,120.39797113506512,149.03725078962958,298.07450157925916,37.4165019133408,4.529843619330836,20.293417890978468,5.964781500987815
-32.69055107526882,117.38449139784946,19174.0,19204.0,2.2266129032258193,66.79838709677458,30.0,132,,127.7896608180031,169.4863016268491,338.9726032536982,37.15664124812023,7.789229675939651,24.15239191987835,7.365882862159478
-32.69228456790124,117.3875962962963,19204.0,19230.0,1.8083028083027892,47.01587301587252,26.0,134,,116.67269456376371,134.1097049043115,268.219409808623,38.60281853605352,5.272573104761275,18.46773577278249,6.364890546227426
