lat,lon,t_start,t_end,climb_rate_ms,alt_gain_m,duration_s,circle_id,seg_id,avg_speed_kmh,turn_radius_m,circle_diameter_m,bank_angle_deg,bank_std_deg,bank_range_deg,bank_masd_deg
-32.1324625,116.96425833333335,359.0,382.0,1.9730434782608648,45.37999999999989,23.0,0,,99.68648419697969,101.36353459617578,202.72706919235156,37.63620572265282,7.856263550124542,31.387439542372842,9.573274238762343
-32.13172424242424,116.96458939393939,382.0,403.0,2.561264822134358,53.786561264821515,21.0,2,,99.8812613140467,92.73014601890566,185.4602920378113,40.2379034006559,5.616124555097531,23.949883909267655,6.153414276003925
-32.13120217391305,116.96485942028986,403.0,425.0,2.1294466403161985,46.84782608695637,22.0,4,,106.00189394092983,103.09887743101108,206.19775486202215,40.6042994465544,5.932063260127939,23.09360609266194,8.340450285003673
-32.13033636363636,116.96507499999998,425.0,446.0,2.432523997741373,51.08300395256883,21.0,6,,100.54689492107454,93.34812281217731,186.69624562435462,40.42566564605326,6.779748634661368,21.687088324810098,10.053908501626028
-32.12943333333334,116.9655072463768,446.0,468.0,2.1956521739130186,48.304347826086406,22.0,8,,99.9167657538651,97.18039935683835,194.3607987136767,38.93902939479085,7.6463433429671195,27.04605171715535,8.441709168901232
-32.149433333333334,116.91268141025641,890.0,915.0,1.2875213675213848,32.18803418803462,25.0,10,,100.22939528634686,110.77780349259454,221.5556069851891,35.499716733250786,9.273830678664615,48.616839496523504,10.763333982484525
-32.17915416666667,116.96131874999999,1139.0,1162.0,3.033478260869558,69.76999999999984,23.0,12,,102.46923654216657,104.19310187288475,208.3862037457695,38.40162533462281,15.849996388740754,71.02446252432965,19.890932348343107
-32.17857708333333,116.96207083333331,1162.0,1185.0,3.3169565217390953,76.2899999999992,23.0,14,,104.82624527339316,106.5897631454308,213.1795262908616,39.03751518007281,17.141069709076064,102.67875212595118,16.127675557652076
-32.178178787878785,116.96308863636365,1185.0,1206.0,2.5883681535855407,54.35573122529635,21.0,16,,108.79022068515962,101.00125806225766,202.00251612451532,42.66606301024547,12.740893797970473,47.733150509656724,16.297863931189465
-32.176696,116.96661066666665,1240.0,1264.0,2.165384615384612,51.96923076923069,24.0,18,,109.24018841097572,115.90743979931177,231.81487959862355,39.000667788505524,17.178579198356353,68.49327163091769,21.247558869021514
-32.175824999999996,116.96775681818181,1264.0,1285.0,2.682100508187434,56.32411067193612,21.0,20,,105.6339149239349,98.07093169004233,196.14186338008466,41.82653701958556,22.967574829754106,99.78063526966294,28.10338833378837
-32.175015384615385,116.9685096153846,1285.0,1310.0,1.9894017094017369,49.73504273504342,25.0,22,,103.71868658789622,114.6343170934913,229.2686341869826,36.431674849397474,7.401165549844074,25.539388143290363,9.520661368635487
-32.174180666666665,116.96962200000002,1310.0,1334.0,2.176153846153868,52.227692307692834,24.0,24,,107.26201994878055,113.80853787246608,227.61707574493215,38.489581234146556,18.765207929027248,91.47519329321584,18.281724714002692
-32.17058854166667,116.97119739583333,1368.0,1399.0,1.3717008797654113,42.52272727272775,31.0,26,,101.27073672325199,138.79163570610223,277.58327141220445,30.165442536210456,8.739396002852192,33.930048586015324,11.766223564815247
-32.138136111111116,116.90317847222222,1921.0,1944.0,2.883913043478257,66.32999999999991,23.0,28,,98.97979277800218,100.64495433252839,201.28990866505677,37.43926940273999,11.472344273305925,47.230448762266704,13.775334220809894
-32.137380303030305,116.90359242424242,1944.0,1965.0,2.937323546019146,61.68379446640207,21.0,30,,97.87721676981299,90.86958337912402,181.73916675824805,39.666260465068774,11.365215715520167,54.30876794611754,10.30834016087846
-32.13615641025641,116.90357564102565,1965.0,1990.0,3.0912820512820747,77.28205128205187,25.0,32,,97.85863327968636,108.15753618527178,216.31507237054356,34.85389362852236,13.355989747008012,85.62176150912332,11.264468547559638
-32.139604761904764,116.95377460317461,2441.0,2466.0,0.8305383936452698,20.763459841131745,25.0,34,,110.60170108195456,122.24171834420343,244.48343668840687,38.20629931776362,9.204720019790559,32.52173492577116,10.163069252985817
-32.06472272727272,117.04170075757578,2861.0,2882.0,2.247317899491765,47.19367588932706,21.0,36,,95.91963645476918,89.05215830789878,178.10431661579756,39.09858658009335,7.313633583741766,25.758792628391006,10.652061263126019
-31.920481944444447,117.15856111111111,3459.0,3482.0,0.8030434782608565,18.4699999999997,23.0,38,,107.45617589141625,109.26393773723171,218.52787547446343,39.73377219521927,9.869698103565801,42.14537985067893,9.606948899354258
-31.869670289855065,117.18480579710143,3699.0,3721.0,2.1907114624505817,48.1956521739128,22.0,40,,96.92582974120465,94.27137449030988,188.54274898061976,38.09062617213125,4.4804373196659935,20.77902175900667,4.811337070202318
-31.868114814814817,117.18566358024691,3721.0,3747.0,0.770451770451795,20.03174603174667,26.0,42,,102.37611415364749,117.67646671511717,235.35293343023434,35.0128241971357,15.702166592984609,66.89667552671425,16.225885442415066
-31.867361111111112,117.18627000000001,3747.0,3777.0,1.7839728353140982,53.519185059422945,30.0,44,,94.46728129817375,125.2911231588076,250.5822463176152,29.25897891447051,15.214081694847781,54.82088653937395,8.896993639561051
-31.833209259259256,117.24751018518519,4088.0,4105.0,2.987616099071177,50.78947368421001,17.0,46,,101.1813320444514,76.04434873317946,152.08869746635892,46.63896418413075,3.705112598436242,12.693145173397077,4.768010087107914
-31.83239736842105,117.24829298245614,4105.0,4123.0,2.9456140350876563,53.02105263157782,18.0,48,,98.1169820942155,78.07901350776692,156.15802701553383,44.12149694530166,4.517332023451695,16.592105863688175,5.972073818670833
-31.83152666666666,117.24900166666666,4123.0,4142.0,2.973684210526273,56.49999999999918,19.0,50,,97.56837187740562,81.95591244461947,163.91182488923894,42.41533013227457,6.318103608495312,20.147787155348855,9.932210104558935
-31.830736842105264,117.24962280701756,4142.0,4160.0,2.8666666666665805,51.59999999999845,18.0,52,,98.95378598960163,78.7449208895132,157.4898417790264,44.36470268568429,4.56717622071698,15.3550826644612,6.496416735318367
-31.829919999999998,117.25021916666667,4160.0,4179.0,2.74661654135332,52.185714285713075,19.0,54,,98.33000603549915,82.59567327258507,165.19134654517015,42.63726125462612,5.173285513635037,17.76846314714988,6.356148848944729
-31.8291875,117.25088250000002,4179.0,4198.0,3.47293233082702,65.98571428571339,19.0,56,,100.14041149172704,84.11638565309198,168.23277130618396,43.15850211552944,5.566894669857861,22.899980651061618,6.0773704479373
-31.82810933333333,117.25151866666667,4198.0,4222.0,2.3346153846153874,56.030769230769295,24.0,58,,97.2171276409055,103.15057611497228,206.30115222994456,35.77937773968926,7.402470295868076,27.90970514189497,9.622876060049405
-31.827168840579713,117.25244927536232,4222.0,4244.0,2.5256916996046934,55.56521739130326,22.0,60,,99.74748619580434,97.01575576643413,194.03151153286825,38.89154440808698,6.740906123024131,22.66935431381842,9.033039850755188
-31.826164583333338,117.25324236111112,4244.0,4267.0,2.0182608695652027,46.41999999999966,23.0,62,,100.40667819304936,102.09584459411208,204.19168918822416,37.835836496555075,5.32468764900761,18.63950238785992,6.366408141689447
-31.824859333333333,117.25397333333335,4267.0,4291.0,2.628461538461553,63.08307692307727,24.0,64,,101.21454611195037,107.39196884346319,214.78393768692638,36.88122009856732,8.05107670664822,38.97389232846842,9.117551419743712
-31.822534375,117.25476614583333,4291.0,4322.0,1.5141129032258343,46.93750000000086,31.0,66,,101.73506456388535,139.42799742904987,278.85599485809973,30.279441089312236,9.978692354698572,49.945402572019084,8.833631924699805
-31.733431159420284,117.38931014492753,4772.0,4794.0,3.7470355731224925,82.43478260869483,22.0,68,,97.17203025521535,94.51083244406668,189.02166488813336,38.161219974257506,5.783876224489894,22.14054771375924,6.468593049308704
-31.732848550724636,117.39030942028985,4794.0,4816.0,4.078063241106719,89.71739130434781,22.0,70,,97.9918712164772,95.30822086455245,190.6164417291049,38.39531281445087,4.7238710030094975,18.31849714341074,5.759079731275018
-31.732154861111113,117.39119166666666,4816.0,4839.0,3.4843478260869607,80.1400000000001,23.0,72,,96.40437472044168,98.02620937948831,196.05241875897661,36.71272363231199,6.684332448219243,23.18637230651045,10.51302395917805
-31.73121111111111,117.39226874999999,4839.0,4862.0,3.3460869565217446,76.96000000000012,23.0,74,,98.34327314251692,99.99772636965668,199.99545273931335,37.2609962601519,5.219013470631025,18.606501371161723,6.724364172903074
-31.671732666666667,117.497868,5351.0,5375.0,2.617692307692297,62.82461538461513,24.0,76,,100.30910528005721,106.43126628297631,212.86253256595262,36.63437188823214,12.421157433857191,42.9549553267199,7.730846772341282
-31.67127750000001,117.49877583333334,5375.0,5394.0,2.751879699248068,52.2857142857133,19.0,78,,96.65973466738873,81.19267134307033,162.38534268614066,42.14849381876183,6.769043852347228,24.393363945653206,8.225841220596116
-31.670403174603173,117.49916587301588,5394.0,5414.0,2.6818181818181857,53.63636363636371,20.0,80,,95.873707968648,84.77096964310648,169.54193928621297,40.459544328422794,5.7132727470845435,17.67163116609361,7.11976649846636
-31.817297222222223,117.58521481481482,6059.0,6078.0,3.0009573449633358,57.018189554303376,19.0,82,,102.37188652236134,85.99078991662537,171.98157983325075,43.788958981198775,17.6221736774258,69.76667935140658,18.419582258909806
-31.816282575757576,117.58597651515153,6078.0,6099.0,3.0649350649350415,64.36363636363588,21.0,84,,105.44136195066065,97.89216477127111,195.78432954254222,41.774594682273325,23.127047157324427,96.88559710418694,28.72198168728307
-31.81496376811594,117.58728913043478,6099.0,6121.0,2.53359683794461,55.739130434781416,22.0,86,,101.7925017208373,99.00476555787594,198.00953111575188,39.46095941683723,15.14888196085658,72.33660291943376,16.11676806098552
-31.814017816091948,117.58907816091956,6121.0,6149.0,2.310344827586204,64.68965517241372,28.0,88,,102.40871100612928,126.76885334007115,253.5377066801423,33.052440606279035,10.804160116476982,47.20284137210623,9.206466524402439
-31.813212878787873,117.59036893939395,6149.0,6170.0,3.2879728966685198,69.04743083003892,21.0,90,,102.61127703933316,95.26470308706035,190.5294061741207,41.00137857750075,9.147978616993038,48.60564987974732,8.819208912720594
-31.81206466666667,117.59156066666667,6170.0,6194.0,1.9730769230769123,47.35384615384589,24.0,92,,101.74631066010423,107.95618855279461,215.91237710558923,37.02545433335013,10.61086575842697,44.54630097348632,13.057250140601248
-31.81096304347826,117.59261449275364,6194.0,6216.0,2.125494071146218,46.760869565216794,22.0,94,,99.87912585662085,97.14379028309233,194.28758056618466,38.9284764364853,5.366685389890314,21.13266348894263,6.335815203804367
-31.8100125,117.59344583333332,6216.0,6239.0,1.7365217391304038,39.93999999999929,23.0,96,,100.33603644468383,102.02401442212772,204.04802884425544,37.816302887887694,8.595845661189115,29.66786242217077,9.17240957586028
-31.888050666666665,117.61264333333332,6618.0,6642.0,2.1669230769230903,52.00615384615416,24.0,98,,99.53106753637692,105.60574259751775,211.2114851950355,36.420985906351575,13.120122945747141,55.1049623938496,15.61777047494057
-31.983174999999996,117.63812196969697,7044.0,7065.0,2.3862224731789627,50.110671936758216,21.0,100,,100.70997476200964,93.49952676186417,186.99905352372835,40.47150811591546,3.9960082281286526,13.095903459235075,5.788803497604256
-31.981919696969694,117.63911439393938,7065.0,7086.0,2.351214003387887,49.375494071145624,21.0,102,,102.09677489287516,94.78703732132597,189.57407464265194,40.85882507887293,13.569260301911783,67.70429749961862,14.447602797986297
-31.980500000000003,117.64036111111112,7086.0,7109.0,2.2217391304347793,51.09999999999992,23.0,104,,103.96158142391472,105.710552841981,211.421105683962,38.805553738971014,13.991494532885792,71.09769509482756,14.82753833564192
-31.979332638888888,117.64078402777778,7109.0,7132.0,2.1973913043477897,50.53999999999916,23.0,106,,99.51905827653049,101.19329202802366,202.38658405604733,37.58964252206764,8.488361032682988,28.995800752627662,5.528043748709016
-32.03906474358975,117.69108397435899,7399.0,7424.0,2.706666666666671,67.66666666666677,25.0,108,,102.93050327625909,113.76318327328583,227.52636654657167,36.22307944708582,8.582555188589492,33.584869010169356,7.4602484412887575
-32.0379938271605,117.6923851851852,7424.0,7450.0,1.9877899877900125,51.68253968254032,26.0,110,,101.40822871269337,116.5639285042456,233.1278570084912,34.757480360346946,10.373045931434282,38.925492045813016,8.608061513477388
-32.03709083333333,117.69255833333334,7450.0,7469.0,2.483458646616494,47.18571428571338,19.0,112,,102.46578891709527,86.06966646537853,172.13933293075706,43.81520175157066,4.889696723372498,18.24874909691752,7.586483608290371
-32.03596369047619,117.69285952380953,7469.0,7496.0,1.5284619594964397,41.26847290640387,27.0,114,,107.38241073410931,128.17831102093274,256.3566220418655,35.28259792942754,20.251779746607124,72.12087168861522,16.222727457688794
-32.03414318181819,117.69433560606059,7496.0,7517.0,3.040090344438116,63.841897233200434,21.0,116,,99.54234387670098,92.41549377042628,184.83098754085256,40.141899377193845,4.860959695651786,16.933814335202854,5.297183326716292
-32.03339027777778,117.69472152777776,7517.0,7540.0,1.9239130434782084,44.24999999999879,23.0,118,,103.54617797219689,105.28816095516946,210.57632191033892,38.693574189366785,6.955298375657582,24.971741142578463,8.233638996850155
-32.0322036231884,117.69552898550724,7540.0,7562.0,2.4505928853754555,53.91304347826002,22.0,120,,101.58890658776347,98.8067461745428,197.6134923490856,39.4046830280233,7.9449480041769025,31.55359799984768,5.935048663271312
-32.187813194444445,117.78444236111112,8199.0,8222.0,1.7278260869564945,39.73999999999938,23.0,122,,101.67652417816227,103.38705351255948,206.77410702511895,38.18521004526852,13.571087230254989,70.91388562313085,14.103050037075837
-32.18737619047619,117.78588273809525,8222.0,8249.0,1.9230979748221289,51.92364532019748,27.0,124,,93.00355896229865,111.0148210049128,222.0296420098256,31.501460499475876,19.071116370357494,69.41177957415829,13.362745505285321
-32.185607142857144,117.78693412698411,8249.0,8269.0,2.2025974025973807,44.05194805194761,20.0,126,,104.86914014827344,92.72467795774698,185.44935591549395,43.011200250632406,17.241510396561715,70.76655093412934,21.56549215869675
-32.183788888888884,117.78875555555557,8269.0,8295.0,1.943833943833961,50.539682539682985,26.0,128,,101.96219598547519,117.20068749706044,234.40137499412089,34.903820076324145,14.71922448735351,51.88115889386767,6.5229703622305655
-32.18457903225807,117.79145430107526,8295.0,8325.0,3.070564516129042,92.11693548387126,30.0,130,,106.34735666614225,141.04756248477807,282.09512496955614,32.23909283901283,20.199523715844297,74.76358885921917,11.968981350456978
-32.18219821428571,117.79249464285712,8325.0,8352.0,1.899562123700065,51.28817733990176,27.0,132,,111.69027272395888,133.32044249474959,266.64088498949917,36.35194300394291,10.736603284804982,40.66467077542704,7.706639431653031
-32.18043888888889,117.79400555555556,8352.0,8372.0,2.6844155844155675,53.68831168831135,20.0,134,,108.05752285767682,95.5438272281374,191.0876544562748,43.867911811978914,7.2226306795341415,28.55287351482529,7.453718448382795
-32.179092000000004,117.79476266666667,8372.0,8396.0,2.269230769230762,54.46153846153829,24.0,136,,111.2668899162191,118.0578368841869,236.1156737683738,39.51674573386813,11.403000027498518,49.06188854982979,11.894770853703871
-32.177567499999995,117.79573500000001,8396.0,8415.0,3.2548872180450354,61.84285714285567,19.0,138,,118.57510308037227,99.60123940960366,199.20247881920733,47.99250196122573,6.178273008093662,17.895327546023964,6.813543524195548
-32.275733333333335,117.83741083333334,8818.0,8838.0,2.7858882471644275,55.71776494328855,20.0,140,,105.95184329588993,93.68199772354875,187.3639954470975,43.30484467936507,13.634135818111428,62.426932670774896,14.512976962262318
-32.274734090909085,117.83854848484847,8838.0,8859.0,3.159232072275503,66.34387351778557,21.0,142,,103.1419108583272,95.75734555943737,191.51469111887474,41.1477585313814,10.161768134790057,45.478691756667104,9.730429777141529
-32.27379365079365,117.83972698412697,8859.0,8879.0,2.918181818181819,58.363636363636374,20.0,144,,101.89506955766034,90.09502220441193,180.19004440882387,42.18992578830917,5.144868216320512,19.12445760159671,5.552872579884094
-32.27278712121212,117.84057348484848,8879.0,8900.0,2.7080745341614487,56.869565217390424,21.0,146,,104.99392562652271,97.47676317215615,194.9535263443123,41.65357039788113,5.51683857375698,19.406279463710668,7.087463746782722
-32.271534090909086,117.84172196969699,8900.0,8921.0,3.132128740824368,65.77470355731172,21.0,148,,104.02508143752961,96.5772845118655,193.154569023731,41.38994733142016,6.837477398087342,29.450244789796677,7.288661629552154
-32.27033833333333,117.84288999999998,8921.0,8942.0,1.7789572695512244,37.35810266057571,21.0,150,,102.75837203032384,95.40126664076166,190.80253328152332,41.04202133568833,8.521010893496834,32.88867328798156,9.478844781377369
-32.26907954545455,117.84430454545455,8942.0,8963.0,2.484472049689339,52.17391304347612,21.0,152,,107.871368419366,100.14819209516958,200.29638419033915,42.423965078439856,15.345730681272155,65.44580938251531,19.06405598056868
-32.267822463768105,117.8461949275362,8963.0,8985.0,2.1956521739130186,48.304347826086406,22.0,154,,109.3098747776131,106.31626438652523,212.63252877305047,41.47621157008406,14.120370542197097,62.68488686859378,15.607185552141008
-32.29083968253968,117.721876984127,9825.0,9845.0,2.6025974025973944,52.05194805194789,20.0,156,,100.92700640380289,89.23906644795892,178.47813289591784,41.9178986682877,6.571034379999326,18.0553189799792,5.831914770048792
-32.2894275,117.72269083333333,9845.0,9864.0,3.0593984962405716,58.12857142857086,19.0,158,,109.94025620055844,92.34810254529367,184.69620509058734,45.83179092274022,5.944529799120138,20.701678068805023,8.232397966823749
-32.288267499999996,117.72363166666669,9864.0,9883.0,2.703007518796934,51.35714285714174,19.0,160,,107.60252355948477,90.38444354428566,180.76888708857132,45.21617689577859,5.249043927646616,17.32478425096503,7.090700501243363
-32.28740238095238,117.72417142857144,9883.0,9903.0,2.4532467532467495,49.064935064934986,20.0,162,,106.94180354281673,94.55731476112027,189.11462952224053,43.570876299553554,5.594837334911836,20.23626435809584,5.6680777290641755
-32.28626587301587,117.72520793650794,9903.0,9923.0,2.740259740259719,54.805194805194375,20.0,164,,109.52192371469101,96.83864186736973,193.67728373473946,44.25333202970352,6.074014887580376,25.252186508108842,4.979777848859323
-32.28528015873015,117.72626984126984,9923.0,9943.0,2.2480519480519194,44.96103896103839,20.0,166,,101.54029219409769,89.78133014270024,179.56266028540048,42.09050325851123,5.093855974530204,20.088945095699565,5.047650633184778
-32.284225757575754,117.72709469696969,9943.0,9964.0,1.7193675889327547,36.10671936758785,21.0,168,,103.01245501219285,95.63715825546154,191.2743165109231,41.11210711046852,12.252246692260496,61.67153663555225,15.14007794729398
-32.24619166666667,117.57383999999999,10434.0,10455.0,2.8398415393321397,59.636672325974935,21.0,170,,101.7245426747416,94.44145550261086,188.88291100522173,40.75530635934022,7.9045101492645395,30.12112863745649,6.3149903717358455
-32.24537101449276,117.5745891304348,10455.0,10477.0,2.4713438735177258,54.36956521738997,22.0,172,,104.67875305242467,101.8119726860452,203.6239453720904,40.24903703783159,5.919258059781795,23.529964239880826,7.999514921119516
-32.19191845238095,117.42061666666667,10997.0,11024.0,1.5087575259988983,40.73645320197026,27.0,174,,107.23839713287794,128.00640744711944,256.0128148942389,35.246350389391836,11.630067052182461,53.45562603640449,11.8874795238467
-32.17372916666666,117.29713988095239,11399.0,11426.0,1.4370552818828823,38.80049261083782,27.0,176,,108.43449833641436,129.43414808947685,258.8682961789537,35.5464206826881,15.556857279554949,75.57654916817407,19.022181346261764
-32.172287373737376,117.2977883838384,11426.0,11458.0,1.1768048128342024,37.657754010694475,32.0,178,,105.5113470777762,149.268021686335,298.53604337267,30.396777888577937,10.203531223508154,42.043369882607315,10.264158346339624
-32.14996436781609,117.1665155172414,11959.0,11987.0,1.5472906403940823,43.3241379310343,28.0,180,,102.2729802821343,126.60083610721259,253.20167221442517,33.01771192045711,9.421762907187928,45.03281471550399,7.81328613652537
-32.148510416666674,117.16753611111112,11987.0,12010.0,1.063913043478238,24.469999999999473,23.0,182,,105.66885872810072,107.44655209486032,214.89310418972065,39.262105514356065,6.0886857360322635,23.886557328058434,4.963775961032544
-32.14694074074074,117.16837222222223,12010.0,12036.0,0.9804639804639812,25.49206349206351,26.0,184,,102.00721582923418,117.25243566302105,234.5048713260421,34.915689974833434,6.513529658526684,25.11163001740885,7.4985804841524235
-32.14553733333334,117.16942066666667,12036.0,12060.0,1.393076923076907,33.433846153845764,24.0,186,,98.33067386659977,104.33208535617604,208.66417071235207,36.0894493984688,6.609972227723044,30.98776845313834,6.859197821379695
