lat,lon,t_start,t_end,climb_rate_ms,alt_gain_m,duration_s,circle_id,seg_id,avg_speed_kmh,turn_radius_m,circle_diameter_m,bank_angle_deg,bank_std_deg,bank_range_deg,bank_masd_deg
-32.902422549019605,117.08324509803921,528.0,556.0,3.2047168749296184,89.73207249802931,28.0,0,,123.07681110263194,152.35331118755485,304.7066223751097,38.02667577651557,8.785187257481853,33.108503836847234,11.021726149690071
-32.903415384615386,117.08158910256408,556.0,581.0,2.500170940170951,62.504273504273776,25.0,2,,118.80571364186912,131.3091430115534,262.6182860231068,40.21400359098348,7.1558823602169594,27.68829885957225,7.744088892179615
-32.903784848484854,117.08105757575758,581.0,606.0,3.78111380145276,94.52784503631901,25.0,4,,116.39929289571904,128.64946414413208,257.29892828826416,39.63696384000219,6.410940922732055,19.216889260305365,7.692354677449931
-32.90491428571429,117.07970476190475,606.0,630.0,3.3571428571428767,80.57142857142904,24.0,6,,119.65449059402546,126.957357607879,253.914715215758,41.57318946336389,2.446494408066681,6.209772576689552,2.1683064593053216
-32.90546904761905,117.0781238095238,630.0,654.0,4.339285714285738,104.14285714285772,24.0,8,,115.62146122263867,122.67818054060562,245.35636108121125,40.600144847659735,4.565046928488455,12.716936182552942,4.583443907661467
-32.90602380952381,117.07679047619047,654.0,678.0,4.562500000000019,109.50000000000045,24.0,10,,117.34271295918312,124.504485355116,249.008970710232,41.01895670706636,2.097112779423113,4.712750805420775,2.5227041909001473
-32.90690238095238,117.07541428571429,678.0,702.0,4.160714285714288,99.85714285714292,24.0,12,,115.71233534621335,122.7746009803793,245.5492019607586,40.62238857293823,3.8392939429940367,10.048107930486232,2.905405513135591
-32.91371111111111,117.04945000000001,1002.0,1034.0,0.1791666666666577,5.7333333333330465,32.0,14,,114.22066510066104,161.5891862579035,323.178372515807,32.41729907306811,5.306607674494488,15.099829394491767,3.706707686716871
-32.90851666666667,117.28158124999999,1881.0,1909.0,0.3154761904761952,8.833333333333465,28.0,16,,112.53169281050332,139.29980684114682,278.59961368229364,35.565962638489175,12.934288536325909,36.802959495550695,7.249032186468514
-32.90479166666667,117.30948541666666,2029.0,2057.0,1.4702380952381222,41.166666666667425,28.0,18,,108.60465854438911,134.4386419455876,268.8772838911752,34.60874014236671,7.857103935997043,24.197532173724017,7.283084948944182
-32.905028571428566,117.30771428571428,2057.0,2081.0,2.464285714285721,59.14285714285731,24.0,20,,108.24945143598113,114.85623522014978,229.71247044029957,38.74561209448005,4.503148029553276,11.872189371928343,5.680591689514567
-32.90546428571429,117.30601666666666,2081.0,2105.0,2.5000000000000275,60.00000000000066,24.0,22,,107.50535574840843,114.06672517474607,228.13345034949214,38.55284549954217,4.296353593662283,11.620750001326506,4.063935886132315
-32.90558095238095,117.30432619047619,2105.0,2129.0,2.9910714285714177,71.78571428571402,24.0,24,,110.1488659138249,116.8715765743441,233.7431531486882,39.23299267093972,3.0927119566029107,7.441361902890613,2.877901458923688
-32.90585476190476,117.30239047619047,2129.0,2153.0,3.2500000000000155,78.00000000000037,24.0,26,,109.1733090393162,115.83647858204182,231.67295716408364,38.983507909109704,5.237680289007661,12.592092094910065,4.402451440410078
-32.90619166666667,117.30076388888888,2153.0,2173.0,2.942857142857137,58.85714285714273,20.0,28,,110.20300539373922,97.44085028886889,194.88170057773777,44.43088529494198,4.698978322555064,11.773797152673858,5.01856133819161
-32.909672916666665,117.40337708333334,2505.0,2533.0,2.6488095238095513,74.16666666666744,28.0,30,,124.02972754436138,153.53289955909204,307.0657991181841,38.241310393538335,1.8094071179768887,5.430413139508353,2.2070106431156233
-32.8471375,117.50417499999999,3174.0,3202.0,2.220238095238117,62.16666666666728,28.0,32,,119.97686207731036,148.51597177089948,297.03194354179897,37.31966712236385,11.02567373941957,28.034632601968884,5.5546865678453585
-32.847528571428576,117.50151904761904,3202.0,3226.0,1.991071428571449,47.785714285714775,24.0,34,,117.33044593129456,124.49146963427927,248.98293926855854,41.01599058863457,2.522132878550042,5.846136856175875,2.6259980124460696
-32.847740476190474,117.49895952380952,3226.0,3250.0,1.526785714285724,36.64285714285737,24.0,36,,117.86329358326807,125.0568385524559,250.1136771049118,41.14458508767308,5.974584934171997,14.415126903296375,5.324767012901051
-32.84731458333333,117.4959625,3250.0,3278.0,1.4851190476190657,41.58333333333384,28.0,38,,112.37268539169735,139.10297604465927,278.20595208931854,35.52763995972261,8.262082596067314,22.05283019507774,5.63013870696946
-32.78345833333333,117.49519583333333,3562.0,3590.0,1.9404761904761938,54.33333333333343,28.0,40,,106.46100852823021,131.78507808523761,263.57015617047523,34.07670460098438,4.864798838843588,14.11831163606234,4.203043983603559
-32.78383958333333,117.49435416666667,3590.0,3618.0,2.2648809523809663,63.416666666667055,28.0,42,,107.98031471425566,133.66578433749572,267.33156867499144,34.45447988859637,4.703763484065231,13.475683019259456,4.181556555758117
-32.78416666666667,117.49361666666667,3618.0,3642.0,2.20535714285717,52.92857142857208,24.0,44,,109.43644454660681,116.11567402663044,232.2313480532609,39.05097508362443,4.946627350750361,13.565693426118074,4.998807515935991
-32.78492142857142,117.49250238095237,3642.0,3666.0,3.044642857142865,73.07142857142877,24.0,46,,109.94731600883766,116.65772548328795,233.3154509665759,39.18159383729672,3.1392205195603586,8.465963175132174,2.996351666294795
-32.785578571428566,117.49113571428572,3666.0,3690.0,2.616071428571435,62.78571428571444,24.0,48,,110.39250538058833,117.13008607746191,234.26017215492382,39.29502472274472,6.187759874356233,16.83313232593731,6.353552175826875
-32.786426190476185,117.48987619047618,3690.0,3714.0,3.7767857142857117,90.64285714285708,24.0,50,,112.78739249098,119.67114022256791,239.34228044513583,39.89896007690846,3.8946129808353613,10.22640216740735,3.310725400838005
-32.787297619047614,117.48809047619048,3714.0,3738.0,3.098214285714301,74.35714285714323,24.0,52,,114.38350307774135,121.36466615326376,242.7293323065275,40.295644697540176,4.60995585523218,12.886351045889619,4.628624733939928
-32.788214583333335,117.48639374999999,3738.0,3766.0,3.3511904761904754,93.83333333333331,28.0,54,,116.20987979130648,143.85293070478852,287.70586140957704,36.44226675684894,2.93736028997212,7.842788569355456,2.7321380560274995
-32.78905208333333,117.48472708333333,3766.0,3794.0,3.89583333333335,109.0833333333338,28.0,56,,118.55236305014333,146.75262462509662,293.50524925019323,36.990244103254106,1.6162604300858676,4.474393258160063,1.660487505924145
-32.78970952380952,117.48330952380952,3794.0,3818.0,3.6875000000000404,88.50000000000097,24.0,58,,115.44652735787454,122.49256994532976,244.98513989065953,40.55728367733672,3.565630745628984,8.933317052837033,3.058787225805659
-32.79054047619048,117.48210000000002,3818.0,3842.0,3.4375000000000244,82.50000000000058,24.0,60,,112.2765598352816,119.12912994092018,238.25825988184036,39.77102234416845,2.7504022614475954,5.9600805969448984,2.9624419953577474
-32.568656250000004,117.47427916666666,4542.0,4570.0,1.4523809523809672,40.66666666666708,28.0,62,,123.54920077923957,152.93806903720352,305.87613807440704,38.13323448146383,6.811785332648148,19.24524662871349,7.847480567750921
-32.57946875,117.46513333333333,4626.0,4654.0,2.4791666666666736,69.41666666666686,28.0,64,,122.34007720271002,151.4413290837642,302.8826581675284,37.85986724889691,4.814307935372589,11.446451392998295,4.039804942553452
-32.57002708333333,117.4615,4710.0,4738.0,2.976190476190507,83.3333333333342,28.0,66,,114.32710083912183,141.52229177264743,283.04458354529487,35.99614050638523,5.224931515613987,14.181371162680968,5.562736565696955
-32.57057142857143,117.46034999999999,4738.0,4762.0,2.9910714285714533,71.78571428571487,24.0,68,,112.19754362397454,119.04529113682743,238.09058227365486,39.75119018991461,4.063906796358609,8.7299569445441,3.4198034405016555
-32.5710119047619,117.45885476190479,4762.0,4786.0,3.1875000000000084,76.5000000000002,24.0,70,,114.68797586435483,121.68772181344039,243.37544362688078,40.37079178329171,3.29532092156372,9.703325102510988,3.7500851568846216
-32.57160833333334,117.45723125,4786.0,4814.0,2.8690476190476337,80.33333333333374,28.0,72,,116.905114464019,144.7135420863413,289.4270841726826,36.60571933977146,2.8110280466155406,8.00652463037904,3.3929828973290803
-32.57206458333333,117.45589583333333,4814.0,4842.0,2.7559523809523854,77.16666666666679,28.0,74,,111.05780292650985,137.47532014750803,274.95064029501606,35.20933176912982,3.111924231344617,9.814248683689321,3.4097179897288292
-32.572140476190484,117.45476190476191,4842.0,4866.0,1.6785714285714384,40.28571428571452,24.0,76,,115.69273952710134,122.7538091705419,245.5076183410838,40.61759325611958,2.4255412761751955,6.264096553238062,1.2973206311230967
-32.36964583333334,117.42580416666667,5490.0,5518.0,1.6696428571428574,46.75000000000001,28.0,78,,118.17560852690801,146.28625083294557,292.57250166589114,36.902636924881136,3.784300348796815,10.277524192013118,1.9864453986850847
-32.37077708333333,117.42382291666667,5518.0,5546.0,1.62797619047621,45.58333333333388,28.0,80,,115.15936949607395,142.5525336561371,285.1050673122742,36.19397492835547,5.15494381165077,15.42226627104159,5.412630033376096
-32.371300000000005,117.42179791666666,5546.0,5574.0,1.3809523809524045,38.666666666667325,28.0,82,,114.01587129043993,141.13702949735534,282.2740589947107,35.92190359129134,5.0814596227501765,12.526579197037407,3.9097959475383584
-32.37237916666667,117.41987083333333,5574.0,5602.0,1.0952380952381537,30.666666666668306,28.0,84,,112.59966833546467,139.3839518252002,278.7679036504004,35.5823343732353,4.548462080227809,11.042238266623837,3.4724647388203156
-32.243675,117.37183958333334,6014.0,6042.0,2.190476190476211,61.33333333333391,28.0,86,,116.16024466605684,143.7914887839649,287.5829775679298,36.430570903162824,5.47647242970909,16.781249878370584,5.890843156966953
-32.244535185185185,117.36910370370371,6042.0,6074.0,1.8083333333333116,57.86666666666597,32.0,88,,112.83022641276008,159.62211790016443,319.24423580032885,32.100556635518195,7.562098453321507,19.678581791206213,5.1496047671886105
-32.24507962962963,117.36546851851851,6074.0,6106.0,1.020833333333321,32.66666666666627,32.0,90,,118.43134596308924,167.54608112935145,335.0921622587029,33.36304156518272,4.997345647355464,12.762039461730236,2.6843661373511125
-32.15495555555556,117.35385185185184,6458.0,6490.0,1.387499999999988,44.399999999999615,32.0,92,,104.24840102999786,147.48131851867015,294.9626370373403,30.096546972791675,6.237655160710637,19.04029674351491,5.439509905744884
-32.15455952380952,117.34843571428571,6530.0,6554.0,2.151785714285722,51.64285714285732,24.0,94,,112.72689515991753,119.60695056068487,239.21390112136973,39.883833428021504,5.710316236705721,15.024801790900689,4.326571014382409
-32.15550952380953,117.34724761904761,6554.0,6578.0,2.3214285714285774,55.71428571428586,24.0,96,,112.31336186554584,119.16817810780265,238.3363562156053,39.78025532914157,5.018348764333456,11.157420196802633,3.9973279110437914
-32.15598571428571,117.34520476190478,6578.0,6602.0,2.6607142857142887,63.85714285714293,24.0,98,,112.78319172565027,119.66668307212127,239.33336614424255,39.897909940436236,5.226918909972121,14.287161437462522,4.423106027032224
-32.15687380952381,117.34351428571428,6602.0,6626.0,1.2053571428571543,28.928571428571704,24.0,100,,115.50044257480872,122.54977576721605,245.0995515344321,40.57049949240191,4.420004397220108,11.33529404421403,3.3257155906495015
-32.15741190476191,117.3421119047619,6626.0,6650.0,2.4107142857143202,57.857142857143685,24.0,102,,113.90659835505734,120.85865452660354,241.7173090532071,40.177602797258686,2.6665888562560083,6.64613612303296,2.857018045845828
-32.15813095238095,117.34067857142858,6650.0,6674.0,1.7232142857143273,41.357142857143856,24.0,104,,114.71755455480185,121.71910577873926,243.43821155747852,40.378083198964916,2.20673176380035,6.600293016469024,2.8177559152360816
-32.05198095238095,117.33229761904762,6998.0,7022.0,2.2767857142857357,54.64285714285766,24.0,106,,114.09354691992549,121.05701311462155,242.1140262292431,40.22392474574066,4.270865642996352,10.582371176257439,3.599297799216937
-32.052466666666675,117.33064074074075,7022.0,7054.0,3.0249999999999773,96.79999999999927,32.0,108,,115.41518593968844,163.2790875570812,326.5581751141624,32.6876476248286,3.5574764105333934,10.333939890527645,3.549155342137294
-32.053468518518514,117.3288185185185,7054.0,7086.0,2.095833333333315,67.06666666666608,32.0,110,,114.95706475261261,162.6309786552301,325.2619573104602,32.58415639291467,4.946813589727779,14.71824322526572,6.042273353063786
-31.966233333333335,117.30835208333333,7510.0,7538.0,2.2380952380952626,62.66666666666735,28.0,112,,108.19030177914435,133.92572139920324,267.8514427984065,34.506426407219735,3.9489922793230168,12.204046379815342,2.8160772015373507
-31.928573809523808,117.30552380952382,7694.0,7718.0,2.9821428571428465,71.57142857142831,24.0,114,,112.24588169064117,119.09657941849075,238.1931588369815,39.76332384155928,6.939361777906652,17.140765352160617,6.326933750816951
-31.92957142857143,117.30366190476191,7718.0,7742.0,2.9285714285714697,70.28571428571527,24.0,116,,109.27112651691623,115.94026614924734,231.88053229849467,39.008603059273526,6.063365189270203,13.606341267642108,5.371420871705167
-31.930697619047617,117.30207619047619,7742.0,7766.0,2.874999999999998,68.99999999999994,24.0,118,,110.12807660636663,116.84951843404114,233.6990368680823,39.22769450459333,4.009346600201645,11.182378001185945,3.633988914110735
-31.932091666666665,117.30051041666667,7766.0,7794.0,2.196428571428577,61.500000000000156,28.0,120,,112.45119993875656,139.20016698675224,278.4003339735045,35.546567477268226,3.502229463452786,9.604369502132474,2.789692288465966
-31.787635416666667,117.27209791666665,8410.0,8438.0,2.291666666666699,64.16666666666757,28.0,122,,115.73967017581907,143.2708714912784,286.5417429825568,36.33132659219809,4.718518950528863,15.0778945439272,5.179925926593409
-31.788783333333335,117.26982708333333,8438.0,8466.0,2.580357142857181,72.25000000000107,28.0,124,,115.9726568789042,143.55927915605037,287.11855831210073,36.38633650458353,5.354602298606546,13.845646493517428,3.7582168201984416
-31.790252083333336,117.26814166666666,8466.0,8494.0,1.7023809523809847,47.666666666667574,28.0,126,,125.04279899742943,154.78695212156703,309.57390424313405,38.46811275307452,6.2338656203218585,17.331963342783766,5.720115397017627
-31.791166666666665,117.26644166666667,8494.0,8522.0,2.1190476190476484,59.33333333333415,28.0,128,,126.37360116853469,156.43431457341347,312.86862914682695,38.76389400552205,2.7832691286420204,7.424797173713806,3.3026513386690524
-31.791889583333337,117.26426041666667,8522.0,8550.0,1.967261904761936,55.08333333333421,28.0,130,,126.2919279276918,156.33321357342527,312.66642714685054,38.74581168141765,3.2327232981421545,9.324408907492312,3.0232719922210394
-31.793172222222225,117.26247962962962,8550.0,8582.0,1.991666666666645,63.73333333333264,32.0,132,,125.913049085205,178.13052588162512,356.26105176325024,34.99394672279482,2.090044233654514,5.900349145480078,1.547488930560329
-31.79349074074074,117.26115740740741,8582.0,8614.0,1.612499999999983,51.599999999999454,32.0,134,,127.80650886935824,180.80922351890248,361.61844703780497,35.39673849530401,6.886448029515721,19.27531841909576,5.982230100828455
-32.110562962962966,117.2381425925926,9474.0,9506.0,0.9124999999999754,29.199999999999214,32.0,136,,121.83562396131782,172.3621493167031,344.7242986334062,34.11294594135853,10.916298808420725,31.365256793078103,8.780897959748712
-32.111807142857145,117.23592857142857,9506.0,9530.0,2.5000000000000275,60.00000000000066,24.0,138,,115.21216394521716,122.24390264130102,244.48780528260204,40.499775327951504,3.4376602331865977,9.9248786335219,2.989307834114771
-32.11222857142858,117.23409523809525,9530.0,9554.0,1.8303571428571404,43.92857142857137,24.0,140,,119.94566290346293,127.26630102346871,254.53260204693743,41.64233018230804,3.638331537759685,10.406206660879839,3.346023466204737
-32.11295476190476,117.23244761904762,9554.0,9578.0,2.196428571428611,52.71428571428667,24.0,142,,118.96317175298056,126.22384553584662,252.44769107169324,41.40843673167223,1.791027082329545,4.951967812843783,2.4342670129984496
-32.11362380952381,117.23085238095237,9578.0,9602.0,1.4642857142857288,35.142857142857494,24.0,144,,120.5009971001915,127.85552890665083,255.71105781330166,41.77378758569179,3.2929804678849557,9.532813795489453,4.213706736794434
-32.114073809523816,117.22954047619048,9602.0,9626.0,1.9642857142857488,47.14285714285797,24.0,146,,116.33831859606126,123.43878983708613,246.87757967417227,40.775211886288446,5.2103159900204306,12.886210922512944,6.285464350584124
-32.114922916666664,117.22752291666667,9626.0,9654.0,1.407738095238137,39.41666666666784,28.0,148,,121.71549676318014,150.6681785835777,301.3363571671554,37.71785812299864,2.7264836211658694,7.596971991319016,2.3990254926234953
-32.195787037037036,117.20390185185185,9858.0,9890.0,0.4416666666666386,14.133333333332436,32.0,150,,120.73686952355695,170.8077297610249,341.6154595220498,33.8723414193494,11.472554235904989,32.389465963558166,9.718842241184833
-32.19653541666667,117.19694583333333,9926.0,9954.0,1.6279761904762198,45.58333333333415,28.0,152,,119.49915089551341,147.92462658015194,295.8492531603039,37.209513677353364,6.320317855401878,15.410111246802142,6.093341921323908
-32.19806666666666,117.19543571428572,9954.0,9978.0,5.392857142857166,129.42857142857198,24.0,154,,115.32085329879037,122.35922562718528,244.71845125437056,40.526457912472125,3.0261351050346588,7.934765693083584,3.3302192411943268
-32.199173809523806,117.19406666666667,9978.0,10002.0,0.3035714285714521,7.28571428571485,24.0,156,,114.09039536352503,121.05366920942446,242.1073384188489,40.22314438034987,3.142733755369727,8.272917411455992,2.5485735749377723
-32.20033541666666,117.19299583333333,10002.0,10030.0,1.139880952380955,31.91666666666674,28.0,158,,119.06602805914899,147.38847604391455,294.7769520878291,37.10936290027592,3.6737069053373936,9.675184062112699,2.6956074673065444
-32.201638095238096,117.19135952380952,10030.0,10054.0,1.741071428571433,41.78571428571439,24.0,160,,120.15198126588163,127.48521160499911,254.97042320999822,41.69123215226132,3.8962738518988047,10.320151088166028,3.9218422049760404
-32.20311041666666,117.18987708333333,10054.0,10082.0,1.0327380952381398,28.916666666667915,28.0,162,,119.27589246875344,147.64826127410709,295.29652254821417,37.15792288201368,10.007078642755456,27.993926096463507,5.582208877365235
-32.51504444444444,117.21133611111111,10930.0,10950.0,2.335714285714266,46.71428571428532,20.0,164,,119.0382717697439,105.25294094039533,210.50588188079067,46.63930309307729,8.38035542923555,19.27690513722184,5.783999159837217
-32.515926190476186,117.20973809523811,10950.0,10974.0,3.3392857142857104,80.14285714285705,24.0,166,,118.70300827366606,125.9478035108807,251.8956070217614,41.34621816670131,3.383461059976215,8.10978940054494,3.5886870030796745
-32.516999999999996,117.2082642857143,10974.0,10998.0,3.0000000000000235,72.00000000000057,24.0,168,,117.8566009513594,125.04973744945215,250.0994748989043,41.14297304377293,2.8724481443218446,8.467286823562091,2.7010246424699362
-32.51793571428571,117.2069357142857,10998.0,11022.0,3.241071428571457,77.78571428571496,24.0,170,,115.2161660087459,122.24814896258881,244.49629792517763,40.50075818714891,2.358547810649192,6.387806198342062,2.332338606459601
-32.51913809523809,117.20555,11022.0,11046.0,2.7857142857143145,66.85714285714354,24.0,172,,116.61891861315615,123.73651570210161,247.47303140420323,40.843488345714064,3.9576539315252215,12.013869468341923,3.9662610858437533
-32.51994523809524,117.20405476190477,11046.0,11070.0,2.830357142857156,67.92857142857174,24.0,174,,118.88673609187224,126.14274478055405,252.2854895611081,41.390169353117365,2.1005187074600595,6.177727733850311,2.489066215539917
-32.52084761904762,117.20246666666665,11070.0,11094.0,2.964285714285728,71.14285714285748,24.0,176,,119.15453823122058,126.42689167553986,252.85378335107973,41.45412643897062,2.158509030202572,5.748341805120177,1.7271759428398723
-32.52193750000001,117.2011875,11094.0,11122.0,3.202380952380955,89.66666666666674,28.0,178,,113.16401725570411,140.08254342741438,280.16508685482876,35.717998150599186,2.801371126651013,7.349063609327963,2.934472877645915
-32.523135714285715,117.19913571428572,11122.0,11146.0,2.2142857142857286,53.14285714285749,24.0,180,,122.26189185702593,129.72389627208284,259.4477925441657,42.18708298892507,6.063481595041894,15.78706466805616,6.001545607343628
-32.52393333333333,117.1970875,11146.0,11174.0,2.401785714285755,67.25000000000114,28.0,182,,113.54897886201606,140.55907653609884,281.1181530721977,35.81027485005238,7.579678162690994,23.006227393690384,4.916111820987845
