lat,lon,t_start,t_end,climb_rate_ms,alt_gain_m,duration_s,circle_id,seg_id,avg_speed_kmh,turn_radius_m,circle_diameter_m,bank_angle_deg,bank_std_deg,bank_range_deg,bank_masd_deg
-31.72241277777778,117.12904944444446,3497.0,3526.0,1.968409343715227,57.08387096774158,29.0,0,,132.61388578758806,170.0218077571783,340.0436155143566,39.1310542713531,5.576844518163908,27.397522053287283,6.031036924088256
-31.721003205128202,117.13052243589745,3562.0,3587.0,1.4977777777778407,37.44444444444602,25.0,2,,131.30852679836153,145.1277854866239,290.2555709732478,43.0595837076688,7.323064203752718,28.80506985241854,4.737652181863694
-31.68378866666667,117.08506533333333,3841.0,3865.0,2.090769230769235,50.17846153846165,24.0,4,,127.3395462504792,135.1114549122853,270.2229098245706,43.34919815165588,3.9997448755001135,16.147465594109605,3.8369193804595985
-31.683047222222218,117.08559722222223,3865.0,3888.0,1.6904347826086974,38.88000000000004,23.0,6,,128.12174878567427,130.2771726796712,260.5543453593424,44.7429661500674,4.219562999561242,16.30821520120702,5.114082687282424
-31.682164583333332,117.08599305555556,3888.0,3911.0,1.3365217391303952,30.73999999999909,23.0,8,,124.53799174230033,126.63312520446362,253.26625040892725,43.930466303610125,5.400168613510278,18.634267776709905,6.138695086865199
-31.68119597701149,117.08703448275861,3911.0,3939.0,1.132019704433475,31.6965517241373,28.0,10,,125.08959849802038,154.8448839026481,309.6897678052962,38.47855572991253,4.874904550815957,22.585396126508456,4.687698894812666
-31.680006321839084,117.0897396551724,3972.0,4000.0,1.2546798029556592,35.13103448275846,28.0,12,,122.85002495374836,152.07257901384688,304.14515802769375,37.975408369655916,7.797755656961434,29.468565575300147,9.967451050751162
-31.6765130952381,117.09386785714285,4068.0,4095.0,1.282156540777217,34.61822660098486,27.0,14,,125.9822718627088,150.38025981672828,300.76051963345657,39.6975967995022,4.748485063446742,18.359949599173817,4.8243620355367955
-31.549862068965517,117.30721091954022,5308.0,5336.0,1.8591133004925975,52.05517241379273,28.0,16,,126.72811994520407,156.8731633623921,313.7463267247842,38.84227775883689,5.547904935892366,20.86634598523759,7.42949692260221
-31.548677222222224,117.31033944444445,5369.0,5398.0,1.600889877641849,46.42580645161362,29.0,18,,125.33863683768529,160.69434577233574,321.3886915446715,37.55830731174574,10.016331271710753,37.033507529757834,8.251178119893883
-31.547975308641977,117.31127962962962,5398.0,5424.0,1.6825396825396894,43.746031746031925,26.0,20,,124.75805544430669,143.40344210468,286.80688420936,40.487276803805386,6.84458821572854,23.478894518919542,7.801806530098661
-31.472814743589748,117.40045512820512,5696.0,5721.0,1.9955555555555646,49.88888888888911,25.0,22,,127.07290680279448,140.44639757444773,280.89279514889546,42.12361546586414,10.189743784364186,42.76208540266279,5.71522879571656
-31.472648765432105,117.40194382716048,5721.0,5747.0,1.3919413919414336,36.19047619047728,26.0,24,,123.37380288557921,141.81230972483664,283.6246194496733,40.171877681179964,4.835650720546231,18.88810656345686,5.327584654212168
-31.472424747474744,117.403798989899,5747.0,5779.0,0.21691176470585574,6.941176470587384,32.0,26,,120.21022786933277,170.0626842276216,340.1253684552432,33.75653433589003,9.342811774026126,35.44489544999359,12.39789410172355
-31.46067173913043,117.41574927536233,5836.0,5858.0,3.0167984189722983,66.36956521739056,22.0,28,,128.3740114601195,124.8583018736389,249.7166037472778,46.07251148671334,6.788800851779491,25.607385858813373,7.925846205294623
-31.460252000000004,117.41719333333334,5858.0,5882.0,2.300000000000039,55.200000000000934,24.0,30,,130.3958958869307,138.3543425953411,276.7086851906822,44.02794288385709,6.594504014288227,25.424962885520173,6.846227734840238
-31.459498275862064,117.41876264367816,5882.0,5910.0,2.6197044334975246,73.35172413793069,28.0,32,,131.78825030829606,163.13695593997912,326.27391187995823,39.94242077864446,6.465835377194333,25.35070977393501,7.625082035633334
-31.45881021505376,117.41989569892476,5910.0,5940.0,2.178225806451572,65.34677419354716,30.0,34,,128.3100471275999,170.17648540592975,340.3529708118595,37.26878964212395,5.006879811377534,17.1172604549222,5.741698343230629
-31.45798950617284,117.42097654320987,5940.0,5966.0,1.4230769230769438,37.00000000000054,26.0,36,,132.01377308502697,151.7435439194556,303.4870878389112,42.09296304472628,6.903647836461207,29.880460888156012,6.7987440463763855
-31.425663492063492,117.44793412698411,6112.0,6132.0,0.39220779220778323,7.844155844155665,20.0,38,,127.60083431248405,112.82390846378759,225.64781692757518,48.62045812776532,6.922138741099495,22.38561098473089,7.345310328281052
-31.260238405797093,117.61659637681159,6637.0,6659.0,4.087944664031608,89.93478260869537,22.0,40,,131.56634548568542,127.9632091746733,255.9264183493466,46.77531101439023,6.425955291775525,26.595045760683227,8.389737937737193
-31.259119135802475,117.6182574074074,6659.0,6685.0,3.5042735042735327,91.11111111111185,26.0,42,,123.7056729491517,142.19377855487176,284.3875571097435,40.24776242793562,5.374112905172082,23.931574825667507,5.018040851181803
-31.257351234567903,117.61938456790124,6685.0,6711.0,2.721001221001231,70.746031746032,26.0,44,,117.99242581285222,135.62667311208295,271.2533462241659,38.91743198690041,7.8874203893645785,29.57497851092536,7.4159588088475905
-31.256324603174605,117.62066507936508,6711.0,6731.0,2.667532467532467,53.35064935064934,20.0,46,,120.32823264044303,106.3935167679892,212.7870335359784,46.94747025152111,4.693653020296276,16.148169768996596,6.502947639670451
-31.255668589743593,117.62128012820511,6731.0,6756.0,2.9196581196581715,72.99145299145428,25.0,48,,121.32286760361214,134.09120895276695,268.1824179055339,40.80725904642518,8.233313503170939,27.904900044360417,7.557174932556175
-31.254931333333328,117.62192933333334,6756.0,6780.0,3.4092307692307777,81.82153846153867,24.0,50,,122.55136972459353,130.03104182901006,260.06208365802013,42.25451347358293,7.835535975382362,28.93701296761777,7.7160679393316345
-31.25406217948718,117.62303205128207,6780.0,6805.0,2.3582905982906177,58.957264957265444,25.0,52,,120.56121136697595,133.2493939875071,266.4987879750142,40.628854604640736,4.909952267985492,20.071324421303956,5.814358921210313
-31.25310885416667,117.624734375,6805.0,6836.0,0.655058651026414,20.306818181818834,31.0,54,,121.40708144564236,166.3885142476288,332.7770284952576,34.86770354018671,7.4652371958941615,34.60750152482758,8.53232403211521
-31.251610937499997,117.62596041666666,6836.0,6867.0,1.6887829912024057,52.352272727274574,31.0,56,,117.71815080944775,161.3328314949403,322.6656629898806,34.04298835468945,12.566645538173894,53.3243119108273,8.46269965032335
-31.250763333333335,117.62730933333334,6867.0,6891.0,1.6200000000000465,38.88000000000112,24.0,58,,118.52357820638956,125.75742229657158,251.51484459314315,41.30323773828248,6.843620509117921,26.64313172840044,8.067942933494592
-31.16448333333333,117.69571000000002,7248.0,7272.0,3.2946153846154105,79.07076923076986,24.0,60,,118.87031927207306,126.12532599374812,252.25065198749624,41.38624455327721,3.727854227889433,15.818957398922443,4.156341048394075
-31.164241333333333,117.69626400000001,7272.0,7296.0,2.6169230769230776,62.80615384615386,24.0,62,,121.77301706990976,129.20518401259926,258.4103680251985,42.07287787819941,5.338103996391638,20.246633227627164,6.000587297087382
-31.16397756410257,117.69691987179486,7296.0,7321.0,2.3565811965812022,58.91452991453006,25.0,64,,126.15023768194585,139.42662430068862,278.85324860137723,41.91597501809329,5.845971492197771,19.767647476989023,6.073071275614211
-31.163446376811596,117.6971,7321.0,7343.0,2.4743083003952058,54.434782608694526,22.0,66,,124.41349254346186,121.0062475454471,242.0124950908942,45.17501257681646,4.597899765197342,15.816724693166677,4.889996787113187
-31.16336494252873,117.6977448275862,7343.0,7371.0,1.2142857142857297,34.00000000000043,28.0,68,,124.31219036469278,153.88255231316754,307.7651046263351,38.30468993004555,6.093116182205594,27.690640420448123,5.57892187071838
-31.111756349206342,117.79164841269838,7622.0,7642.0,1.8649350649350407,37.29870129870081,20.0,70,,128.6433314254119,113.74567828979589,227.49135657959178,48.85158002934757,4.273055181418256,17.818891904170883,3.4319754578030426
-31.111043181818182,117.791853030303,7642.0,7663.0,1.0711462450592686,22.49407114624464,21.0,72,,126.58377362311552,117.52086084284181,235.04172168568363,47.00151152968338,4.766104396899614,20.745442223811736,5.204236036456755
-31.110927777777775,117.79251358024693,7663.0,7689.0,1.424908424908435,37.04761904761931,26.0,74,,125.13860037756322,143.84086037887587,287.68172075775175,40.57346760115449,7.716436607869602,26.29261657704704,5.53378729675256
-31.105168279569885,117.6833870967742,8008.0,8038.0,-0.3915322580645247,-11.74596774193574,30.0,76,,124.84087966320612,165.57535915283106,331.1507183056621,36.514828630927575,8.768266688846463,34.14146614454603,6.3841910835290525
-31.100387333333337,117.61220866666669,8309.0,8333.0,2.6338461538461613,63.212307692307874,24.0,78,,125.69021422947127,133.36145928599757,266.72291857199514,42.97649029379217,4.3078636334334215,13.645002384764574,6.062367710676163
-31.098864444444448,117.6131288888889,8333.0,8362.0,2.1753058954393714,63.08387096774177,29.0,80,,124.86314590613858,160.0847276522302,320.1694553044604,37.45312524413061,4.233972219126772,15.66588553275001,5.333571162177514
-31.097716000000002,117.61343533333334,8362.0,8386.0,2.7415384615384677,65.79692307692322,24.0,82,,126.21025829829495,133.91324318052364,267.8264863610473,43.094498493878085,4.137599939102937,14.700418956743071,5.725410632509485
-31.09641851851852,117.61361913580248,8386.0,8412.0,2.1092796092796293,54.84126984127036,26.0,84,,125.29517830859562,144.02083925228578,288.04167850457156,40.608867080634745,6.373146365339285,26.09116638578012,6.279052357125859
-31.09618076923077,117.6142032051282,8412.0,8437.0,1.7767521367521408,44.41880341880352,25.0,86,,124.37027447506239,137.45933303056913,274.91866606113825,41.51155716663477,6.855467409340366,29.11763753105106,7.301272887644811
-31.09547654320987,117.61527345679013,8437.0,8463.0,1.7423687423687524,45.30158730158756,26.0,88,,126.41662988452036,145.3098944204558,290.6197888409116,40.86131418399931,5.760678635160083,23.943967013728187,6.852725742381238
-31.094314197530863,117.61659938271606,8463.0,8489.0,1.9865689865689993,51.65079365079398,26.0,90,,131.92696323323375,151.64376012985252,303.28752025970505,42.07421608273526,6.079535506233959,20.102894556076485,5.510231232894505
-31.093397727272723,117.61727045454542,8489.0,8510.0,2.5697346132128187,53.964426877469194,21.0,92,,129.50058133566878,120.22883630826674,240.45767261653347,47.651974729743245,3.685462486497212,15.119735964198703,4.123842319580892
-31.091782795698926,117.61857741935485,8510.0,8540.0,1.3544354838709665,40.633064516129,30.0,94,,131.1927443364735,173.9997813245085,347.999562649017,37.88402383246227,6.087972484633284,23.893527504941098,7.7970985474509735
-31.06242536231884,117.52678768115943,8949.0,8971.0,2.37154150197626,52.17391304347772,22.0,96,,127.98554443771124,124.48047358736717,248.96094717473434,45.98574596984038,10.083616954610438,30.57565296023964,5.44752761173942
-31.06134545454546,117.52756439393939,8971.0,8992.0,1.6510446075663237,34.6719367588928,21.0,98,,123.69140658494486,114.83557619323642,229.67115238647284,46.340470090307015,4.0238264419795575,15.367458429900665,5.4708392964582515
-31.059825641025636,117.5278967948718,8992.0,9017.0,2.2947008547008734,57.36752136752183,25.0,100,,128.11819270574213,141.6016921466588,283.2033842933176,42.357216827244066,7.588146653049219,30.55866604682114,5.951401538526071
-31.059175,117.52819935897438,9017.0,9042.0,2.0030769230769394,50.076923076923485,25.0,102,,127.16819790700696,140.5517173679762,281.1034347359524,42.144982918337845,7.042805879052209,28.418904276606092,7.335319643354633
-31.056902222222224,117.52875277777778,9042.0,9071.0,1.7906562847608425,51.92903225806443,29.0,104,,125.5729445442028,160.99474734489317,321.98949468978634,37.61002894389909,7.859133281555836,25.896735405560904,8.465543783131187
-31.053630952380946,117.53002142857143,9107.0,9134.0,1.2049808429118816,32.534482758620804,27.0,106,,127.53443497058701,152.23301805000602,304.46603610001205,40.04278496849581,8.850436451577433,40.9537972423245,8.386375795789615
-31.051274305555552,117.53101805555555,9134.0,9157.0,1.2547826086956557,28.86000000000008,23.0,108,,128.71353198242537,130.87891159162626,261.7578231832525,44.87498055112226,5.806838261725611,21.05934636509013,5.953674624674517
-31.049842753623185,117.5315333333333,9157.0,9179.0,1.2885375494070905,28.34782608695599,22.0,110,,131.75622605659575,128.14788958913573,256.29577917827146,46.81654555519628,5.371905731016632,23.01796605611035,5.879341149291281
-31.06922066666667,117.29565133333334,10222.0,10246.0,1.1176923076923035,26.824615384615285,24.0,112,,128.53692569541852,136.38191396174344,272.7638279234869,43.616940172115044,5.821359711049375,21.403134415716124,7.264224254554661
-31.068724603174598,117.29645079365078,10246.0,10266.0,1.2584415584415485,25.16883116883097,20.0,114,,128.57374885223757,113.68415378716396,227.36830757432793,48.836219644260225,5.1615304271098985,19.66308923425268,4.9136757309271
-31.067833333333333,117.29747898550723,10266.0,10288.0,0.7944664031620499,17.478260869565098,22.0,116,,130.7048018328805,127.1252601516917,254.2505203033834,46.58742183676077,5.104156054249059,18.61978705716372,3.3177311157083587
-31.066772413793107,117.29859252873564,10288.0,10316.0,1.408374384236442,39.434482758620376,28.0,118,,132.7465625128203,164.32322357400946,328.6464471480189,40.14688532619146,4.704130403599185,18.50596448496734,4.848585891247549
-31.064955357142857,117.3000875,10316.0,10343.0,0.8251231527093592,22.278325123152698,27.0,120,,129.72758962215755,154.85090357822426,309.7018071564485,40.52463204013452,10.402719062089314,36.22522933948182,6.233746628984658
-31.126916666666663,117.30824944444444,11033.0,11062.0,3.09143492769745,89.65161290322605,29.0,122,,118.16644763888317,151.49901478633294,302.99802957266587,35.94001386416605,7.0877954305755235,26.6147390250833,6.333655922711249
-31.125028125,117.30857083333333,11062.0,11093.0,2.5133797653958987,77.91477272727286,31.0,124,,117.33448689418975,160.80701975422411,321.61403950844823,33.9562777456977,6.439437302020567,25.221182323652606,8.32843966066017
-31.123806321839083,117.30939942528737,11093.0,11121.0,2.051724137931048,57.448275862069345,28.0,126,,118.87329858695664,147.14990166918975,294.2998033383795,37.06471280381436,5.013308591153598,18.189209668510124,6.077715898710894
-31.122731770833333,117.31047343750001,11121.0,11152.0,2.310667155425241,71.63068181818248,31.0,128,,119.3681147256227,163.594108525123,327.188217050246,34.413876269873775,4.076902171434237,14.829205878645705,4.949486057991324
-31.12133257575757,117.31127121212121,11185.0,11206.0,2.547148503670214,53.49011857707449,21.0,130,,130.33198914014582,121.000718502145,242.00143700429,47.83446921005585,4.751772784718315,17.201272451439955,4.410480680705488
-31.12039420289855,117.3118427536232,11206.0,11228.0,2.7677865612647916,60.89130434782542,22.0,132,,130.98058011466844,127.39348584290468,254.78697168580936,46.64770702843304,5.631496463681516,20.998028751051343,5.355488015745625
-31.119591025641032,117.31245576923078,11228.0,11253.0,2.414358974358975,60.35897435897437,25.0,134,,134.31353291742573,148.44904644405764,296.8980928881153,43.70675769517909,5.375515133807398,24.02770437947572,7.097443934964112
-31.11876436781609,117.3124563218391,11253.0,11281.0,2.311330049261056,64.71724137930957,28.0,136,,130.97368997284397,162.12863468793856,324.2572693758771,39.767660656059256,6.315560402665318,27.47162183077682,7.93711696017557
-31.021575,117.22453277777777,11697.0,11726.0,2.311457174638471,67.03225806451566,29.0,138,,123.58824689100558,158.45020322838556,316.9004064567711,37.16964273639507,8.001518513123802,29.980236241564423,8.270048745730767
-31.021302469135804,117.22460555555556,11726.0,11752.0,2.307081807081844,59.98412698412795,26.0,140,,123.99322636816629,142.52430751293224,285.0486150258645,40.31337652791031,6.693159753958879,24.842422551194584,7.5070161005641305
-31.020956349206347,117.22541666666669,11752.0,11772.0,1.9441558441557985,38.88311688311597,20.0,142,,127.29799550320145,112.55614016680208,225.11228033360416,48.55291926378256,6.454906978066123,25.64621043577275,6.558787795875768
-31.02065902777778,117.22606944444443,11772.0,11795.0,2.1339130434782234,49.07999999999914,23.0,144,,126.15163296698886,128.2739131149022,256.5478262298044,44.29909478041191,6.477451871990226,24.736158276351816,6.5747664519059414
-31.020072619047625,117.2267619047619,11795.0,11822.0,1.3981937602627283,37.751231527093665,27.0,146,,123.2542354055242,147.12390616350956,294.2478123270191,39.082436006251584,5.464590248820752,19.38447637384711,4.958190913089431
-31.199112500000002,117.19867916666666,12504.0,12523.0,1.1751879699247487,22.328571428570225,19.0,148,,134.7902035326512,113.22167118863827,226.44334237727654,51.61039088535927,3.0958803184995873,9.339981355337542,4.552359520450535
-31.198254938271603,117.19917654320986,12523.0,12549.0,1.7124542124542441,44.52380952381035,26.0,150,,134.44745699633168,154.54094765128656,309.0818953025731,42.61404131567248,7.557438215351886,26.85084837691014,8.715933046541878
-31.1979858974359,117.19953653846154,12549.0,12574.0,1.6133333333333497,40.33333333333374,25.0,152,,132.87692396380484,146.86124494226016,293.7224898845203,43.39908563841027,5.995355627211453,22.564465499945953,5.363724808374591
