lat,lon,t_start,t_end,climb_rate_ms,alt_gain_m,duration_s,circle_id,seg_id,avg_speed_kmh,turn_radius_m,circle_diameter_m,bank_angle_deg,bank_std_deg,bank_range_deg,bank_masd_deg
-31.63313086419753,117.23076049382715,600.0,626.0,2.614163614163635,67.96825396825452,26.0,0,,115.2508455053502,132.47535713892157,264.95071427784313,38.260746355217385,13.180214932804207,53.90858073282131,15.765270196195859
-31.632587499999996,117.2316267857143,626.0,653.0,2.6956759715380465,72.78325123152726,27.0,2,,109.33695622749406,130.511377846709,261.022755693418,35.77134774372387,8.339924568488717,32.082864896606935,10.10676662947575
-31.631990909090913,117.23161666666668,653.0,685.0,0.7149064171122586,22.877005347592274,32.0,4,,110.25677575856537,155.98142996755854,311.9628599351171,31.508485035473587,12.110891688643605,48.73297337712133,13.754066343310388
-31.62924784946236,117.23244086021504,685.0,715.0,1.288709677419361,38.661290322580825,30.0,6,,116.60600992957598,154.65352395428872,309.30704790857743,34.664836788745816,15.466602468601735,53.74023213191533,14.172516518163492
-31.627883333333337,117.2335327956989,715.0,745.0,1.6927419354838587,50.78225806451576,30.0,8,,110.18649986154318,146.13938429132534,292.2787685826507,33.162797596783655,9.506710370265441,42.03037282823514,10.369314083190432
-31.63942435897436,117.20738076923077,1176.0,1201.0,1.336410256410297,33.410256410257425,25.0,10,,119.45043307832776,132.021714436691,264.043428873382,40.36695544171257,18.828427282625608,76.26756628601574,25.318229796797283
-31.63887619047619,117.20755952380952,1201.0,1223.0,0.9845340050377858,21.659748110831288,22.0,12,,120.83624127145693,117.5269645183166,235.0539290366332,44.33928770002075,17.026768292451752,57.89777085490005,24.697359490436234
-31.63801282051282,117.2080967948718,1223.0,1248.0,1.358290598290611,33.957264957265274,25.0,14,,113.97133089269522,125.9659769606561,251.9319539213122,39.044835371319174,13.791682323311482,60.95949798623746,15.009406635487203
-31.637474712643673,117.20838390804597,1248.0,1276.0,1.3246305418719049,37.08965517241334,28.0,16,,113.77568590609071,140.83971078819621,281.67942157639243,35.86451723746871,15.08133944372952,70.01951167216781,17.527062084070458
-31.636824999999998,117.20909027777778,1276.0,1299.0,1.4382608695651968,33.07999999999953,23.0,18,,114.8510648726131,116.78323276622758,233.56646553245517,41.618346433907554,18.02734213520104,81.44739712049491,21.765638360203155
-31.636582638888893,117.21058611111111,1299.0,1322.0,0.8952173913043393,20.589999999999804,23.0,20,,117.38768392556625,119.36252598940182,238.72505197880363,42.24057846363392,11.982882307713421,51.74182497768638,12.265299074929477
-31.636116049382718,117.21118456790124,1322.0,1348.0,2.368742368742375,61.58730158730175,26.0,22,,118.0089980918942,135.64572215745062,271.29144431490124,38.92136506998886,12.58437508284393,56.67294693667892,16.167166111646004
-31.63534375,117.21202847222223,1348.0,1371.0,1.5139130434782444,34.819999999999624,23.0,24,,115.01522449562586,116.95015408721298,233.90030817442596,41.65898303589907,17.966606459027034,71.66059690135135,23.431957251274262
-31.635101923076924,117.21332820512819,1371.0,1396.0,1.7576068376068597,43.94017094017149,25.0,26,,113.5528487189708,125.50345260965553,251.00690521931105,38.941759964609496,18.539497243779937,83.42896806436427,21.473647782030426
-31.634139247311833,117.21460698924732,1396.0,1426.0,1.1520161290322548,34.560483870967644,30.0,28,,113.52349522734507,150.5652118541763,301.1304237083526,33.95019714457631,14.373610924370468,58.22847168095325,17.592977968569972
-31.6335,117.21781730769231,1635.0,1661.0,0.48820362212430346,12.69329417523189,26.0,30,,110.92789772028361,127.50633457593291,255.01266915186582,37.200659511029095,18.31581304827431,65.13457334151005,20.529213505247316
-31.63309047619047,117.21699583333334,1743.0,1772.0,1.662931839402445,48.22502334267091,29.0,32,,114.20494867372695,146.42005030622647,292.84010061245294,35.016645227147485,18.727008454072646,76.73746829043314,26.12057579923303
-31.63298666666667,117.21751333333334,1772.0,1801.0,1.2157953281423746,35.25806451612886,29.0,34,,112.70882428934738,144.5018969322333,289.0037938644666,34.662383022873314,15.379724400273503,70.38242489856344,15.90771095674857
-31.6327,117.2180505952381,1801.0,1828.0,0.39025725232621616,10.536945812807836,27.0,36,,110.76694568651294,132.2183020290002,264.4366040580004,36.125166751387226,9.911729077232922,41.62792577685098,12.994271192087428
-31.533760784313728,117.34882647058824,2282.0,2302.0,2.0710144927535903,41.42028985507181,20.0,38,,116.2475453330318,102.78539701139555,205.5707940227911,45.960401061561086,22.266078094084868,81.54930572924687,32.9744013780122
-31.533028472222224,117.34882777777777,2302.0,2325.0,1.9004347826086982,43.71000000000006,23.0,40,,110.79058711127914,112.65444458241834,225.30888916483667,40.59674311100127,15.631172645552175,66.875911542663,19.40204438846225
-31.53183846153846,117.35002756410258,2325.0,2350.0,1.548034188034202,38.70085470085505,25.0,42,,113.82043885130912,125.79920463940734,251.59840927881467,39.00770409989041,19.020229954174436,78.90614472558717,20.331451647556335
-31.468181547619047,117.44044583333333,2631.0,2658.0,1.4630541871921305,39.50246305418752,27.0,44,,112.0495239145526,133.7492670157094,267.4985340314188,36.439822669382316,11.57768776658398,55.51164781019318,13.663910779010804
-31.468134782608693,117.44119710144925,2658.0,2680.0,1.6215415019762596,35.67391304347771,22.0,46,,116.73487930462699,113.53792433235499,227.07584866470998,43.35090389057122,9.551073507725874,47.66875452291529,9.457394656770234
-31.468108,117.44170933333334,2680.0,2704.0,1.298461538461522,31.163076923076524,24.0,48,,111.83841742787881,118.66424640814459,237.32849281628918,39.660909624403146,17.90581846634145,77.66834075626682,24.20348282127784
-31.468041919191922,117.44245606060605,2704.0,2736.0,0.597593582887658,19.122994652405055,32.0,50,,106.13514937855443,150.15052141683236,300.3010428336647,30.54439298853978,14.407950708823423,57.41358025940987,16.124884406003996
-31.465087820512817,117.44428782051281,2771.0,2796.0,1.6317948717948694,40.79487179487173,25.0,52,,111.17131214237259,122.87127678799055,245.7425535759811,38.34942761643116,15.355153804178155,60.09467639174038,15.041648723572086
-31.464893478260873,117.44506811594204,2796.0,2818.0,2.340909090909057,51.499999999999254,22.0,54,,108.469188423659,105.49860145483707,210.99720290967414,41.25681036201859,16.200784573245866,57.380367616835734,21.198423999495347
-31.464573214285714,117.44585714285715,2818.0,2845.0,2.0451559934318446,55.2192118226598,27.0,56,,108.90586818330202,129.99680439815165,259.9936087963033,35.664062163264404,21.926372414758987,82.82933876267666,27.683819562216453
-31.464095061728397,117.44668456790124,2845.0,2871.0,1.5262515262515575,39.682539682540494,26.0,58,,116.22739364972284,133.59785271474024,267.1957054294805,38.496035304694836,15.974176936074665,66.07289880553694,21.710609219033667
-31.354716666666672,117.6049115942029,3377.0,3399.0,1.9347826086956372,42.56521739130402,22.0,60,,122.02879606419319,118.68685945825602,237.37371891651205,44.62058538292215,11.699831404961623,48.612410558494304,15.113064068495202
-31.354446,117.60544666666667,3399.0,3423.0,2.750000000000039,66.00000000000094,24.0,62,,118.49141279140336,125.7232937312939,251.4465874625878,41.2955268849078,12.909963366616454,50.97221696248922,15.192536587645582
-31.353945238095246,117.60622857142856,3423.0,3443.0,2.153246753246718,43.06493506493436,20.0,64,,120.66856045416901,106.6944326225789,213.3888652451578,47.02818680496261,15.292090841640002,47.50909489141493,24.61172046108626
-31.35355289855072,117.60738985507248,3443.0,3465.0,2.098814229249003,46.173913043478066,22.0,66,,121.60173388337043,118.27149299828879,236.54298599657758,44.52016233016006,13.655317206839468,43.133586373886814,19.242331262458514
-31.353330864197535,117.60823641975308,3465.0,3491.0,2.268620268620266,58.98412698412692,26.0,68,,112.3087798520515,129.09359281053054,258.1871856210611,37.54258690721511,15.94744513692868,63.666256978907214,19.0308517473976
-31.35293712121211,117.60878787878788,3491.0,3512.0,3.0513833992094663,64.07905138339879,21.0,70,,118.34896295794871,109.87563104325008,219.75126208650016,45.07609108541144,18.178474096173744,64.98311646160674,26.585920199952064
-31.35266349206349,117.60988174603173,3512.0,3532.0,2.5103896103895917,50.20779220779183,20.0,72,,126.20553571839771,111.59019363968751,223.18038727937503,48.307773460916465,24.47166482367157,75.49926672777026,27.158067727397555
-31.35234230769231,117.61094294871795,3532.0,3557.0,2.8505982905983003,71.2649572649575,25.0,74,,119.31883030150264,131.876261433522,263.752522867044,40.3357904973244,18.347448655374762,60.76453762121695,27.03140561701088
-31.326444927536233,117.66362898550724,3704.0,3733.0,2.2324680619733694,64.74157379722772,29.0,76,,108.97611090171078,139.71625420533272,279.43250841066543,33.76518136384622,21.58365230297543,71.19798618060089,21.052282112209234
-31.30551419753087,117.70757160493825,3888.0,3914.0,2.7588522588522624,71.73015873015882,26.0,78,,120.94015969392369,139.01495279830283,278.02990559660566,39.61018967668488,12.754942100439418,49.7605322039433,17.158795678397862
-31.30514345238095,117.70853869047617,3914.0,3941.0,1.8582375478927375,50.172413793103914,27.0,80,,120.27232356573789,143.56451109476276,287.12902218952553,38.397532693258086,9.337152158966541,39.513798957673025,10.686659374183048
-31.30511358024691,117.7092697530864,3941.0,3967.0,2.2057387057386872,57.34920634920587,26.0,82,,127.21103643416322,146.2230269091242,292.4460538182484,41.03898472059246,12.860496694488846,62.74740977867304,16.11480791042863
-31.30486845238095,117.7107892857143,3967.0,3994.0,2.375752599890541,64.14532019704461,27.0,84,,128.47438203678874,153.3549972137365,306.709994427473,40.25013741591743,10.368412773259543,39.55769831102782,14.440256543088493
-31.304748387096776,117.7121946236559,3994.0,4024.0,2.207258064516128,66.21774193548384,30.0,86,,124.28995779609545,164.8446763327637,329.6893526655274,36.39372162605461,10.74236139652395,47.800930655937535,14.445467073343579
-31.16084230769231,117.99462628205127,4820.0,4845.0,1.638974358974388,40.974358974359696,25.0,88,,119.02119298006794,131.54729996855696,263.0945999371139,40.26520048585309,14.231010841462611,51.53737816067274,18.78765598589743
-31.12284743589743,118.0708596153846,5180.0,5205.0,2.4779487179487436,61.94871794871859,25.0,90,,117.28751804953562,129.63116847613531,259.26233695227063,39.851086107713215,15.11243115831631,47.40051743140302,16.284169183509405
-31.122386805555553,118.07239097222221,5205.0,5228.0,3.1926086956521793,73.43000000000012,23.0,92,,115.14689994597997,117.08404474626222,234.16808949252444,41.69154137968571,14.11802222607954,55.76100713860922,17.691359244244357
-31.122160714285712,118.07345,5228.0,5255.0,2.982484948002198,80.52709359605934,27.0,94,,114.26752498881386,136.396810776348,272.793621552696,36.978000084388704,17.95920298969378,62.83716800154633,26.063004619194924
-31.12084666666667,118.07476666666666,5255.0,5284.0,3.2945494994438396,95.54193548387134,29.0,96,,119.9066585704162,153.73010700341763,307.46021400683526,36.33895184602782,25.086418739362106,106.65226640475575,33.86514789940806
-31.120877333333336,118.075988,5284.0,5308.0,3.5253846153846227,84.60923076923095,24.0,98,,115.46560935228824,122.51281657022969,245.02563314045938,40.561961693935174,19.97731412015502,82.30629249903711,25.689132161747377
-31.120473333333333,118.07701200000001,5308.0,5334.0,4.059977512131608,105.55941531542182,26.0,100,,115.71640252913843,133.0104927617836,266.0209855235672,38.37310829833716,19.23675035774009,68.94099767177399,27.06798564239325
-31.120335632183902,118.07821609195402,5334.0,5362.0,4.413793103448237,123.58620689655064,28.0,102,,116.06706677657544,143.67614650409286,287.3522930081857,36.408605257731125,16.22005068287549,69.86649820601112,20.892711560598862
-31.120006896551722,118.07943448275863,5362.0,5390.0,3.9817733990147426,111.4896551724128,28.0,104,,117.1324225527084,144.99492035460557,289.98984070921114,36.65901069965022,17.655539407641324,80.13066715146572,23.40620624031801
-31.119873214285715,118.08126607142857,5390.0,5420.0,4.06524917857939,121.9574753573817,30.0,106,,125.3436257628912,166.24214687687314,332.4842937537463,36.6250155849001,29.254080271105007,113.02737189206923,38.743149692850466
-31.120145454545455,118.08286363636364,5420.0,5452.0,4.3532754010694825,139.30481283422344,32.0,108,,118.06059420419714,167.0215746841275,334.043149368255,33.28057855777986,18.733003019581616,68.9249357718647,24.900573578423202
-31.12048177083333,118.08460572916667,5452.0,5483.0,4.063599706744927,125.97159090909275,31.0,110,,115.25381930142598,157.9554629481398,315.9109258962796,33.48294490554228,15.732460932314146,58.38839070334228,21.416964914944298
-31.120991397849465,118.08658333333332,5483.0,5513.0,3.6741935483871235,110.2258064516137,30.0,112,,118.39708431686385,157.02901013914,314.05802027828,35.07450094752801,20.20494007625203,76.67166011280017,28.811389398980822
-31.12130632183908,118.08821264367815,5513.0,5541.0,3.5852216748768595,100.38620689655207,28.0,114,,116.42448684738471,144.1185867232116,288.2371734464232,36.492795481531836,14.099517069333562,60.62548030007784,18.545857251173068
-31.06844866666667,118.36578866666667,6331.0,6355.0,2.0238461538461836,48.57230769230841,24.0,116,,118.11377826182456,125.32261105086289,250.64522210172578,41.204861982797034,26.00389350855425,100.1636808681954,33.51660690134901
-31.069189743589746,118.3663846153846,6355.0,6380.0,2.7227350427350747,68.06837606837686,25.0,118,,118.3113556074857,130.76275742246094,261.5255148449219,40.0962534911929,18.77183652847532,78.22274058618798,21.300345536113298
-31.070677419354837,118.36748548387098,6380.0,6410.0,2.389112903225769,71.67338709677307,30.0,120,,106.9290834105712,141.81910154231656,283.6382030846331,32.38028738469924,15.975722295407914,65.76704349028135,22.709412516551534
-31.071407526881718,118.36936989247313,6410.0,6440.0,2.4415322580645133,73.2459677419354,30.0,122,,110.96817237353608,147.17610965934804,294.3522193186961,33.34852980544415,12.43030296725667,62.06978816459968,15.185012874845086
-31.073113541666665,118.38104739583333,6545.0,6576.0,2.8207478005865707,87.44318181818369,31.0,124,,117.89048984044072,161.56902229182256,323.1380445836451,34.08188052393337,20.986799140088035,109.73747301299011,24.39257086234983
-31.07301358024691,118.38529259259258,6614.0,6640.0,1.913919413919441,49.76190476190547,26.0,126,,129.45934548405572,148.8073510677643,297.6147021355286,41.5366668194466,18.515914748392017,69.99228522789879,23.503142212546308
-31.203916666666668,118.46958333333332,7010.0,7033.0,5.446408209806137,125.26738882554115,23.0,128,,102.15361938268465,103.87217500780366,207.74435001560732,38.315614571197806,9.743361199209216,20.726309496990574,10.702015770383385
-31.2037324074074,118.47121851851853,7033.0,7053.0,2.996936274509739,59.938725490194784,20.0,130,,122.84719273761407,108.62076649530036,217.24153299060072,47.539166836280614,12.161023623054716,48.20848020125239,14.866871367046308
-31.204693181818183,118.47195984848484,7053.0,7079.0,5.1614403859407405,134.19745003445925,26.0,132,,128.70609365761163,147.94152397308073,295.88304794616147,41.3707733384726,16.6720932455404,68.01687268935915,20.202481565133454
-31.266014,118.52774999999998,7317.0,7343.0,2.4850278139424193,64.61072316250291,26.0,134,,115.6750236273112,132.96292968514373,265.92585937028747,38.36313561900519,19.021956410326716,65.35558205820203,16.886514686800776
-31.26584814814815,118.52919135802469,7343.0,7371.0,3.495924296840317,97.88588031152887,28.0,136,,122.8025430336327,152.0138024848943,304.0276049697886,37.964665502315356,29.05313198590211,108.24910910443845,43.75055709360242
-31.266327564102564,118.53079038461539,7371.0,7396.0,3.846153846153821,96.15384615384552,25.0,138,,119.31989247323499,131.87743539103323,263.75487078206646,40.33604214626143,18.671912680568393,60.55743475246335,27.663647566151422
-31.266285555555555,118.53190888888888,7396.0,7425.0,3.672747497219138,106.509677419355,29.0,140,,115.3147223417065,147.84287057961342,295.68574115922684,35.27745830663797,14.849498135444946,59.592284504323885,19.99119902607913
-31.46080347222222,118.6594736111111,7997.0,8023.0,2.525343365887677,65.6589275130796,26.0,142,,113.57624202850336,130.55048020905065,261.1009604181013,37.85369395712726,15.535188849216713,63.486426776722126,16.130047753356045
-31.460368686868687,118.66448636363637,8058.0,8090.0,2.2556818181816927,72.18181818181417,32.0,144,,120.9593061606612,171.12241323053493,342.24482646106986,33.92116047899374,11.339268507244148,50.53099540653893,14.045819372768811
-31.667090476190474,118.25238154761904,9843.0,9870.0,3.0016420361248324,81.04433497537048,27.0,146,,117.79490207039584,140.60730701646924,281.21461403293847,37.818451656938386,16.922378891643113,66.28587708857269,19.33887172042801
-31.666658928571422,118.2538875,9870.0,9897.0,2.7580733442802314,74.46798029556625,27.0,148,,120.81826273946052,144.21617798070372,288.43235596140744,38.52391114278849,20.70881870503158,71.64160788540931,30.01810322203459
-31.6666059139785,118.25551989247313,9897.0,9927.0,2.1592741935483812,64.77822580645143,30.0,150,,131.17417477596968,173.9751526799649,347.9503053599298,37.88009313516751,20.562302775413947,76.4794768686879,29.37007792648175
-31.666187500000003,118.2570988095238,9927.0,9954.0,2.6338259441708227,71.11330049261221,27.0,152,,126.31114544915282,150.77282374374022,301.54564748748044,39.7710258312249,18.863193785387587,65.33645454488288,23.412978552936117
-31.665995512820512,118.25825384615383,9954.0,9979.0,3.8502564102564376,96.25641025641094,25.0,154,,124.41186759750197,137.50530352386696,275.0106070477339,41.521065534072356,13.065583833807551,62.61540434351874,14.76153156988714
-31.66601282051282,118.25919871794873,9979.0,10004.0,3.6505982905982948,91.26495726495737,25.0,156,,129.19555994677077,142.79244438231842,285.58488876463684,42.596183775675236,11.183327282650822,58.66509221947293,12.140962922612166
-31.666136206896546,118.26016954022988,10004.0,10032.0,2.818719211822607,78.924137931033,28.0,158,,122.72666869882234,151.91987978703636,303.83975957407273,37.94749227448507,17.507407708686365,63.340933900611596,24.37442834695226
-31.666357738095233,118.26114107142857,10032.0,10059.0,2.485495347564356,67.10837438423762,27.0,160,,115.96754000536995,138.42605422546313,276.85210845092627,37.385408167648166,10.652665028131919,41.868841580638026,11.651169684381513
-31.691342753623186,117.94189782608696,10874.0,10896.0,3.4051383399208834,74.91304347825944,22.0,162,,119.1207699081878,115.85847384100236,231.71694768200473,43.92985911449153,16.104597186652505,68.10760344019465,21.72197497639176
-31.69069679487179,117.94266923076923,10896.0,10921.0,2.8878632478632444,72.1965811965811,25.0,164,,120.70242945482832,133.40547424261604,266.8109484852321,40.66200467740506,18.721044030028754,64.97443632356917,25.823529327358226
-31.69119066666666,117.94463999999998,10956.0,10980.0,2.8276923076922422,67.86461538461381,24.0,166,,123.94885608374707,131.51382090876194,263.0276418175239,42.57802257123262,22.96180841686522,80.33922286092807,31.98159561944836
-31.69094404761905,117.94510059523809,10980.0,11007.0,2.809523809523832,75.85714285714346,27.0,168,,130.11297612849125,155.3109248343537,310.6218496687074,40.608595631679215,19.52284658757933,76.33208303033388,26.167528972620595
-31.690805747126436,117.94578793103447,11007.0,11035.0,2.6064039408866746,72.97931034482689,28.0,170,,122.13090716051701,151.18240339139496,302.3648067827899,37.812369614798264,17.850275050765894,66.92785604911997,19.70337727262428
-31.690616049382715,117.94643580246917,11035.0,11061.0,2.633089133089151,68.46031746031792,26.0,172,,130.02512907849479,149.45769235947466,298.9153847189493,41.660715954594394,12.663561074458988,52.71474283022036,14.49624228680725
-31.689970987654323,117.94714814814816,11061.0,11087.0,3.523809523809584,91.61904761904918,26.0,174,,132.11410240542483,151.85886769424383,303.71773538848765,42.114615797450156,15.335228838833512,59.44443417121069,16.980888547047243
-31.689783854166667,117.947953125,11087.0,11118.0,2.2214076246334993,68.86363636363848,31.0,176,,122.69039175509818,168.14729218023746,336.2945843604749,35.15079686523614,20.957190067606433,68.49829786641831,32.58352417673693
