lat,lon,t_start,t_end,climb_rate_ms,alt_gain_m,duration_s,circle_id,seg_id,avg_speed_kmh,turn_radius_m,circle_diameter_m,bank_angle_deg,bank_std_deg,bank_range_deg,bank_masd_deg
-32.123020833333335,116.93314427083334,675.0,707.0,-1.4053048331963127,-44.96975466228201,32.0,0,,108.83247876914706,153.96646191158675,307.9329238231735,31.177533392644364,11.242627648191874,46.63824732779767,11.944328884218306
-32.12014623655914,116.9324112903226,877.0,907.0,2.0451612903225707,61.35483870967712,30.0,2,,100.96279965317818,133.90607194333336,267.8121438866667,30.911238269853815,10.58308062142062,45.39924998753651,9.93285837620041
-32.118834408602154,116.93151182795701,907.0,937.0,1.417338709677412,42.520161290322356,30.0,4,,97.20682828306067,128.92456019611802,257.84912039223605,29.962567932783283,11.284809477404934,51.95096025163244,9.608073085581676
-32.117399999999996,116.93117638888889,937.0,960.0,2.144782608695637,49.32999999999966,23.0,6,,97.81731214520106,99.46291700029101,198.92583400058203,37.11304811554366,11.176365472496887,41.09209801550334,11.923601912832527
-32.11608555555556,116.93125,960.0,989.0,1.7021134593993124,49.36129032258006,29.0,8,,97.59777175382222,125.12829624219043,250.25659248438086,30.911341445637994,11.530674095973387,48.56405827158709,13.471845592712814
-32.1141,116.93083666666668,989.0,1018.0,1.4311457174638407,41.50322580645138,29.0,10,,96.82473626528379,124.1372017543004,248.2744035086008,30.710904976182864,9.92157771679091,43.401555620737795,8.988533614572129
-32.11285376344086,116.93046559139785,1018.0,1048.0,1.8862903225806316,56.58870967741895,30.0,12,,99.52557790876787,131.99989740214954,263.9997948042991,30.550409945073824,7.222769450936564,34.85771462197373,8.629491868377293
-32.10923802083333,116.929059375,1081.0,1112.0,0.9109237536657081,28.23863636363695,31.0,14,,98.53893077190224,135.04769319430216,270.0953863886043,29.48939745610741,10.916529674757156,49.40541431256969,8.647211104458089
-32.108459595959594,116.92844898989898,1112.0,1144.0,0.7219251336897954,23.101604278073452,32.0,16,,101.9208056593277,144.188444663026,288.376889326052,29.538418015082257,14.108244716579756,64.26974754439166,11.982341796613431
-32.10743055555556,116.92776722222223,1144.0,1173.0,0.46763070077863095,13.561290322580298,29.0,18,,105.56878108606308,135.3477797319335,270.695559463867,32.92944310404155,7.4428976845936585,31.17507230796998,9.089828087035267
-32.10685679012346,116.92693641975309,1173.0,1199.0,-0.638583638583617,-16.603174603174043,26.0,20,,111.754125518124,128.45604407365568,256.91208814731135,37.40562055483066,18.138973119459955,61.153628050757526,20.072610763983818
-32.10714747474747,116.9261297979798,1199.0,1231.0,0.150735294117614,4.823529411763648,32.0,22,,101.07754677468233,142.99547737593738,285.99095475187477,29.334677160616476,13.317346631295326,48.86301530422164,10.887379591385166
-32.10720666666666,116.92538722222224,1231.0,1260.0,1.3761957730812093,39.90967741935507,29.0,24,,104.39663857112274,133.84499751455388,267.68999502910776,32.638228299280506,9.829316828067245,36.82848126813541,12.990249555078694
-32.106070238095235,116.92436428571429,1260.0,1287.0,0.8505747126436733,22.96551724137918,27.0,26,,109.31200327016101,130.48159244792666,260.9631848958533,35.76514553636392,7.549010481146811,36.631951529020405,8.911825384284036
-32.13672272727273,116.97075404040405,1828.0,1860.0,1.2326203208556041,39.44385026737933,32.0,28,,93.58718135193871,132.3987779750995,264.797555950199,27.48909041410325,11.506561470923561,53.511312456393895,10.293561609669448
-32.135488888888894,116.9703792929293,1860.0,1892.0,1.5100267379678962,48.32085561497268,32.0,30,,98.80391541493799,139.77894697885242,279.55789395770483,28.78126928143025,8.206524429158724,39.90992241339566,10.319184798492895
-32.133917171717165,116.97020404040404,1892.0,1924.0,1.584893048128324,50.71657754010637,32.0,32,,100.79041302827754,142.58926621977014,285.1785324395403,29.26511581136403,8.159915342873328,34.302794920309424,10.555414883959624
-32.13289646464647,116.97057929292929,1924.0,1956.0,1.9047459893047891,60.95187165775325,32.0,34,,98.28818163101779,139.04933292524896,278.0986658504979,28.654912081315434,9.795419934740089,47.1334356280846,8.72288009024991
-32.1321171875,116.97163072916666,1956.0,1987.0,0.8603372434017689,26.670454545454835,31.0,36,,101.34657504131732,138.8955721891778,277.7911443783556,30.184079890446018,8.46909899859824,34.87325767216632,11.432087804212399
-32.13138222222222,116.9722161111111,1987.0,2016.0,0.8453837597330484,24.5161290322584,29.0,38,,107.75424376641048,138.1497209727903,276.2994419455806,33.46733054647997,16.312086484523945,73.73838851952988,12.257120585163307
-32.13014494949495,116.97449949494948,2016.0,2048.0,-0.3970588235294249,-12.705882352941597,32.0,40,,98.30489376213558,139.07297575437784,278.1459515087557,28.65901141877915,17.540503485327655,66.1067025530363,12.877963654905326
-32.12629423076923,116.97323782051282,2085.0,2110.0,2.2574358974359043,56.43589743589761,25.0,42,,97.52290244870997,107.78647214847844,215.57294429695688,34.76160579048434,13.255716214812084,48.75221687577862,20.53064023606237
-32.12524135802469,116.97239938271603,2110.0,2136.0,3.2802197802197974,85.28571428571473,26.0,44,,98.6820060452552,113.4302654068037,226.8605308136074,34.02970253692146,11.688316390612933,62.455747654100676,14.486946831433443
-32.12392833333333,116.97164833333333,2136.0,2165.0,3.3701890989988796,97.73548387096751,29.0,46,,105.38387867952949,135.11071977979663,270.22143955959325,32.88363136315717,10.195537900240822,43.464400012031675,13.155742337454024
-32.12296346153846,116.97146666666669,2165.0,2190.0,2.8191452991453207,70.47863247863302,25.0,48,,103.40208025822882,114.28439027140278,228.56878054280557,36.34801809765425,13.619899906831893,52.74812976568102,18.056765948226413
-32.12212944444445,116.9715455555556,2190.0,2219.0,1.535038932146829,44.51612903225804,29.0,50,,95.20357482488512,122.05874068571892,244.11748137143783,30.287845341694737,9.913014921075982,41.66055548461945,12.62149054316105
-32.12151166666667,116.97142166666667,2219.0,2248.0,1.1170189098998888,32.39354838709678,29.0,52,,103.14950493728479,132.24607057201982,264.49214114403964,32.32628670436416,10.042147436040976,42.71806347350366,10.554922464027063
-32.120193678160916,116.97185977011495,2248.0,2276.0,0.6320197044334899,17.696551724137716,28.0,54,,108.51372430281064,134.32607701413792,268.65215402827585,34.58630804560577,12.088920312066747,47.550536458957964,12.535429431241525
-32.11811379310345,116.97262758620688,2276.0,2304.0,-0.5413793103448176,-15.158620689654892,28.0,56,,115.43865288409744,142.89825068068345,285.7965013613669,36.26013895668639,14.677289868122445,62.61461180782429,13.450485944893494
-32.11490902777778,116.9691465277778,2339.0,2362.0,2.101739130434763,48.33999999999954,23.0,58,,115.73039555839044,117.67735664979385,235.3547132995877,41.83542189193818,18.021862175409563,71.29905695507578,20.43198069727859
-32.11365057471264,116.96896724137929,2362.0,2390.0,1.28620689655173,36.013793103448435,28.0,60,,104.87989207714516,129.82785865017237,259.65571730034475,33.679949547271626,14.108552675222937,64.09774726949432,16.531821607902994
-32.11166602564102,116.96822307692308,2390.0,2415.0,2.08000000000003,52.000000000000746,25.0,62,,108.72443629932779,120.16688522165217,240.33377044330433,37.730583797511535,14.147272735805155,40.73249577352511,17.071189453555103
-32.110333870967736,116.96763655913978,2415.0,2445.0,1.1153225806451674,33.459677419355025,30.0,64,,103.86781911191154,137.75897366529634,275.5179473305927,31.63232737371648,10.918427212309206,46.425379794243824,13.73924543243568
-32.108625,116.96680535714287,2445.0,2472.0,1.7556102900930386,47.40147783251204,27.0,66,,101.62306920719308,121.30360347370917,242.60720694741835,33.80757336883761,10.03601919727819,49.77402581420517,12.714984884517078
-32.10756547619048,116.96624761904762,2472.0,2499.0,1.4734537493158189,39.78325123152711,27.0,68,,98.95906702985965,118.12368511173277,236.24737022346554,33.107524895861005,7.805157099314113,30.34237813030249,11.486861312303791
-32.10577083333333,116.96398333333333,2538.0,2561.0,1.4460869565217096,33.25999999999932,23.0,70,,104.14759950805471,105.89970035439582,211.79940070879164,38.85558449964963,14.618226887444271,64.44798185156911,18.55199523532793
-32.10169226190476,116.96347380952382,2596.0,2623.0,1.6918445539135265,45.67980295566522,27.0,72,,99.94969151828695,119.3061559923409,238.6123119846818,33.369162524293195,9.143703746066537,35.846130651253716,12.221668031898691
-32.10033636363636,116.96263232323231,2623.0,2655.0,0.9612299465240355,30.759358288769135,32.0,74,,101.6389262440996,143.78966686489795,287.5793337297959,29.47040375270012,11.402307813251298,49.73221604311577,12.677611109072354
-32.098785185185186,116.96069320987654,2655.0,2681.0,2.2246642246642487,57.84126984127047,26.0,76,,101.49319552356185,116.66159380609567,233.32318761219133,34.779959541673165,10.796786150915741,44.19806871755255,15.265218683644125
-32.0978752688172,116.96035161290321,2681.0,2711.0,2.0173387096774267,60.520161290322804,30.0,78,,96.85741369171376,128.46113470110723,256.92226940221445,29.873375372930564,8.571487371011623,40.792303818594405,9.790306564766318
-32.09708697916666,116.95947395833333,2711.0,2742.0,1.550219941349011,48.05681818181934,31.0,80,,97.19412261721257,133.20463240952336,266.4092648190467,29.153236128568093,8.560243312005431,34.572932041327434,12.127849332575343
-32.096044,116.95924933333333,2742.0,2766.0,1.089230769230783,26.141538461538794,24.0,82,,104.54974848479955,110.93072846913498,221.86145693826995,37.77686019940064,12.9949542746408,48.75304143546316,13.415287483105043
-32.095233333333326,116.9598233333333,2766.0,2795.0,0.3523915461623977,10.219354838709533,29.0,84,,103.9701200038452,133.2981659560044,266.5963319120088,32.53178784859774,16.408702368647926,56.453111614826376,18.434189895309988
-32.093898958333334,116.96057916666666,2795.0,2826.0,-1.162390029325498,-36.03409090909044,31.0,86,,104.04348755469637,142.59169321287519,285.18338642575037,30.842267214237268,9.243132937990795,32.841839454574,8.292396061332164
-32.156472413793104,116.95076149425286,3093.0,3121.0,1.5133004926108156,42.37241379310284,28.0,88,,117.45684129761868,145.39650916370442,290.79301832740884,36.73494161182227,20.11679455346472,78.57952962705936,17.31704006945541
-32.15582530864197,116.95093209876543,3121.0,3147.0,1.5787545787545751,41.04761904761895,26.0,90,,106.83902313844375,122.80636801039175,245.6127360207835,36.16979205490921,18.650493568704064,77.12258927661844,21.22835999866037
-32.15434927536232,116.95087173913043,3147.0,3169.0,1.3754940711462176,30.260869565216787,22.0,92,,107.87747404348085,104.92309203620206,209.84618407240413,41.10149625425297,13.039443018590301,43.39489294360015,11.671568259505293
-32.154431333333335,116.95160800000002,3169.0,3193.0,1.9876923076923179,47.70461538461563,24.0,94,,107.01901465202465,113.55070124462466,227.10140248924932,38.426291838622,20.25975351425684,81.65698400908207,21.73926500871016
-32.154110606060605,116.95139166666667,3193.0,3214.0,3.100508187464654,65.11067193675774,21.0,96,,103.95010447606701,96.50767561332927,193.01535122665854,41.36945639255668,23.0236585144631,107.1077963504055,24.674547973880614
-32.15353260869565,116.95118768115944,3214.0,3236.0,2.166996047430788,47.673913043477334,22.0,98,,96.34938849385895,93.71071992748301,187.42143985496602,37.92480675521503,12.886409743068663,54.46116019555759,15.341649982468322
-32.13711358024692,116.9283277777778,3768.0,3794.0,0.8742368742369094,22.730158730159644,26.0,100,,109.02759814110745,125.3220307270677,250.6440614541354,36.72500179947763,19.341510660734137,66.96752803931464,19.56518387839263
-32.13585172413793,116.92723678160922,3794.0,3822.0,1.1487684729063823,32.1655172413787,28.0,102,,101.29524775582564,125.39052860489454,250.78105720978908,32.7667353837702,14.26876687274127,89.56604667597756,13.86519346772519
-32.13585289855073,116.92613913043478,3822.0,3844.0,0.6452569169960237,14.195652173912523,22.0,104,,105.77845464171163,102.88155734297374,205.76311468594747,40.54456927536134,24.320384348326225,101.57511000160986,25.228627634021315
-32.13511866666667,116.92526933333335,3844.0,3868.0,2.241538461538455,53.796923076922916,24.0,106,,101.63249627858382,107.83542774336848,215.67085548673697,36.99462959767544,16.967143806480877,91.5565061776168,19.42240578744804
-32.13442023809524,116.92424523809522,3868.0,3895.0,2.120415982484957,57.251231527093836,27.0,108,,94.97047423035056,113.36265316156317,226.72530632312635,32.038192743914834,4.883804446517704,20.9531450777603,7.39835232099264
-32.133940384615386,116.92319935897437,3895.0,3920.0,1.5042735042735245,37.60683760683811,25.0,110,,96.50257651919422,106.65876440370576,213.31752880741152,34.479861941578605,10.200382468022438,39.11583511215193,12.357077829109611
-32.13343395061729,116.92238456790122,3920.0,3946.0,1.0048840048840277,26.12698412698472,26.0,112,,98.05610513011483,112.71082211852908,225.42164423705816,33.86082571996181,7.8983656639274376,33.11887202239251,9.325892223572763
-32.08561066666667,116.87347,4221.0,4245.0,2.363846153846147,56.73230769230753,24.0,114,,98.12120447376074,104.10983142753079,208.21966285506159,36.0313074260679,8.025437988072733,35.92106860621393,9.91484838798562
-32.08462028985508,116.87362391304346,4245.0,4267.0,1.9486166007905132,42.86956521739129,22.0,116,,106.37504278907515,103.46180705356949,206.92361410713897,40.703812716307965,14.779665832406991,50.90685956157676,17.515009902253308
-32.08388257575757,116.87404545454547,4267.0,4288.0,2.4635798983625024,51.73517786561255,21.0,118,,105.25550734925218,97.71961664662635,195.4392332932527,41.72437935260661,14.4098565668277,55.04219221180437,17.93859414947169
-32.08255666666667,116.87451266666667,4288.0,4312.0,1.5946153846153976,38.270769230769545,24.0,120,,107.93015851533363,114.51745490938113,229.03490981876226,38.66302261189424,17.531036028052778,75.97895815115092,18.445202031776912
-32.081282758620695,116.87590229885058,4312.0,4340.0,0.7137931034482724,19.98620689655163,28.0,122,,108.32681144421905,134.09470286124235,268.1894057224847,34.540161426080324,14.224560713237123,47.71018456106722,16.890585202441976
-32.117399275362324,116.97174057971014,4720.0,4745.0,1.3299412310547722,33.24853077636931,25.0,124,,107.96049346995298,119.32254301655072,238.64508603310145,37.53522442124967,15.361673623870884,51.860455311307874,20.89923715707287
-32.11633106060606,116.97134545454543,4745.0,4768.0,3.1990336278003353,73.57777343940771,23.0,126,,100.76590946105962,102.46111929866515,204.9222385973303,37.93500997218827,11.95020121188967,50.145057748682284,13.066049682231053
-32.115509333333335,116.97110466666668,4768.0,4792.0,2.0299999999999923,48.719999999999814,24.0,128,,100.37175384820185,106.49773847829529,212.99547695659058,36.65150281004252,10.393247180064266,46.450887271443364,12.768056862553227
-32.11450897435897,116.97084230769231,4792.0,4817.0,1.806153846153891,45.153846153847276,25.0,130,,95.40677222521592,105.44763475059486,210.89526950118972,34.175142317666534,7.120608334348484,31.32777772771558,8.593959939694576
-32.11438494623656,116.97054677419355,4817.0,4847.0,1.6749999999999998,50.24999999999999,30.0,132,,95.1786678126764,126.23462882740769,252.46925765481538,29.44262597104162,9.082184724064133,38.26897968049984,9.032717768243488
-32.11429022988506,116.97079597701149,4847.0,4876.0,1.143511324185817,33.161828401388696,29.0,134,,92.56403594853306,118.67463676072308,237.34927352144615,29.591153815981897,10.892375617480761,37.72797427701438,10.414779125350103
-32.108582738095244,117.00522023809523,5117.0,5144.0,3.8607006020799055,104.23891625615745,27.0,136,,98.21349007483145,117.23371817787171,234.46743635574342,32.90957405628927,8.091516687979736,35.02355681881779,9.834462901282064
-32.107537931034486,117.00496839080459,5144.0,5172.0,3.3182266009852235,92.91034482758626,28.0,138,,100.10600510270432,123.9183986854947,247.8367973709894,32.459547258919976,9.119775053473468,32.41733273480074,11.971370212088633
-32.106353763440865,117.00515806451612,5172.0,5202.0,3.0350806451612775,91.05241935483832,30.0,140,,98.06653385245663,130.06478012089303,260.12956024178607,30.18133855413662,6.951126388478478,31.638236093243105,10.77192951668048
-32.105114516129035,117.00463548387096,5202.0,5232.0,3.514919354838689,105.44758064516067,30.0,142,,97.30688563438237,129.05726537991413,258.11453075982826,29.988079424922567,6.1927592165869525,26.958588132498576,7.844354109915979
-32.103743548387094,117.00401505376344,5232.0,5262.0,2.7487903225806667,82.46370967742,30.0,144,,95.81579018698349,127.07963862095285,254.1592772419057,29.606539429854696,5.780715539101748,19.452069918772235,8.707141699376173
-32.10271369047619,117.00344404761906,5262.0,5289.0,2.495621237000542,67.38177339901463,27.0,146,,97.06944591949159,115.86811605958871,231.73623211917743,32.60410071746801,6.572572639994221,21.97020123356421,7.215949217035472
