lat,lon,t_start,t_end,climb_rate_ms,alt_gain_m,duration_s,circle_id,seg_id,avg_speed_kmh,turn_radius_m,circle_diameter_m,bank_angle_deg,bank_std_deg,bank_range_deg,bank_masd_deg
-32.91384848484849,117.08811515151515,336.0,368.0,2.0755347593582765,66.41711229946485,32.0,0,,114.04580248888108,161.3418062665547,322.6836125331094,32.37758679112877,6.508369214467079,28.789397280050316,7.385240933212517
-32.91591767676768,117.08767676767675,368.0,400.0,2.040441176470567,65.29411764705814,32.0,2,,120.74966218938289,170.8258276810384,341.6516553620768,33.87515059195934,5.939512432214768,30.375048251494896,6.326318185099037
-32.91761818181818,117.08712626262627,400.0,432.0,1.591243315507991,50.91978609625571,32.0,4,,113.20972991132719,160.15900552432106,320.3180110486421,32.18722701642965,7.115063928157356,27.387913435215307,6.499785472460751
-32.91947525252525,117.08646616161617,432.0,464.0,2.0544786096256322,65.74331550802023,32.0,6,,119.52756766960174,169.09691760327232,338.19383520654463,33.605952239501306,6.357714314871392,22.832910789975152,8.49366339581947
-32.927477011494254,117.08298505747126,564.0,592.0,1.2118226600985238,33.93103448275867,28.0,8,,117.434523054464,145.36888204033292,290.73776408066584,36.729722782134516,5.2619125857534215,19.955179355850472,5.342874483774443
-32.92969731182795,117.08302473118279,592.0,622.0,1.0407258064516138,31.221774193548416,30.0,10,,115.6495366677957,153.3849618913924,306.7699237827848,34.444392377268315,8.161191431444493,35.61745919720051,6.017330510719064
-32.934299462365594,117.08266451612903,655.0,685.0,1.1439516129032323,34.31854838709697,30.0,12,,105.3274538614163,139.69487437773287,279.38974875546575,31.990483059211268,6.423019420485622,26.60218098560137,9.355624015710852
-32.905341666666665,117.08104642857141,995.0,1022.0,0.03831417624521435,1.0344827586207874,27.0,14,,107.13589352949806,127.88405278339967,255.76810556679933,35.22053095921924,7.39684723102124,31.85559880363172,5.258530078626562
-32.951874747474754,117.11372828282829,1248.0,1280.0,1.0959224598930084,35.06951871657627,32.0,16,,114.32829556396024,161.74145221578206,323.4829044315641,32.44172518981463,10.151209084132045,52.08266952225451,7.969045551813879
-32.95199375,117.08260885416666,1499.0,1530.0,1.213709677419408,37.62500000000165,31.0,18,,101.01650125083849,138.4432057626408,276.8864115252816,30.102912445730603,4.731583634648654,18.837955268443906,5.286653108643962
-32.940632692307695,117.10936025641027,1682.0,1707.0,0.9818803418803553,24.547008547008883,25.0,20,,102.4380511400248,113.21890416413409,226.43780832826818,36.092182776967746,7.886719011552596,27.635942147559096,7.688944447125743
-32.94273722222222,117.10945166666667,1707.0,1736.0,2.02736373748613,58.79354838709777,29.0,22,,107.06932247230456,137.27159606223756,274.5431921244751,33.29946811252305,7.540489690568586,35.16612002427438,6.000209980108908
-32.944317777777776,117.10902999999999,1736.0,1765.0,1.279421579532835,37.103225806452215,29.0,24,,107.35579608655279,137.6388785792979,275.2777571585958,33.36975672660979,6.930950322038658,24.122794347287567,7.524381174029804
-32.9463765625,117.1086859375,1765.0,1796.0,0.7159090909091691,22.193181818184243,31.0,26,,104.99992217518603,143.90248771994453,287.80497543988906,31.073546986785445,5.934599900083685,24.6057279476341,7.02833007926331
-32.948106321839084,117.1088551724138,1796.0,1824.0,0.5522167487684617,15.462068965516927,28.0,28,,113.6617282029814,140.69864576344872,281.39729152689745,35.8372607576653,8.009848652618901,31.487072714426496,7.837009028078558
-32.95014322916667,117.10921875,1824.0,1855.0,0.7815249266862309,24.227272727273157,31.0,30,,109.63362723448415,150.25298466870393,300.50596933740786,32.1782059815862,6.457712317844302,27.436366666122847,6.3924597034063755
-32.95535769230769,117.11113397435896,1890.0,1915.0,1.949401709401759,48.735042735043976,25.0,32,,110.35064941007556,121.96424532648797,243.92849065297594,38.14303731050253,5.28207808591212,22.926929547729166,6.153099658719294
-32.961998214285714,117.1074976190476,2001.0,2028.0,2.3297755883963362,62.90394088670108,27.0,34,,109.63847101722284,130.87128461571388,261.74256923142775,35.84621462143494,7.308558040767482,28.23677378581278,9.397515542277091
-32.96371197916667,117.10750468749998,2028.0,2059.0,1.7549486803519343,54.40340909090996,31.0,36,,111.4147389207141,152.69399983562874,305.3879996712575,32.59584714482121,9.009751283224707,45.01442999373595,7.367547722346421
-32.96603703703705,117.10807222222222,2059.0,2085.0,3.1904761904762204,82.95238095238173,26.0,38,,110.59294929587598,127.12132731675007,254.24265463350014,37.11725078133349,6.021617332268149,23.033623625979825,5.396138341068009
-32.9677316091954,117.10880977011496,2085.0,2113.0,2.535960591133039,71.00689655172509,28.0,40,,111.50115190251275,138.02412933341816,276.0482586668363,35.31693877296289,8.269342566657906,34.867888402672634,11.131572378734866
-32.969297849462365,117.10959838709677,2113.0,2143.0,2.343145161290299,70.29435483870897,30.0,42,,108.48410651990964,143.8815149962611,287.7630299925222,32.755558097600876,9.26913373113193,37.28394849807706,9.756622755452755
-33.21605,117.05925579710147,3325.0,3347.0,4.408102766798408,96.97826086956498,22.0,44,,105.2537703036765,102.37124225098869,204.74248450197737,40.403889954819135,4.992431912296032,22.87807758428041,5.952291282757217
-33.21705,117.05914930555555,3347.0,3370.0,4.10304347826088,94.37000000000025,23.0,46,,105.47930489353797,107.25380934921817,214.50761869843635,39.211706710605014,4.555947962869823,19.595981688010742,6.170360067004222
-33.21827847222222,117.05909861111111,3370.0,3393.0,3.3634782608695484,77.35999999999962,23.0,48,,103.32333637008733,105.0615704336273,210.1231408672546,38.633358301027364,5.6499669009385896,21.5939284499014,7.2373460225001445
-33.21927916666666,117.05891785714286,3393.0,3420.0,2.6072796934865914,70.39655172413796,27.0,50,,103.88958707915924,124.0090598956807,248.0181197913614,34.39429451263852,7.710742929066721,38.909635459843045,5.2702081521325415
-33.22045289855072,117.05952681159421,3420.0,3442.0,3.8675889328063167,85.08695652173897,22.0,52,,103.94329135999917,101.09665268501921,202.19330537003842,40.04993838397656,4.392827268287841,16.629860589506603,5.057735758941422
-33.22119057971015,117.05973840579712,3442.0,3464.0,3.908102766798393,85.97826086956465,22.0,54,,103.35562049627144,100.52507604523763,201.05015209047525,39.89000788867507,5.618648170495404,23.013692139919485,6.185880189866331
-33.22177847222222,117.06008541666667,3464.0,3487.0,3.53260869565218,81.25000000000014,23.0,56,,103.91023912438135,105.65834679823374,211.31669359646747,38.79173250970994,4.420489498472562,16.828551275490767,5.035772810217998
-33.22267333333333,117.06062466666668,3487.0,3511.0,3.3976923076923153,81.54461538461557,24.0,58,,102.78111032706047,109.05414510016752,218.10829020033503,37.30456744404307,5.9996334801618385,25.01167501301823,6.331692941235976
-33.22331604938272,117.06087222222222,3511.0,3537.0,2.9065934065934282,75.57142857142914,26.0,60,,103.10828793675502,118.5180656030006,237.0361312060012,35.20493057293832,7.245208914112352,26.187474664268667,5.797883848149354
-33.22438266666666,117.06142733333333,3537.0,3561.0,2.5876923076923046,62.104615384615315,24.0,62,,106.1832378431711,112.66391450828723,225.32782901657447,38.20776920232001,5.811716841910628,21.66921285799065,8.69353998805219
-33.22565864197531,117.06159506172838,3561.0,3587.0,2.2014652014652154,57.2380952380956,26.0,64,,106.97891479021038,122.96716680060695,245.9343336012139,36.20551857318651,6.601564365391239,22.704753506939706,7.688098919709921
-33.22668,117.06111999999999,3587.0,3611.0,2.6046153846153692,62.51076923076886,24.0,66,,107.0462995349879,113.5796514045932,227.1593028091864,38.43340357190923,6.105387077617727,23.681596163395604,7.899483421909522
-33.329490860215046,117.08800215053765,3941.0,3971.0,2.2951612903225898,68.8548387096777,30.0,68,,106.09198382308554,140.7088637322455,281.417727464491,32.176970657860096,6.292657105801075,33.35839647640796,5.178313002477625
-33.331228,117.08910533333334,3971.0,3995.0,2.903076923076956,69.67384615384695,24.0,70,,111.37432831699097,118.17183256792511,236.34366513585022,39.54389213615836,8.180963482774446,26.078037804029766,7.41297567241068
-33.506568452380954,117.07023333333332,4451.0,4478.0,2.3585112205801404,63.67980295566379,27.0,72,,101.5190687158527,121.17946203160312,242.35892406320625,33.780455899940584,8.279451127279671,29.466096696213246,11.086007782704295
-33.50723086419753,117.07050864197532,4478.0,4504.0,3.1263736263736517,81.28571428571495,26.0,74,,101.10599408447622,116.21652419552008,232.43304839104016,34.67742060077584,8.844741928577974,35.127383831559655,7.677705128196903
-33.50877701149426,117.07128735632185,4504.0,4532.0,2.376847290640362,66.55172413793014,28.0,76,,105.277267040809,130.31975790361287,260.63951580722573,33.78001143159671,5.9127057219716725,23.850244740716246,5.843569741854934
-33.51036614583333,117.0719921875,4532.0,4563.0,1.9096407624633767,59.19886363636468,31.0,78,,104.47988425120145,143.1897752776892,286.3795505553784,30.947933204845796,8.72370660347886,34.769936755302254,5.85136479892972
-33.81972444444445,117.15245611111112,5401.0,5430.0,3.9141268075639735,113.50967741935523,29.0,80,,104.65916442016868,134.18157704521684,268.3631540904337,32.703617670515186,7.473360611469845,33.69159558634614,7.570003400890351
-33.82123024691358,117.15317839506172,5430.0,5456.0,3.2405372405372463,84.25396825396841,26.0,82,,105.90369258208288,121.73125008866597,243.46250017733195,35.93008219692312,6.3879504621953815,26.077658720370803,7.6972396196310235
-33.82268950617284,117.15367283950617,5456.0,5482.0,3.641025641025683,94.66666666666777,26.0,84,,105.0833458308057,120.78830057383439,241.57660114766878,35.718637185655446,5.504283156398063,23.964118252551984,5.252995033592864
-33.82452701149425,117.15404885057468,5482.0,5510.0,3.6512315270935862,102.23448275862042,28.0,86,,103.0402526275598,127.5506208908851,255.1012417817702,33.213669861933994,5.9802049268449675,24.760221558689743,7.944914564717418
-33.82626666666666,117.15401296296295,5510.0,5536.0,3.351037851037951,87.12698412698673,26.0,88,,101.98955559490548,117.23213606487413,234.46427212974825,34.911034099697844,5.3084108467852245,24.56475973900599,6.948344603495018
-33.82797380952381,117.1540898809524,5536.0,5563.0,3.2939244663382925,88.93596059113389,27.0,90,,105.73976986909122,126.21755292048992,252.43510584097984,34.86722529240925,6.507839674330244,24.689974461484514,7.387250459871188
-33.82972222222222,117.15409876543208,5563.0,5589.0,2.6886446886447075,69.9047619047624,26.0,92,,106.2752714334155,122.1583622787737,244.3167245575474,36.025486562982316,5.012069833206176,19.30948960266283,4.814108307908862
-33.834906770833335,117.15930625,5637.0,5668.0,3.3418255131965444,103.59659090909288,31.0,94,,98.34018051733851,134.77530579177653,269.55061158355306,29.439855440658814,10.36674374439411,44.130731073440316,7.426016433545789
-33.67590925925926,117.30058456790124,6336.0,6362.0,4.2100122100122235,109.46031746031781,26.0,96,,106.28850000053288,122.17356788655583,244.34713577311166,36.02887880003787,5.305093448374817,27.075385789292074,4.099212958348659
-33.677627586206896,117.30112471264368,6362.0,6390.0,3.122660098522146,87.43448275862009,28.0,98,,107.17930805891682,132.67424080357708,265.34848160715416,34.25573268215533,5.064683946822562,20.16549634311712,6.574668449032237
-33.289015432098765,117.59843765432099,8099.0,8125.0,3.7356532356532606,97.12698412698478,26.0,100,,104.64229455081305,120.28133313617778,240.56266627235556,35.60448974587454,7.221914459701648,25.311201888329542,7.265028880431256
-33.29076904761905,117.59912678571428,8125.0,8152.0,4.01094690749865,108.29556650246356,27.0,102,,105.63457012711201,126.09197997838004,252.18395995676008,34.840479339928756,8.67415246046802,27.908726278434024,9.764670687376926
-33.292592528735625,117.59972643678161,8152.0,8180.0,4.118719211822649,115.32413793103416,28.0,104,,101.99916195990188,126.26188413338267,252.52376826676533,32.947568167655895,6.840459869440466,34.61015457647629,6.99108745673309
-33.29423965517242,117.6007591954023,8180.0,8208.0,3.86354679802956,108.17931034482768,28.0,106,,101.67632831875305,125.86225747949784,251.72451495899568,32.864724999981306,7.265418569142343,24.405773814686178,9.32154671268482
-33.29624848484848,117.60077171717171,8208.0,8240.0,3.186163101604254,101.95721925133613,32.0,108,,102.56542036599393,145.10038792485412,290.20077584970824,29.693612698884156,8.25274796782705,33.23334417388182,11.047719688899473
-33.29714615384616,117.60090897435899,8240.0,8265.0,3.6523076923076743,91.30769230769185,25.0,110,,100.80384110393553,111.41270551625915,222.8254110325183,35.65466102880152,5.270216217489018,21.45328407826081,5.772476154493494
-33.29884074074074,117.6012475308642,8265.0,8291.0,3.7271062271062374,96.90476190476217,26.0,112,,103.59572708764779,119.07835368865298,238.15670737730596,35.33232221264381,6.467919318544673,30.317929868066763,6.966350830351488
-33.300463978494626,117.60130322580645,8291.0,8321.0,2.827016129032264,84.81048387096791,30.0,114,,104.03115244223272,137.975601222732,275.951202445464,31.67254308453862,5.392303677308463,21.026974601548122,6.541866789534431
-33.18334055555555,117.67376833333334,8927.0,8956.0,4.230033370411549,122.67096774193493,29.0,116,,99.34925236464501,127.37383710644593,254.74767421289187,31.362381167107007,8.7343357802163,35.29780221450539,5.8102412976669715
-33.184043333333335,117.67378000000001,8956.0,8980.0,4.483846153846142,107.61230769230741,24.0,118,,103.2968316038205,109.60134236986099,219.20268473972197,37.44290272465571,7.407134485324693,30.479145267030756,8.216051317598579
-33.1850950617284,117.6740864197531,8980.0,9006.0,4.7411477411477785,123.26984126984225,26.0,120,,105.49028896593693,121.25606232365374,242.51212464730747,35.82366790850824,6.635828290250114,25.076090312900146,9.154860927216067
-33.18649333333334,117.67436444444444,9006.0,9035.0,4.52591768631812,131.2516129032255,29.0,122,,105.05168196054166,134.68481651666636,269.3696330333327,32.801206607998616,5.8892954306525285,20.602762304923168,6.962484241037555
-33.18808232323233,117.67544595959595,9035.0,9067.0,4.482286096256624,143.43315508021198,32.0,124,,113.95657009572594,161.2155682536253,322.4311365072506,32.357308150813346,7.7123621589691,31.55158094187223,7.148450420857525
-33.190809333333334,117.67645399999999,9067.0,9091.0,4.88923076923077,117.34153846153848,24.0,126,,110.66868094710331,117.423117454609,234.846234909218,39.36520798295136,6.062439580582107,21.30106510173362,7.7364658873874586
-33.192427380952374,117.67674285714288,9091.0,9118.0,4.853037766830847,131.03201970443288,27.0,128,,116.5414139885088,139.11106583392598,278.22213166785195,37.521946596920365,4.783750987712706,18.751101427297186,4.4231821409178975
-33.19459761904763,117.67712499999998,9118.0,9145.0,4.663382594417096,125.91133004926161,27.0,130,,113.52323425187306,135.5083791522357,271.0167583044714,36.79824483700124,6.178177564649821,24.161352041358384,7.169512963840388
-33.196041935483876,117.67750430107527,9145.0,9175.0,4.6588709677419695,139.76612903225907,30.0,132,,116.33991415184829,154.30060346794502,308.60120693589005,34.60362529401223,8.335774340416632,35.60997734658788,10.27710351295599
-33.198070689655175,117.67859827586209,9175.0,9203.0,4.367980295566506,122.30344827586217,28.0,134,,109.24132036080276,135.22674764127723,270.45349528255446,34.76545577979976,6.2797573176860135,30.351536064518527,7.170322527446301
-32.74732037037037,117.98325308641978,11095.0,11121.0,4.139194139194145,107.61904761904776,26.0,136,,101.48298384845997,116.64985597198108,233.29971194396217,34.77725854479248,7.191572779384605,35.42741531567309,7.593952180111838
-32.748808333333336,117.98278666666667,11121.0,11150.0,3.913681868743048,113.49677419354839,29.0,138,,99.75109677587318,127.88903438634138,255.77806877268276,31.465258928546355,6.148922240745164,24.935534563606456,8.102739651909681
-32.750366666666665,117.98253888888893,11150.0,11179.0,3.371968854282543,97.78709677419374,29.0,140,,105.36538766002155,135.08701278602788,270.17402557205577,32.8790473885261,7.07460080902983,34.19828720673418,9.602710334471295
-32.751741935483864,117.98232258064516,11179.0,11209.0,3.4129032258064402,102.38709677419321,30.0,142,,103.53611176303691,137.3190331300188,274.6380662600376,31.55054771778712,5.9939869993950525,25.538152316556634,6.321736183974245
-32.75315925925926,117.98283456790124,11209.0,11235.0,3.0402930402930974,79.04761904762053,26.0,144,,110.12854578816241,126.58751760567019,253.17503521134037,37.00130042371104,5.320801809008075,22.547189631559547,5.833704484756802
-32.38385268817204,118.21698064516129,12591.0,12621.0,5.348387096774188,160.45161290322565,30.0,146,,100.05289620237261,132.69927501056605,265.3985500211321,30.683112069305714,13.526166501052407,48.466091100404526,10.51588840309402
-32.3840282051282,118.21720192307694,12621.0,12646.0,5.177094017094064,129.4273504273516,25.0,148,,101.94920728733211,112.6786130838832,225.3572261677664,35.96181254393341,4.986355120462225,16.981058884842817,5.114113301453575
-32.38445,118.2175611111111,12646.0,12672.0,5.023199023199068,130.60317460317577,26.0,150,,104.88502905642675,120.56034488815337,241.12068977630673,35.66735166993212,6.1147532345526265,22.451396581397955,9.085048717625858
-32.385021839080466,118.21745804597701,12672.0,12700.0,4.410344827586158,123.48965517241243,28.0,152,,101.36486533049381,125.47670623594071,250.95341247188142,32.78465272059781,7.666844463711899,27.536465673905706,9.131882452395585
-32.38517758620689,118.21732068965517,12700.0,12728.0,3.6960591133004654,103.48965517241304,28.0,154,,104.91098434855115,129.86634689550962,259.73269379101924,33.6877872215532,7.624807597016551,28.03037824658064,7.389622202163799
-32.38522888888888,118.21739277777779,12728.0,12757.0,2.624916573971079,76.12258064516129,29.0,156,,107.84400793108158,138.26480594642297,276.52961189284594,33.4892821748018,7.407356170874887,33.11924848304733,5.611491826653228
-32.38593072916667,118.21772760416667,12757.0,12788.0,2.227639296187721,69.05681818181935,31.0,158,,106.76081901328051,146.31579841932967,292.63159683865933,31.496429442920434,7.933912527302963,35.95902301958976,6.537092804538697
-31.894393010752683,118.04435913978493,14995.0,15025.0,3.444354838709642,103.33064516128925,30.0,160,,107.41041793920301,142.45749128825457,284.91498257650915,32.496782502161594,6.428926203740113,21.81021354013763,8.256729573123447
-32.16430483870968,117.57795860215053,17172.0,17202.0,3.4407258064516264,103.2217741935488,30.0,162,,104.08896605851301,138.0522789128072,276.1045578256144,31.686769535527382,7.391864409394828,25.985601193932787,9.981062843155554
-32.165117741935475,117.5789564516129,17202.0,17232.0,3.219758064516121,96.59274193548363,30.0,164,,106.80357455100159,141.65264024729717,283.30528049459434,32.34986157209583,5.208230544083954,20.338072029691272,6.6579147626105994
-32.23062311827957,117.53545107526881,17476.0,17506.0,3.5431451612903193,106.29435483870958,30.0,166,,101.95895248472375,135.2272606701289,270.4545213402578,31.15974717474995,5.403766997231979,22.175229142346065,6.0654059901806106
-32.23062150537634,117.5358639784946,17506.0,17536.0,3.1754032258064084,95.26209677419226,30.0,168,,106.11684022846352,140.74183056377385,281.4836611275477,32.183020972849995,7.50920531564621,27.23558740891316,11.658991252670445
-32.23045520833334,117.53574375,17536.0,17567.0,2.8143328445748543,87.24431818182049,31.0,170,,106.26980125981962,145.6428581468617,291.2857162937234,31.378892020476833,6.141545322651934,25.816501402283187,7.918164802993989
-32.23054895833333,117.53562135416666,17567.0,17598.0,2.111803519061567,65.46590909090858,31.0,172,,110.8204089061241,151.87947001642146,303.75894003284293,32.456915890717106,7.170520246309594,31.417844136790613,6.846145105833475
