lat,lon,t_start,t_end,climb_rate_ms,alt_gain_m,duration_s,circle_id,seg_id,avg_speed_kmh,turn_radius_m,circle_diameter_m,bank_angle_deg,bank_std_deg,bank_range_deg,bank_masd_deg
-32.93862474747475,117.10330252525252,519.0,551.0,1.1149732620320685,35.67914438502619,32.0,0,,92.17337323695114,130.3986486410221,260.7972972820442,27.133532861373478,9.769005305083644,39.15338423647515,9.916118911215914
-32.936372222222225,117.09907525252524,588.0,620.0,1.824532085561478,58.385026737967294,32.0,2,,91.34456712850898,129.22612784970366,258.4522556994073,26.924038481015533,20.283432434001117,63.43929106413067,9.644514700810609
-32.936039682539686,117.09704047619049,620.0,640.0,1.7610389610389519,35.220779220779036,20.0,4,,91.2945656215653,80.7221188672196,161.4442377344392,39.08094096367804,10.509999818055226,38.18127836147935,8.982571006902663
-32.935364197530866,117.09469876543211,640.0,666.0,2.5799755799755744,67.07936507936493,26.0,6,,95.43214767253002,109.69470800859183,219.38941601718366,33.14553491076821,10.300870884727464,37.25275949087675,6.022889934599839
-32.934458666666664,117.092036,666.0,690.0,3.3315384615384573,79.95692307692298,24.0,8,,100.94963267758644,107.11088695966005,214.2217739193201,36.80916174438619,11.45393716232897,44.43769434661495,11.101727366109186
-32.933801515151515,117.08947954545455,690.0,711.0,2.894409937888178,60.78260869565173,21.0,10,,100.73833743392854,93.5258587752361,187.0517175504722,40.47947460672317,9.84134984428252,44.200134383436364,10.951288535482497
-32.93313571428571,117.08702202380952,711.0,738.0,2.013136288998381,54.35467980295629,27.0,12,,97.2832805620953,116.12336236239874,232.24672472479747,32.66135638056625,8.774371474346939,34.9873224927549,10.170676342216533
-32.929066666666664,117.08281149425288,805.0,832.0,2.5068177596136105,67.68407950956748,27.0,14,,97.12311547834136,115.93217937647249,231.86435875294498,32.618477990319285,22.57657037087311,114.04856851505026,15.408355510893548
-32.92769375,117.08249895833333,866.0,896.0,3.7040640957480004,111.12192287244001,30.0,16,,99.55872205467931,132.0438561909526,264.0877123819052,30.558761539128344,20.000694906410608,106.40302927903795,11.699791515758717
-32.92757738095238,117.07946666666668,972.0,999.0,5.702517788724685,153.9679802955665,27.0,18,,97.85981417139237,116.81154866573554,233.6230973314711,32.815362167470184,9.689538956706613,40.53792137376119,8.118857042267184
-32.89808518518519,117.31241790123457,2153.0,2181.0,1.7719420999693984,49.614378799143154,28.0,20,,98.57322923579277,122.02101869538741,244.04203739077482,32.060510364317516,11.880889960250032,41.059938409893476,6.302504560681798
-32.90060476190475,117.29970793650794,2263.0,2283.0,0.6844155844155843,13.688311688311686,20.0,22,,98.01352443451746,86.66298279784289,173.32596559568577,41.085022533992884,6.850467735884807,25.38544362592875,4.531638661441306
-32.90058188405798,117.29424420289854,2320.0,2342.0,3.5583003952569126,78.28260869565207,22.0,24,,100.69851465636744,97.94073892516558,195.88147785033115,39.157496585313915,8.920580025446007,37.34255028802829,7.405714757543305
-32.89975217391304,117.29295869565215,2342.0,2364.0,4.250988142292465,93.52173913043424,22.0,26,,91.97101928582767,89.45225874774145,178.9045174954829,36.6406389659907,6.001416366487895,21.999218253194364,4.465082180943979
-32.898843750000005,117.29148055555557,2364.0,2387.0,3.259999999999954,74.97999999999894,23.0,28,,91.02914344779178,92.56054926059929,185.12109852119858,35.151030427846194,8.4782964028281,34.26410558364113,9.151279369801829
-32.89857839506173,117.29063518518521,2387.0,2413.0,2.994505494505485,77.85714285714262,26.0,30,,95.85780994918305,110.1839865199374,220.3679730398748,33.262374367865036,9.728170294786098,34.43969068265781,8.293763623824184
-32.89822916666667,117.2900972222222,2413.0,2436.0,3.7556521739130444,86.38000000000002,23.0,32,,96.93301540363247,98.56374351574767,197.12748703149535,36.86299437041922,9.25931799968411,40.994824932254,8.875490502101803
-32.897378205128206,117.28860897435897,2436.0,2461.0,2.044786324786357,51.11965811965893,25.0,34,,96.5217532323263,106.67995932514484,213.35991865028967,34.48517487857936,8.797452815189656,36.62513413789207,8.146155149524382
-32.897541304347826,117.28670869565214,2461.0,2483.0,2.32114624505928,51.06521739130416,22.0,36,,95.46048983062092,92.84616505093676,185.69233010187352,37.66763245320353,9.494858559167307,37.559704705177296,7.183967602630484
-32.89733387096774,117.28518118279571,2483.0,2513.0,1.6302419354838902,48.907258064516704,30.0,38,,95.00416964523038,126.00319344482843,252.00638688965685,29.397639904618885,12.553383241332861,49.95148819745389,10.359281648678714
-32.89769423076923,117.28416858974359,2513.0,2538.0,2.4670085470085743,61.67521367521436,25.0,40,,101.70671182458076,112.4105967535066,224.8211935070132,35.8969809944289,7.030149385516044,29.705525086075806,6.1376233779930915
-32.89713444444445,117.28275499999998,2538.0,2567.0,2.4671857619577393,71.54838709677443,29.0,42,,102.075327034601,130.86888697029926,261.7377739405985,32.05587117874007,9.475340842284922,33.93929187530378,8.809147363212281
-32.896504838709674,117.28188602150537,2567.0,2597.0,1.9443548387097056,58.330645161291166,30.0,44,,92.15157596070533,122.2198235654544,244.4396471309088,28.656588127373436,11.24594995041851,40.44021533797221,7.267985329629633
-32.89686565656565,117.28171111111111,2597.0,2629.0,0.33689839572188524,10.780748663100328,32.0,46,,92.80538069353173,131.2927562924509,262.5855125849018,27.292757587885603,9.626825673974924,33.43960741330673,5.751097883570517
-32.91202466666667,117.38342733333333,3266.0,3294.0,0.8321618864074486,23.30053281940856,28.0,48,,92.72130793204292,114.77709045701418,229.55418091402836,30.504696011964967,12.42470367607188,62.40698048193435,10.744373202602299
-32.91097473118279,117.38471182795698,3294.0,3324.0,-0.7633064516129138,-22.899193548387412,30.0,50,,92.21759944516003,122.30738993138038,244.61477986276077,28.673860043937797,15.075259879608664,52.610579418074394,8.319576117918354
-32.95591805555556,117.36165277777776,3620.0,3643.0,4.020434782608703,92.47000000000017,23.0,52,,90.74770902046986,92.27438019224262,184.54876038448523,35.067557293711744,5.360785367546076,18.969746859404612,7.060860768496047
-32.95533525641026,117.36013974358974,3643.0,3668.0,3.517264957265004,87.9316239316251,25.0,54,,94.83725251446052,104.81817727035188,209.63635454070376,34.01589613544956,9.633866095937723,38.448038581871586,7.637723890898921
-32.955334615384615,117.35924038461538,3668.0,3693.0,3.084786324786354,77.11965811965885,25.0,56,,97.8936676792142,108.19625769821006,216.39251539642012,34.86351220118462,5.111135342528187,27.8652952171838,5.4100974894528875
-32.95542435897436,117.35815448717948,3693.0,3718.0,3.467008547008581,86.67521367521452,25.0,58,,95.00082273541781,104.99896205651847,209.99792411303693,34.06169414591755,4.809012622911263,21.085089646421434,5.441350662655975
-32.95567101449275,117.35689999999997,3718.0,3740.0,2.8992094861659976,63.782608695651945,22.0,60,,95.04275750633963,92.43987293577845,184.8797458715569,37.54615563590348,6.5562667475272205,29.576704921064593,6.822143548693039
-32.955829487179486,117.35633589743591,3740.0,3765.0,2.0263247863248255,50.65811965812064,25.0,62,,89.65990606075191,99.09595310224758,198.19190620449515,32.540624528530465,9.12772325193852,34.589479633228834,9.487041226205866
-32.95648888888889,117.35571666666668,3765.0,3791.0,2.047619047619041,53.23809523809506,26.0,64,,97.12399153921082,111.63940194536151,223.27880389072303,33.60808511930203,8.498384253790942,31.603867379634245,7.949510593643825
-32.95696611111111,117.35492666666666,3791.0,3820.0,1.7810901001112114,51.65161290322513,29.0,66,,96.98257965331482,124.33956983978534,248.67913967957068,30.75189934492873,8.919601784701591,35.38664269892577,9.866793024265096
-32.957206666666664,117.35538333333334,3820.0,3849.0,1.0520578420467595,30.509677419356024,29.0,68,,93.91966210676316,120.41265996015164,240.8253199203033,29.950182660210082,12.155506094909953,44.94242037039184,6.668761951456584
-32.847528787878794,117.23246212121212,4378.0,4399.0,1.469226425748094,30.853754940709976,21.0,70,,96.17613067973423,89.29028852993544,178.58057705987088,39.173493198778495,9.518060597809002,32.5064395804514,8.64864116198902
-32.847058695652166,117.23012463768116,4399.0,4421.0,1.945652173912989,42.80434782608576,22.0,72,,102.55625018591657,99.74759765701948,199.49519531403897,39.67126081279045,10.895677815761964,36.020265151484224,5.363581897298039
-32.84687045454547,117.22758484848487,4421.0,4442.0,1.9966120835685355,41.92885375493925,21.0,74,,102.87224177836329,95.50698375149813,191.01396750299625,41.07344943573654,7.5823619961917625,26.446873928586097,5.673317905511972
-32.846128,117.22538399999999,4442.0,4466.0,2.793846153846139,67.05230769230734,24.0,76,,102.74176478123171,109.01239817945219,218.02479635890438,37.293992573763234,12.896258291019256,43.272503852481286,6.424956669325903
-32.845351587301586,117.22405476190477,4466.0,4486.0,2.3922077922077665,47.84415584415533,20.0,78,,101.14951166532622,89.4358042937111,178.8716085874222,41.98062934523358,11.458647808908987,36.29451826743089,7.723361573738502
-32.84477564102564,117.2229846153846,4486.0,4511.0,1.9046153846154763,47.61538461538691,25.0,80,,93.68176115427799,103.5410789254003,207.0821578508006,33.69096000799983,12.408657906751072,41.321389967220924,8.073831649977345
-32.84489545454546,117.22262651515152,4511.0,4532.0,2.2004517221907864,46.20948616600651,21.0,82,,92.3556234701827,85.7433149860784,171.4866299721568,38.04113524681046,9.123524340754855,31.98986375856538,6.7704349447085574
-32.84590902777778,117.22203263888889,4532.0,4555.0,1.8365217391304542,42.24000000000045,23.0,84,,92.87666358926214,94.43915069072912,188.87830138145824,35.69476723595362,15.080276155622315,52.9170559944839,8.856644989013354
-32.84762722222222,117.22097999999998,4555.0,4584.0,0.3181312569521157,9.225806451611355,29.0,86,,99.32754404304829,127.34600526923424,254.69201053846848,31.356817110492912,15.458426750680006,49.549523452556606,8.453954512067012
-32.74341916666667,117.15943499999999,5015.0,5040.0,3.9891739232760544,99.72934808190136,25.0,88,,96.99701801025091,107.20524223267383,214.41048446534765,34.61663157585698,10.281823759903192,39.311212758452534,10.287777218304557
-32.74313787878788,117.15779469696969,5040.0,5061.0,4.809147374364675,100.99209486165817,21.0,90,,102.10426576776666,94.7939918783005,189.587983756601,40.860904996489985,9.20576077124685,35.4503508912499,9.893780051732595
-32.74334130434782,117.1569427536232,5061.0,5083.0,3.4081027667983634,74.978260869564,22.0,92,,98.94718074858609,96.23736785143984,192.47473570287968,38.66618711918706,9.364287542273948,36.506856501489025,10.136540155982269
-32.744262500000005,117.15584531249999,5083.0,5114.0,3.2969208211143863,102.20454545454598,31.0,94,,104.49863328006367,143.21547083859738,286.43094167719477,30.952467736504023,10.893017276944706,37.22962558540905,7.4722909041451056
-32.74387901234567,117.1504185185185,5149.0,5175.0,4.217338217338233,109.65079365079407,26.0,96,,105.16672624615954,120.88414238960553,241.76828477921106,35.740180005777496,11.954548382510158,39.687539882414356,9.477563827668671
-32.743369135802475,117.14855370370371,5175.0,5201.0,2.372405372405438,61.68253968254139,26.0,98,,105.79460146168735,121.60585504213321,243.21171008426643,35.90202879904601,9.20509732608215,35.543229129971564,5.739988371901953
-32.74331379310345,117.14673103448277,5201.0,5229.0,3.165517241379323,88.63448275862105,28.0,100,,103.17772822425182,127.72079805241434,255.44159610482868,33.2486881858969,7.5155295298606175,26.352564144330646,7.3283546801115635
-32.962183333333336,117.0526875,5972.0,5993.0,2.928571428571424,61.4999999999999,21.0,102,,110.22660504949931,102.33480281421765,204.6696056284353,43.04077587768416,8.815711190978229,29.601445887169174,9.695079879016745
-32.962185416666664,117.05236805555556,5993.0,6016.0,2.127826086956559,48.94000000000086,23.0,104,,98.08553841385125,99.73565570585318,199.47131141170635,37.188570206755095,9.91972569613606,39.581092570232514,7.599587592291264
-32.9627053030303,117.05214848484852,6016.0,6037.0,3.640880858272119,76.4584980237145,21.0,106,,109.63595031640425,101.7864366950269,203.5728733900538,42.887240712366776,11.02802148896852,41.987700942818726,5.814117616732497
-32.962434848484854,117.0517893939394,6037.0,6058.0,2.817052512704638,59.1581027667974,21.0,108,,106.47552057067499,98.8522815997833,197.7045631995666,42.05257919480381,8.807787993861453,36.83791147447856,6.840267399795186
-32.96249270833333,117.05073802083334,6058.0,6089.0,0.9274193548387276,28.750000000000558,31.0,110,,107.4853458692445,147.308763126667,294.617526253334,31.669324861665647,10.700921569964558,44.84485052723034,8.63357031989334
-32.962937999999994,117.048498,6089.0,6113.0,2.135384615384594,51.24923076923026,24.0,112,,109.95523445927623,116.66612722014744,233.3322544402949,39.18361460390079,10.490270893497298,46.201200807514944,9.889377570350268
-32.96290961538461,117.04676538461538,6113.0,6138.0,2.53743589743592,63.435897435898006,25.0,114,,106.59044661228646,117.808308782765,235.61661756553,37.18228939689424,9.08738120107117,40.59809151285626,10.476686519232207
-32.963026666666664,117.04525466666666,6138.0,6162.0,3.009230769230791,72.22153846153898,24.0,116,,101.25789514901051,107.43796360030582,214.87592720061164,36.89299842052641,6.480365944661785,28.848142554107483,7.200298687298379
-32.962751234567904,117.04258580246913,6162.0,6188.0,2.7954822954822918,72.68253968253958,26.0,118,,104.39905168248066,120.00173704547203,240.00347409094405,35.541396932673976,9.730947976999825,37.618792134996966,6.427588256472144
-32.96206129032258,117.0398,6188.0,6218.0,1.4213709677419137,42.64112903225741,30.0,120,,103.23720662650305,136.92259788006112,273.84519576012224,31.47673217561828,8.933370496510765,29.696700293361808,6.77746773841053
-33.048075,117.10734696969698,6676.0,6701.0,3.2577429033003114,81.44357258250778,25.0,122,,99.46766623130864,109.93590804533032,219.87181609066064,35.29333123587003,12.86055091666223,56.25549963424473,12.827435509027723
-33.04786083333333,117.10679416666667,6701.0,6720.0,2.280451127819517,43.328571428570825,19.0,124,,132.10177530901407,110.96343336145696,221.92686672291393,51.047262508002,5.723095180799896,25.210191104817056,7.022891141044107
-33.04748043478261,117.10573840579713,6720.0,6742.0,4.360671936758864,95.93478260869502,22.0,126,,97.9708130736456,95.28773942968365,190.5754788593673,38.38931886417468,6.186076777269725,21.841615350125867,5.9560666498541135
-33.04742901234568,117.1042537037037,6742.0,6768.0,3.1404151404152176,81.65079365079566,26.0,128,,95.86414401472241,110.19126722656293,220.38253445312586,33.26411064225549,8.389452871168041,30.873813316098886,7.02666536306464
-33.048187999999996,117.10317133333334,6768.0,6792.0,3.1415384615384805,75.39692307692353,24.0,130,,93.66842358369139,99.38528416646635,198.7705683329327,34.77491537368941,10.164598663420104,32.18322882387851,6.873965209812878
-33.049047333333334,117.102302,6792.0,6816.0,2.52076923076924,60.49846153846177,24.0,132,,101.09069245967109,107.2605560369283,214.5211120738566,36.84754792186131,10.4285929479317,49.5445952475452,7.666926336452697
-33.04943863636363,117.10104848484848,6816.0,6837.0,1.8740824392998334,39.3557312252965,21.0,134,,101.22091441264338,93.97388509281421,187.94777018562843,40.61473115659702,10.580503020219142,35.266159027511556,6.487370826155422
-33.049079687500004,117.09908854166667,6870.0,6901.0,2.1273826979472816,65.94886363636573,31.0,136,,94.80285453700122,129.92739735620987,259.85479471241973,28.550022142799552,10.250864305721773,33.49320801434578,12.189247066110394
-33.063433333333336,117.21234425287358,7325.0,7353.0,1.3635467980295417,38.179310344827165,28.0,138,,102.20579592727664,126.51767049030342,253.03534098060683,33.00051169301701,13.222559638062318,46.868351329612715,8.568229274563192
-33.06295866666667,117.21009933333333,7353.0,7377.0,2.6469230769230956,63.526153846154294,24.0,140,,109.53301711942765,116.21814070884072,232.43628141768144,39.07570372637949,6.915130251165548,31.689209457740123,5.71846801285563
-33.06375185185185,117.20769259259257,7377.0,7403.0,1.3260073260073506,34.476190476191114,26.0,142,,104.56491200955587,120.19238559098267,240.38477118196533,35.58442888874179,11.130924879638888,41.7138755439102,8.700161297479896
-33.063457738095245,117.2052916666667,7403.0,7430.0,1.5317460317460554,41.357142857143494,27.0,144,,110.2492959359487,131.6004031545558,263.2008063091116,35.99745171574825,9.892334999408797,32.51959521912173,8.654978343797984
-32.95381494252874,117.20768218390805,7948.0,7976.0,0.384729064039398,10.772413793103144,28.0,146,,106.13968703543404,131.38732327712512,262.77464655425024,33.996372871607335,12.261034618976172,57.213295892290816,9.360589724487774
-32.923134126984124,117.19703333333332,8196.0,8216.0,2.5922077922077817,51.84415584415564,20.0,148,,94.79500922023954,83.81719054357175,167.6343810871435,40.13974791698122,9.546437944467078,35.6102561734042,10.413755323993792
-32.92276136363636,117.19663939393939,8216.0,8237.0,2.4545454545454253,51.54545454545393,21.0,150,,92.42600861353684,85.80866082307448,171.61732164614895,38.06232099124439,9.093656740855634,35.94866007701536,8.032984604824808
-32.922160897435894,117.19559743589744,8237.0,8262.0,1.388376068376135,34.70940170940337,25.0,152,,93.45952584553179,103.29545498153563,206.59090996307125,33.6281814785456,9.099830333259673,39.01130012698195,8.861888180632286
-32.92218833333334,117.19605222222225,8262.0,8291.0,2.3441601779755183,67.98064516129003,29.0,154,,92.38492153768556,118.44499749069645,236.8899949813929,29.543524025596827,10.85016351921344,43.016126530009714,7.27927360444557
-32.92122126436782,117.19576666666667,8291.0,8319.0,2.755665024630528,77.15862068965478,28.0,156,,98.69404846863495,122.17057741415609,244.34115482831217,32.09209138190406,7.209862068202528,26.966808689078466,7.1710794855096776
-32.92071875,117.19440416666667,8319.0,8342.0,3.333913043478236,76.67999999999942,23.0,158,,101.38783099370568,103.09350357120012,206.18700714240023,38.10607401559556,7.067366895686014,25.937607730118014,7.305100113789852
-32.92007901234568,117.19289320987653,8342.0,8368.0,2.764957264957294,71.88888888888965,26.0,160,,103.33424036871622,118.77778716069692,237.55557432139383,35.26403278454451,6.938971804275381,27.663177564390526,5.700031094052419
-32.919546,117.19198866666665,8368.0,8392.0,2.706923076923028,64.96615384615268,24.0,162,,101.9999603818279,108.22531926630268,216.45063853260535,37.09406124002328,9.98960899959653,40.35375405716739,9.73631661102357
-32.918578571428576,117.18989642857143,8392.0,8419.0,2.114121510673261,57.08128078817805,27.0,164,,105.90605421209828,126.41604023410264,252.83208046820528,34.90946591681442,8.179167879207611,30.836455825319177,7.691734246615793
-32.91791736111111,117.1881451388889,8419.0,8442.0,1.7639130434782602,40.569999999999986,23.0,166,,104.3635445047551,106.11927824722889,212.23855649445778,38.91357613721679,8.857901916810164,27.868122109811022,6.512330906357581
-32.917184,117.18733466666667,8442.0,8466.0,1.4223076923077054,34.13538461538493,24.0,168,,96.31590720287421,102.19435153145146,204.38870306290292,35.52664481871475,8.78153330405042,33.82592604848662,6.97897972305467
-32.76769682539682,117.1773087301587,9007.0,9027.0,2.868831168831173,57.37662337662346,20.0,170,,100.88004043087744,89.19753941046889,178.39507882093778,41.90464181356054,7.847615774199258,34.57179261050234,7.988880247460625
-32.76785869565218,117.17673115942033,9027.0,9049.0,1.4545454545454577,32.00000000000007,22.0,172,,92.56766415103696,90.03256362288202,180.06512724576405,36.81821988008246,9.948717829925139,33.65355610730766,5.84706768869605
-32.767271794871796,117.17569487179487,9049.0,9074.0,1.2184615384615742,30.461538461539355,25.0,174,,99.49340286432889,109.96435327007832,219.92870654015664,35.30032166016979,11.03643597412953,37.83480975411421,8.407339184486574
-32.76762738095238,117.1733238095238,9074.0,9101.0,0.9055829228243377,24.45073891625712,27.0,176,,97.00358099126163,115.78949559280727,231.57899118561454,32.58645017794378,9.37832750660757,34.600234597247145,9.670141868708813
