lat,lon,t_start,t_end,climb_rate_ms,alt_gain_m,duration_s,circle_id,seg_id,avg_speed_kmh,turn_radius_m,circle_diameter_m,bank_angle_deg,bank_std_deg,bank_range_deg,bank_masd_deg
-32.13326717171717,116.94148989898991,387.0,419.0,1.8429144385026766,58.97326203208565,32.0,0,,116.06794961529224,164.2025592516872,328.4051185033744,32.834695848514215,6.597303918416515,30.835759967798843,8.732034301220379
-32.130628787878784,116.9280186868687,746.0,778.0,0.8920454545454172,28.54545454545335,32.0,2,,119.12462767381983,168.52687411795569,337.05374823591137,33.51682351642953,7.768954976473021,34.29808985228416,6.606184831816422
-32.135603645833335,116.92754062499999,924.0,955.0,2.3170821114369753,71.82954545454623,31.0,4,,123.86204263233688,169.75304076062784,339.5060815212557,35.40755010041144,7.628967330966302,29.532316529659578,10.102504535166897
-32.139140404040404,116.93393636363636,1258.0,1290.0,0.3211898395721665,10.278074866309328,32.0,6,,118.13571237781302,167.12784516098975,334.2556903219795,33.29729902991485,8.348334525101212,32.14157195423403,9.067148941767037
-32.14640656565656,116.93188333333335,1535.0,1567.0,1.0314171122994373,33.005347593581995,32.0,8,,123.75556499701757,175.07831026138388,350.15662052276775,34.53010823630218,6.237443211115406,24.843918954562813,7.102742513914873
-32.148159375,116.931121875,1604.0,1635.0,-0.036656891495590156,-1.1363636363632947,31.0,10,,123.7923760543064,169.6575626528175,339.315125305635,35.39232900781584,11.212115743023096,49.25507098652047,8.894268475197212
-32.150173655913974,116.93074838709678,1635.0,1665.0,1.496774193548393,44.903225806451786,30.0,12,,118.22505583266309,156.80085027569703,313.60170055139406,35.035330767020675,8.023389016520955,33.01987892317373,7.575583309661069
-31.983261333333335,116.93697866666668,2193.0,2217.0,2.2200000000000077,53.280000000000186,24.0,14,,114.00609082967735,120.964219320845,241.92843864169,40.202262833021955,6.559823485798345,27.292146524035182,7.578167845874061
-31.984075694444446,116.9373888888889,2217.0,2240.0,1.7639130434782602,40.569999999999986,23.0,16,,118.97735902115694,120.97894458262039,241.95788916524077,42.62437801199257,5.308839955259516,19.640596873299863,6.7438965718289445
-31.98497530864197,116.93725925925928,2240.0,2266.0,1.9456654456654634,50.58730158730205,26.0,18,,114.46889928627272,131.57654720671235,263.1530944134247,38.071239128491136,6.4980539352194,26.498677111654352,8.87720561856586
-31.98579733333333,116.93727666666666,2266.0,2290.0,1.10384615384615,26.492307692307598,24.0,20,,115.02387447332345,122.04412130674072,244.08824261348144,40.453501108816496,5.73785677049067,18.833612991211574,6.715731362373558
-31.9865975308642,116.93734197530864,2290.0,2316.0,2.7045177045177073,70.31746031746039,26.0,22,,113.80960844738782,130.81872379156317,261.63744758312635,37.910691031263376,5.986128024890921,22.203575737124336,7.074303211678293
-31.987329012345683,116.93781481481481,2316.0,2342.0,1.3632478632478695,35.444444444444606,26.0,24,,112.2397229961571,129.0142152440807,258.0284304881614,37.525561357790316,8.462213826551302,34.94753978334499,10.252678658828875
-31.853731944444444,116.88732013888888,2814.0,2837.0,0.8504347826086718,19.55999999999945,23.0,26,,112.86510725982384,114.76386489693121,229.52772979386242,41.12265740248395,5.797461402148748,22.388954338461275,6.086586646310787
-31.854317857142853,116.88783869047617,2837.0,2864.0,1.6368363437329057,44.194581280788455,27.0,28,,111.0715592297653,132.58190766256033,265.16381532512065,36.200127649721566,6.682139374522145,30.712780171621638,7.549265370663411
-31.85536875,116.8884984375,2864.0,2895.0,1.477456011730235,45.80113636363729,31.0,30,,114.44988820691793,156.85367466050556,313.7073493210111,33.29865825600745,9.633055833211834,38.723704766058205,10.048214072382256
-31.85658686868686,116.88820505050505,2895.0,2927.0,0.9979946524063731,31.93582887700394,32.0,32,,109.04168043156669,154.26242172205008,308.52484344410016,31.226289692587873,8.140926370731355,31.138071901774545,11.437159379419278
-31.858434946236557,116.88979677419357,2960.0,2990.0,0.6528225806451704,19.584677419355113,30.0,34,,117.039830723658,155.22889665257378,310.45779330514756,34.76443739312613,4.904315183545583,17.676628825460455,5.114119451631156
-31.782782666666662,116.85773266666666,3274.0,3298.0,1.2946153846153914,31.070769230769393,24.0,36,,117.31364154856894,124.47363963043667,248.94727926087333,41.011926922268756,6.274133990317645,25.080423184201585,5.972023785690513
-31.783305128205125,116.8585294871795,3298.0,3323.0,1.1145299145299348,27.863247863248368,25.0,38,,116.63569531568744,128.9107461836936,257.8214923673872,39.69408280197171,10.325325731426881,41.4588431922632,9.03655687141673
-31.78383141025641,116.85907243589743,3323.0,3348.0,2.113162393162413,52.82905982906032,25.0,40,,113.36327934287539,125.29393244809698,250.58786489619396,38.89496867741692,6.256094909839011,30.233808317409807,6.383284741472257
-31.78504038461538,116.85907115384614,3348.0,3373.0,2.050256410256411,51.25641025641028,25.0,42,,115.29725195069261,127.431441478225,254.86288295645,39.36944252158053,7.405070770294543,31.723818004199753,8.18321105657421
-31.786057692307686,116.8595314102564,3373.0,3398.0,2.032478632478677,50.81196581196693,25.0,44,,117.94824549098527,130.36143263129625,260.7228652625925,40.00950464111905,5.824120618079786,21.546313418888307,5.148498162322774
-31.787120987654323,116.85984629629628,3398.0,3424.0,2.6080586080586383,67.80952380952459,26.0,46,,117.52062784845256,135.08436382526423,270.16872765052847,38.80527758936544,7.6091681609466475,31.57219674938633,9.05319931067551
-31.788074358974356,116.86027756410256,3424.0,3449.0,1.9904273504273422,49.760683760683555,25.0,48,,120.13430314448917,132.77755680795607,265.55511361591215,40.52844009662615,6.574527073216757,26.931609165728357,8.472696295709168
-31.789070370370375,116.86101790123456,3449.0,3475.0,2.0549450549450627,53.42857142857163,26.0,50,,121.84252526989634,140.05217904530068,280.10435809060135,39.81953123916619,7.440739305589627,32.51381404130605,7.079907288610795
-31.78979666666667,116.86170666666666,3475.0,3499.0,1.8723076923076925,44.93538461538462,24.0,52,,119.70259098283137,127.00839370549969,254.01678741099937,41.58462142747511,6.511167452720963,30.829459202010764,8.145353846418018
-31.79057323232323,116.8625904040404,3499.0,3531.0,2.3940508021390228,76.60962566844873,32.0,54,,116.43721109017226,164.7249573763144,329.4499147526288,32.91766444711772,6.222330388914413,25.470040389190455,7.844994875527601
-31.7917921875,116.8634453125,3531.0,3562.0,1.8929618768328622,58.68181818181873,31.0,56,,117.74327639718938,161.36726613552426,322.7345322710485,34.04866073025129,8.849608999614437,42.45011483811588,11.810173576054451
-31.79266616161616,116.86422171717172,3562.0,3594.0,1.0838903743315194,34.68449197860862,32.0,58,,114.28354488212426,161.67814295159604,323.3562859031921,32.43157088612789,9.598061238418147,46.78769425806826,12.250698756884193
-31.657344270833335,116.79626041666667,4281.0,4312.0,2.2982038123167445,71.24431818181908,31.0,60,,113.2708683281397,155.23782685688164,310.4756537137633,33.02697462090388,5.628486484995804,24.984382063524173,8.043207476468378
-31.65848388888889,116.79605111111111,4312.0,4341.0,1.8171301446050878,52.69677419354755,29.0,62,,113.09614587909765,144.99847477158718,289.99694954317437,34.75438819901891,5.370590541185117,17.9584145745536,6.5329089468934285
-31.659498888888894,116.79563777777778,4341.0,4370.0,1.4840934371523806,43.038709677419035,29.0,64,,112.95173133757672,144.81332356159143,289.62664712318286,34.72010759630108,6.053154728413097,23.415449857927374,8.424138212522303
-31.660477083333333,116.79549322916667,4370.0,4401.0,1.534824046920845,47.57954545454619,31.0,66,,112.55578464201044,154.25780402229077,308.51560804458154,32.86137578057735,6.278766538449293,25.515968872495975,8.010803335415769
-31.661542528735627,116.79612298850574,4401.0,4429.0,1.3729064039408623,38.441379310344146,28.0,68,,111.64401953972381,138.20098114974041,276.40196229948083,35.35155388410921,9.849274117973414,35.47501070302952,11.560533782260732
-31.662404999999996,116.79654055555555,4429.0,4458.0,1.4718576195773136,42.683870967742095,29.0,70,,111.39037358621658,142.81153569552183,285.62307139104365,34.347659386653,7.326943703496508,36.51521839290693,8.03568851255582
-31.663398809523805,116.79730178571428,4458.0,4485.0,2.257252326217867,60.94581280788241,27.0,72,,115.12558093463929,137.4210396155543,274.8420792311086,37.18418223737279,4.670283985424265,19.100531153733854,5.166179609008176
-31.6645171875,116.79788489583333,4485.0,4516.0,2.1554252199413675,66.8181818181824,31.0,74,,111.21988834139917,152.4269569415368,304.8539138830736,32.550345993544894,6.631701503720095,25.148443582747895,5.688360466731778
-31.66606666666667,116.79864080459771,4516.0,4544.0,3.0817733990147653,86.28965517241343,28.0,76,,115.66389973989854,143.1770774069241,286.3541548138482,36.313419862320394,5.969742721929496,23.09443376408533,6.627930496080809
-31.66684259259259,116.79907345679011,4544.0,4570.0,3.1269841269841523,81.30158730158796,26.0,78,,117.55403715348868,135.12276623001028,270.24553246002057,38.813231192785764,5.3520401628410035,24.016556445498622,6.455611026159054
-31.667741379310346,116.79950977011495,4570.0,4598.0,2.1610837438423824,60.51034482758671,28.0,80,,116.69946436085728,144.45897362716485,288.9179472543297,36.55744206285745,6.1015316187884885,20.118225740046743,7.969658862740289
-31.66886833333333,116.79996055555556,4598.0,4627.0,2.0963292547274923,60.793548387097275,29.0,82,,114.22484484469342,146.44555881866526,292.8911176373305,35.021335843164245,6.477013851677693,27.843954986779025,8.394011139616442
-31.66970632183908,116.80074137931034,4627.0,4655.0,2.106403940886679,58.97931034482701,28.0,84,,120.22427040102836,148.82223155286906,297.6444631057381,37.376589401677435,7.145377918375184,30.101005593574147,9.72392218863575
-31.670519191919194,116.80168484848485,4655.0,4687.0,1.7553475935828597,56.17112299465151,32.0,86,,117.23364777292238,165.85168479782013,331.70336959564025,33.09608570034174,7.791492020912944,35.367141692095956,8.68903067679675
-31.86403024691358,117.05591666666666,5492.0,5518.0,1.943833943833961,50.539682539682985,26.0,88,,118.20123319735933,135.86668725440472,271.73337450880945,38.966956191308235,6.307676863747152,21.9922869085874,7.884462473373979
-31.864923655913977,117.05717204301074,5518.0,5548.0,1.2987903225806507,38.96370967741952,30.0,90,,118.97629808765734,157.79721626187902,315.59443252375803,35.20610945399688,9.56806061557748,40.067258738224226,7.335849684178954
-31.865972222222226,117.05811444444446,5548.0,5577.0,1.6838709677419703,48.83225806451714,29.0,92,,117.523859143544,150.67516397333037,301.35032794666074,35.79167512346805,6.671829760202736,22.949035011128963,8.099568436608111
-31.938102380952383,117.26880119047618,6120.0,6147.0,2.643130815544632,71.36453201970507,27.0,94,,126.58316716437676,151.09752574828693,302.19505149657385,39.831643169350706,11.069856698698107,40.49112814804495,7.533106844167569
-31.938582692307698,117.26966987179487,6147.0,6172.0,2.7589743589743767,68.97435897435942,25.0,96,,124.1449352803903,137.21027853956627,274.42055707913255,41.459995062156906,5.702815085365429,23.394233900344712,6.403420422799731
-31.93903397435897,117.27020576923077,6172.0,6197.0,1.8656410256410305,46.64102564102576,25.0,98,,120.09576593846195,132.7349638438437,265.4699276876874,40.519360790663875,8.998568456954299,33.660853373925086,9.449782600508252
-31.939244230769226,117.2704794871795,6197.0,6222.0,2.2276923076923345,55.69230769230836,25.0,100,,121.47774544737895,134.26238655284266,268.5247731056853,40.84341956001416,7.345575652576414,26.693518200188876,9.162986036399271
-31.940105769230772,117.27048333333333,6222.0,6247.0,2.09641025641029,52.41025641025725,25.0,102,,120.46599935851054,133.14416161397253,266.28832322794506,40.60648558236463,5.195834160005645,20.64974873984245,6.860758180954356
-31.94083273809523,117.2707642857143,6247.0,6274.0,1.8035030103995757,48.69458128078855,27.0,104,,122.20033841073369,145.86590929178004,291.7318185835601,38.84187070263673,4.704845921484753,19.54119644423582,6.732416042612963
-31.941658333333333,117.27110885416667,6274.0,6305.0,1.1083211143695115,34.35795454545486,31.0,106,,123.12291584468947,168.74006683379525,337.4801336675905,35.245768925848374,9.811368710647928,50.486518963854635,9.239925714990626
-31.94294404761905,117.27146190476188,6305.0,6332.0,1.9857690202517946,53.615763546798455,27.0,108,,118.33136733283423,141.24766525382546,282.4953305076509,37.944626479568335,6.0502332906339635,22.638818174049867,7.648978781085697
-32.18055595238095,117.22676071428573,7299.0,7326.0,0.9493705528188388,25.633004926108647,27.0,110,,112.37591801038555,134.13887126881806,268.27774253763613,36.51949268290019,6.238443402174839,25.31700727251593,4.442408659656202
-32.180829333333335,117.22660266666668,7326.0,7350.0,2.0738461538461705,49.77230769230809,24.0,112,,116.38206366563402,123.48520479747549,246.97040959495098,40.78586531783319,6.113011179386874,21.871637875390288,8.513437750094932
-32.181410919540234,117.22694482758621,7350.0,7378.0,2.249261083743828,62.979310344827184,28.0,114,,111.10270733474053,137.53090604723658,275.06181209447317,35.22024370736374,5.874927549081359,22.636162204979968,8.612584539864107
-32.182501111111115,117.22722777777774,7378.0,7407.0,2.162625139043379,62.71612903225799,29.0,116,,112.51769576491563,144.2568545896094,288.5137091792188,34.61690651424834,5.691908380129783,24.234067357367113,7.336057202026019
-32.183424074074075,117.22767222222221,7407.0,7433.0,1.6746031746032013,43.539682539683234,26.0,118,,113.01194987272933,129.90185325504376,259.8037065100875,37.71550711252635,5.573990193651548,24.620503641848032,6.22661814593847
-32.18456964285714,117.22790119047617,7433.0,7460.0,1.3784893267652198,37.21921182266094,27.0,120,,116.73481633404838,139.34192287866242,278.68384575732483,37.56784943217185,7.4249794314896835,28.475798379755098,8.727983217944974
-32.18545679012346,117.22818950617285,7460.0,7486.0,2.244200244200254,58.349206349206604,26.0,122,,115.87152086311204,133.18879389789973,266.37758779579946,38.41046872474314,5.100186783590338,20.248655028719547,6.5026032201043895
-32.18644193548387,117.22831666666667,7486.0,7516.0,2.064112903225813,61.92338709677439,30.0,124,,113.76827565853786,150.88986198414713,301.77972396829426,34.0073912834724,7.03258669047295,26.740816668863637,9.258006132046974
-32.18718103448276,117.22856666666665,7516.0,7544.0,1.7881773399014798,50.06896551724143,28.0,126,,118.21214553692751,146.3314789665598,292.6629579331196,36.911141743702466,5.734221870306871,22.759900471666285,5.716114237867684
-32.188540860215056,117.2282010752688,7544.0,7574.0,2.3104838709677087,69.31451612903126,30.0,128,,117.87998653551655,156.34318790611272,312.68637581222544,34.95664657232254,9.994363151042442,39.49745902018623,10.855478138990883
-32.189434444444444,117.22831722222222,7574.0,7603.0,2.005116796440487,58.14838709677412,29.0,130,,112.79518714794533,144.61262115432132,289.22524230864263,34.68291556751565,7.45930885435004,28.705864574206778,10.443702152423944
-32.19067916666667,117.229290625,7603.0,7634.0,1.9442815249267276,60.27272727272855,31.0,132,,116.14225615860101,159.17306645946687,318.34613291893373,33.68569477039997,5.691922608288267,20.809555776937017,5.273655251555848
-32.19232956989247,117.23009086021504,7634.0,7664.0,1.8556451612903182,55.669354838709545,30.0,134,,114.63597417823928,152.0406828885138,304.0813657770276,34.20951380978582,6.55389146850881,25.127461692807806,9.596976483994043
-32.325043888888885,117.168955,8060.0,8089.0,1.824249165739721,52.903225806451914,29.0,136,,109.56730811243094,140.47421720378253,280.94843440756506,33.90855728530861,9.158912125480468,38.5842229307762,6.663115014372101
-32.32531866666667,117.17016066666667,8089.0,8113.0,2.928461538461527,70.28307692307665,24.0,138,,114.15953557046667,121.12702924743218,242.25405849486435,40.24026024495241,5.341894784558694,17.641361149977136,6.879505617483467
-32.3261064516129,117.17098440860217,8113.0,8143.0,1.6209677419354604,48.629032258063816,30.0,140,,112.87352781779288,149.70316580351908,299.40633160703817,33.79795541379642,7.566130794285497,27.726024788144905,7.26135228130196
-32.32752471264368,117.17143045977011,8143.0,8171.0,2.1049261083743867,58.93793103448283,28.0,142,,113.24948036844577,140.18833580287438,280.37667160574875,35.73850246047555,5.473473587228547,19.672420007069267,7.173941049358552
-32.32853166666667,117.17224277777777,8171.0,8200.0,2.625139043381527,76.12903225806429,29.0,144,,113.98323166560806,146.13579103498193,292.27158206996387,34.964337977868134,7.547476109394024,32.570089741792614,7.511491826357416
-32.329758045977016,117.17311379310344,8200.0,8228.0,1.828571428571461,51.200000000000905,28.0,146,,116.5397725542345,144.2612956463126,288.5225912926252,36.519912039992484,6.274418465747312,27.887148846625458,6.837085017798652
-32.330659444444436,117.17414666666667,8228.0,8257.0,2.0743047830923165,60.15483870967718,29.0,148,,116.45591980775286,149.30597872272216,298.6119574454443,35.54391588066603,5.19218998810121,24.43085557204731,5.823300179513432
-32.33195689655172,117.17546609195402,8257.0,8285.0,1.5103448275861893,42.2896551724133,28.0,150,,121.88983192249275,150.8839831574835,301.767966314967,37.757551149115095,5.947146363353611,28.0612867649424,7.754672682671242
-32.332988709677416,117.17640860215053,8285.0,8315.0,1.5491935483870904,46.47580645161271,30.0,152,,119.37404967206743,158.32475068505818,316.64950137011635,35.29623995753509,5.090595970701162,19.625250832737304,6.897282050533668
-32.50593035714286,117.08661785714285,8782.0,8809.0,2.482484948002221,67.02709359605997,27.0,154,,119.07219469883175,142.13196278339737,284.26392556679474,38.11815688299256,7.108879961673547,27.55426231598645,7.975182435453699
-32.506669540229886,117.08774885057471,8809.0,8837.0,1.9689655172413627,55.13103448275815,28.0,156,,115.61739609075927,143.119511852006,286.239023704012,36.30242563925328,7.907821854863233,34.78491077583951,9.34915913522486
-32.5076462962963,117.08910123456789,8837.0,8863.0,1.7881562881563413,46.49206349206487,26.0,158,,112.50672585394173,129.32112231089687,258.64224462179374,37.5913462322681,7.867194778961427,27.81589597365854,10.003713444371451
