lat,lon,t_start,t_end,climb_rate_ms,alt_gain_m,duration_s,circle_id,seg_id,avg_speed_kmh,turn_radius_m,circle_diameter_m,bank_angle_deg,bank_std_deg,bank_range_deg,bank_masd_deg
-31.657252083333333,117.22715,811.0,839.0,1.3244047619047803,37.08333333333385,28.0,0,,113.55283071826855,140.56384464025288,281.12768928050576,35.81119707248865,1.8646226729911688,6.0176211272712194,1.5623180358674678
-31.658016666666665,117.22695208333333,839.0,867.0,0.7376584074144228,20.654435407603838,28.0,2,,113.37988528087061,140.34976036388676,280.6995207277735,35.76976886763362,8.968063308394544,28.90802851100386,9.477410343977292
-31.65828125,117.22600208333334,867.0,895.0,0.4285714285714339,12.00000000000015,28.0,4,,112.49995412495419,139.26051841798383,278.52103683596766,35.558316163765475,2.0613425430126613,5.080696079415972,1.5069418451184238
-31.658538888888888,117.22516296296297,895.0,927.0,0.5358944954128195,17.148623853210225,32.0,6,,116.59440179225552,164.94733672960007,329.89467345920013,32.952936181330614,8.897504862406034,32.42060103043662,9.286367882484926
-31.658462962962957,117.22409444444445,927.0,959.0,0.6833333333333206,21.86666666666626,32.0,8,,113.97933998009454,161.2477810505221,322.4955621010442,32.36248361938319,3.4337809694220507,10.433821226731013,3.805072305812474
-31.659011111111113,117.22257962962964,959.0,991.0,0.37499999999999434,11.999999999999819,32.0,10,,117.55539727991521,166.30686723760047,332.61373447520094,33.16796081469186,4.217844537429186,12.37072543233377,3.880308545514704
-31.658904166666666,117.21931666666666,1067.0,1095.0,1.2083333333333444,33.83333333333364,28.0,12,,109.56640131793084,135.6291561841926,271.2583123683852,34.845246445874054,3.7174575639239857,10.398154438325442,3.699453594394118
-31.622227777777773,117.2356851851852,1379.0,1411.0,0.7041666666666514,22.533333333332845,32.0,14,,114.57565238775248,162.0913905376847,324.1827810753694,32.49781126112674,5.521655247498167,14.136191950466692,3.2302526387557244
-31.644896296296295,117.22058518518517,1707.0,1739.0,0.5999999999999894,19.199999999999662,32.0,16,,112.80538232181138,159.58697070122122,319.17394140244244,32.09487703649485,3.3533014656329425,10.184169120532587,3.447904752733713
-31.645031250000002,117.21950833333332,1739.0,1767.0,1.4166666666666763,39.666666666666934,28.0,18,,114.53167506292726,141.7755284311305,283.551056862261,36.04486117163164,4.312827500728116,12.68118720142288,2.718833764145046
-31.644895238095238,117.21813333333333,1767.0,1791.0,1.8839285714286003,45.214285714286405,24.0,20,,113.84010255982534,120.78810029656356,241.5762005931271,40.16111126263663,2.186375268764535,4.875790287023463,2.0221350036618175
-31.644861904761903,117.21706904761905,1791.0,1815.0,1.4375000000000167,34.5000000000004,24.0,22,,114.9367829167206,121.95171429517464,243.90342859034928,40.43207581312855,0.8275056241325252,1.908158368651904,0.9591866037092472
-31.644900000000003,117.21600714285714,1815.0,1839.0,1.2589285714285785,30.214285714285886,24.0,24,,117.4935731209667,124.664552958206,249.329105916412,41.05541225697374,1.8937871815905238,5.186764619968173,2.0218492238765235
-31.644935714285715,117.21493809523811,1839.0,1863.0,0.8303571428571365,19.928571428571274,24.0,26,,119.7024445452467,127.00823833039665,254.0164766607933,41.58458662996443,2.5622647301588453,5.72792329302559,1.2101349101326178
-31.64487916666667,117.21400625,1863.0,1891.0,0.8958333333333511,25.083333333333833,28.0,28,,123.70155951554364,153.1266696172504,306.2533392345008,38.167536412672305,2.1664511134228785,5.740962444433819,2.7012475022239726
-31.645059259259256,117.21301666666666,1891.0,1923.0,0.7791666666666471,24.93333333333271,32.0,30,,120.41630895741078,170.35422932846933,340.70845865693866,33.801888357866545,2.2926699605803056,5.358698663868196,2.158951630788323
-31.656231249999998,117.26995,2291.0,2319.0,0.8958333333333417,25.083333333333567,28.0,32,,108.3595881543514,134.13527622574344,268.2705524514869,34.54825731893628,2.3749604365067283,6.574747124513703,1.8928875382153472
-31.669079166666666,117.23646875,3012.0,3040.0,1.9791666666666867,55.416666666667226,28.0,34,,112.73027873760883,139.54563075613714,279.0912615122743,35.61377278224251,6.547964047462414,14.910710464509418,2.8751859087098808
-31.6694375,117.23525833333333,3040.0,3068.0,2.5892857142857104,72.49999999999989,28.0,36,,111.20417119855433,137.65650530090124,275.3130106018025,35.24488900191099,4.049814272039939,9.494053251066855,2.784788992565773
-31.669789583333333,117.23418541666666,3068.0,3096.0,1.7797619047619229,49.83333333333384,28.0,38,,111.20195482214599,137.65376171109236,275.3075234221847,35.24435081012322,3.8547868010164743,11.170065427137011,3.5581478682001646
-31.670264285714286,117.23332142857144,3096.0,3120.0,2.7142857142857366,65.14285714285768,24.0,40,,114.71449982170533,121.71586460625834,243.43172921251667,40.37733025259568,4.764575473060848,12.305774914803074,3.5104521959960935
-31.670261904761905,117.23264761904761,3120.0,3144.0,1.3928571428571512,33.42857142857163,24.0,42,,114.06534624469131,121.02709126887457,242.05418253774914,40.216941261026136,2.8527340161362993,8.087853799076186,2.943181497075403
-31.670638888888888,117.23222037037037,3144.0,3176.0,1.6874999999999867,53.999999999999574,32.0,44,,114.61268852015576,162.14378594697348,324.28757189394696,32.50620287784634,2.317749480978709,7.7879645266825115,2.533054357874438
-31.671648148148147,117.23118333333335,3176.0,3208.0,1.2124999999999821,38.79999999999943,32.0,46,,116.59032710238073,164.94157222262103,329.88314444524207,32.95202222427594,4.830371684715566,15.85509624922313,4.995049773320902
-31.67198125,117.23099583333334,3208.0,3236.0,1.190476190476218,33.3333333333341,28.0,48,,112.5657236230173,139.34193262359486,278.6838652471897,35.57415971084795,6.184728651328034,18.503150580045396,6.013772244624061
-31.638172916666665,117.23714791666667,3868.0,3896.0,1.4791666666666998,41.416666666667595,28.0,50,,110.8154365160965,137.1753016077335,274.350603215467,35.15038516952807,2.9237420030813936,8.24706278435621,2.4123571118865037
-31.638042592592594,117.23666296296298,3896.0,3928.0,0.9166666666666511,29.333333333332835,32.0,52,,110.84896082039792,156.81920045481039,313.63840090962077,31.645400884635453,2.3003109618932984,6.457431208025103,3.299427671257019
-31.638429629629627,117.23535740740742,3928.0,3960.0,1.2041666666666544,38.53333333333294,32.0,54,,110.11654984667094,155.78305088286908,311.56610176573815,31.476005271357614,3.098571174772742,7.776518546968681,2.857237845036496
-31.63949375,117.23351041666666,3996.0,4024.0,2.116071428571437,59.25000000000023,28.0,56,,113.2994369653824,140.25017566442727,280.50035132885455,35.75048315876072,6.449346838114624,15.747631631776628,3.445178262309879
-31.63991904761905,117.23280000000001,4024.0,4048.0,1.9017857142857058,45.64285714285694,24.0,58,,111.28513089068791,118.0771911592104,236.1543823184208,39.52135616714869,2.24513215457145,5.4487734982208735,1.0906104875527618
-31.64000625,117.23207916666667,4048.0,4076.0,1.0476190476190639,29.33333333333379,28.0,60,,112.6326699296098,139.4248035672744,278.8496071345488,35.59028031150397,2.9822157607531175,9.243304005717235,2.999945514063358
-31.640227083333336,117.23137083333333,4076.0,4104.0,1.0654761904762284,29.833333333334394,28.0,62,,111.57589395438099,138.11665041017554,276.2333008203511,35.335051572163955,2.0386224304787155,5.266362194878091,2.169160710623712
-31.640992592592593,117.23038518518518,4104.0,4136.0,0.6500000000000025,20.80000000000008,32.0,64,,117.51092102453812,166.2439462074362,332.4878924148724,33.15803234414546,4.554835543040749,16.031182736266555,5.411596452451422
-31.641492592592595,117.23008333333331,4136.0,4168.0,0.3958333333333172,12.666666666666151,32.0,66,,113.83541381947839,161.0441671847239,322.0883343694478,32.32976003706641,2.161234915354916,6.48585301260151,2.498448156165267
-31.620930952380952,117.25950952380951,4464.0,4488.0,0.7678571428571414,18.42857142857139,24.0,68,,114.26092419549381,121.23460591974124,242.46921183948248,40.265343660758454,4.677401388962298,11.635494720579956,2.936488373230117
-31.571269047619047,117.27921190476191,4916.0,4940.0,0.8303571428571602,19.928571428571846,24.0,70,,114.25858381969614,121.2321227038953,242.4642454077906,40.264764864423434,4.802869003845983,13.659810609393055,4.961764746100409
-31.571716666666667,117.27857619047619,4940.0,4964.0,1.5446428571428654,37.07142857142877,24.0,72,,114.67982521535893,121.6790737062597,243.3581474125194,40.36878229699756,4.948339195290786,12.036585441781945,3.688025712861827
-31.572102083333334,117.27793958333334,4964.0,4992.0,1.5357142857143,43.0000000000004,28.0,74,,111.09634669547475,137.52303239138922,275.04606478277844,35.218698226697825,5.737069115883329,16.534539312805574,4.432485806861098
-31.572670370370375,117.27770000000002,4992.0,5024.0,0.7749999999999873,24.799999999999592,32.0,76,,114.63581140165954,162.17649813266107,324.35299626532213,32.51144124741176,2.8629437447785913,9.290652299039714,3.5521616319482194
-31.59430238095238,117.20370714285716,6031.0,6055.0,2.7321428571428483,65.57142857142836,24.0,78,,112.10578202929985,118.94792906097095,237.8958581219419,39.72814475301427,2.3905551336772746,6.704251586235635,2.5723952562898686
-31.594654761904764,117.20305714285713,6055.0,6079.0,2.7410714285714253,65.7857142857142,24.0,80,,112.35059743694323,119.20768627611429,238.41537255222858,39.78959456118356,1.5199449221367045,3.8441540762380626,1.3357469513938525
-31.595223809523812,117.20233095238096,6079.0,6104.0,2.343257443082303,58.58143607705758,25.0,82,,105.1351727070782,116.19987798021955,232.3997559604391,36.80375233510445,5.456659883472164,15.409768402829801,6.0918004727277175
-31.596027083333333,117.20187708333333,6104.0,6131.0,2.7513083930994204,74.28532661368435,27.0,84,,112.13406546613776,133.85018105944516,267.7003621188903,36.460474263564606,7.189262766061149,22.730575131513937,5.132064600784539
-31.5966625,117.20189583333334,6131.0,6159.0,1.9404761904761938,54.33333333333343,28.0,86,,112.66221439671513,139.4613758293475,278.922751658695,35.59739252432379,1.7784277181842512,5.2852177945026,2.543969656291433
-31.597754166666668,117.20144375000001,6159.0,6187.0,1.7470238095238244,48.91666666666708,28.0,88,,113.17317049697475,140.0938739664752,280.1877479329504,35.72019470101298,3.014119061379571,8.964898276530235,3.1181058443711023
-31.547974074074073,117.24443703703703,6471.0,6503.0,1.6166666666666587,51.73333333333308,32.0,90,,110.0462036455087,155.683531366045,311.36706273209,31.459702866459953,2.604937955257604,8.000294683717648,2.7649038946506588
-31.548702083333332,117.24360625,6503.0,6531.0,2.345238095238116,65.66666666666725,28.0,92,,113.8209631490758,140.8957582095457,281.7915164190914,35.87534147785296,1.2458403640502977,3.3901783193531685,1.1881002310533901
-31.549145833333334,117.24289166666668,6531.0,6559.0,1.7500000000000073,49.000000000000206,28.0,94,,114.11891769823322,141.26458773755218,282.52917547510435,35.946498484319996,2.04316246002338,5.358869330231123,3.111195346763251
-31.54994166666667,117.24210000000001,6559.0,6587.0,1.7053571428571581,47.750000000000426,28.0,96,,115.03975161446532,142.4044620561578,284.8089241123156,36.165602431051965,3.3456196823348368,9.891191259895002,3.0694842217426603
-31.55091875,117.24135625,6587.0,6615.0,1.654761904761914,46.33333333333359,28.0,98,,116.67278022612584,144.42594208981765,288.8518841796353,36.551173417181786,2.9198007977064346,7.9606483203202245,3.1169643190870686
-31.55142407407407,117.23975925925924,6615.0,6647.0,0.970833333333324,31.066666666666368,32.0,100,,117.48187467274393,166.2028540255088,332.4057080510176,33.151547089735175,7.0499463261407405,22.153849256560665,5.860724295228485
-31.51554791666667,117.33109791666666,7628.0,7656.0,1.4166666666666763,39.666666666666934,28.0,102,,100.44693527526681,124.3404265249252,248.6808530498504,32.547826985741516,3.2705707170791243,10.177408835146448,3.4727898582397283
-31.516441666666665,117.32983541666667,7656.0,7684.0,1.0654761904761998,29.833333333333595,28.0,104,,100.57089824553441,124.49387678753531,248.98775357507063,32.57988272790526,4.190534442866524,12.232866593150092,4.11725191810138
-31.51775,117.32905833333334,7684.0,7712.0,0.4077380952381055,11.416666666666954,28.0,106,,101.34653568022173,125.4540164791389,250.9080329582778,32.77993595468331,5.5676740484611535,15.139928693353923,4.698688761449596
-31.518431481481482,117.32771296296298,7712.0,7744.0,0.3458333333333201,11.066666666666244,32.0,108,,102.93809302406319,145.6276118865156,291.2552237730312,29.78311774759573,3.2753423099138357,8.172817418172905,2.7969780104748176
-31.533190476190477,117.30690952380952,7856.0,7880.0,2.4732142857142976,59.357142857143145,24.0,110,,93.60986012286828,99.3231464046359,198.6462928092718,34.758129531178525,3.486695490469351,9.002082373210246,3.055789290234126
-31.533272916666668,117.30642083333333,7880.0,7908.0,1.61607142857145,45.2500000000006,28.0,112,,94.56905740849095,117.06436738968657,234.12873477937313,31.001493855205723,2.833648745660689,8.117258668724162,3.8354395963203487
-31.53359375,117.30622916666667,7908.0,7936.0,1.7767857142857206,49.75000000000018,28.0,114,,93.57552081164455,115.83449647444701,231.66899294889402,30.735002338063076,4.163105957275167,12.934747846370843,4.3868570513893514
-31.533727083333332,117.3063375,7936.0,7964.0,1.6636904761904916,46.58333333333376,28.0,116,,96.03620924665093,118.88051324653841,237.76102649307683,31.392312359517067,1.6634849721424727,4.903942220867979,1.5434297111147839
-31.53487962962963,117.30479259259258,8000.0,8032.0,1.658333333333328,53.0666666666665,32.0,118,,97.2697481499622,137.60854427884644,275.2170885576929,28.40449453983624,2.2805938388949887,7.914247018545357,1.8682757675103214
-31.53555370370371,117.3043574074074,8032.0,8064.0,1.1166666666666556,35.73333333333298,32.0,120,,96.80651184292068,136.95319896253275,273.9063979250655,28.2901980586234,4.635190373291043,14.422453868676747,2.969318167958479
-31.535601851851847,117.30167037037037,8100.0,8132.0,1.145833333333322,36.6666666666663,32.0,122,,99.12942630029528,140.23945068049537,280.47890136099073,28.860863769570663,6.292899665153582,16.642873299109656,5.214919457691674
-31.536010416666667,117.30152916666667,8132.0,8160.0,1.6101190476190357,45.083333333333,28.0,124,,101.08849853423554,125.13459957803315,250.2691991560663,32.71348221080323,2.2834247812895234,6.439999769959449,1.6190095918193848
-31.536081481481485,117.30093703703703,8160.0,8192.0,1.1041666666666523,35.333333333332874,32.0,126,,101.55480724972598,143.67066283145368,287.34132566290737,29.45008910391219,4.626037615310567,14.351908146733933,4.621442844018524
-31.498574074074075,117.26922407407407,8424.0,8456.0,1.2958333333333372,41.46666666666679,32.0,128,,100.93063710652308,142.78764271037707,285.57528542075414,29.299098498347558,2.402990190712797,8.381149805889716,3.0379941299866995
-31.499566666666663,117.26751851851853,8456.0,8488.0,1.816666666666663,58.13333333333322,32.0,130,,101.94945317001971,144.2289726002163,288.4579452004326,29.545325214861716,3.8710969142871003,12.08771324807564,4.168563214797244
