lat,lon,t_start,t_end,climb_rate_ms,alt_gain_m,duration_s,circle_id,seg_id,avg_speed_kmh,turn_radius_m,circle_diameter_m,bank_angle_deg,bank_std_deg,bank_range_deg,bank_masd_deg
-32.130985555555554,116.95912666666666,553.0,582.0,0.92191323692993,26.73548387096797,29.0,0,,103.22341893874292,132.34083434484683,264.68166868969365,32.34483487937838,19.455023175264422,94.47565086764413,20.86896467719138
-32.128469230769234,116.96677179487179,805.0,830.0,2.1470085470085687,53.675213675214216,25.0,2,,137.21554089571512,151.65646946236927,303.31293892473855,44.318763055140096,21.45028036526411,78.28755489273414,25.842897212709556
-32.12701,116.96963444444444,901.0,930.0,3.2625139043381366,94.61290322580597,29.0,4,,120.59869783301444,154.6173577295924,309.2347154591848,36.4964741781919,25.39482215263929,114.30077795218769,30.5726048325318
-32.12656182795699,116.96975860215055,930.0,960.0,3.687903225806457,110.63709677419371,30.0,6,,105.21875206468292,139.5507041421238,279.1014082842476,31.963906218903833,21.773111726419618,111.26123650154466,22.08248772208702
-32.12624687500001,116.97025885416667,960.0,991.0,3.2591642228739337,101.03409090909194,31.0,8,,101.46462568281773,139.05736069946357,278.11472139892714,30.213076944396285,19.956169651335095,81.89946514619298,25.01004479202214
-32.12566774193549,116.97153440860214,1024.0,1054.0,3.281854838709673,98.45564516129019,30.0,10,,100.03096270627589,132.6701848078737,265.3403696157474,30.677599652647668,14.175734681661835,75.43687270035552,15.589813044549357
-32.125309375,116.97182395833335,1054.0,1085.0,3.346590909090967,103.74431818181998,31.0,12,,100.53653114920633,137.78540630693428,275.57081261386855,29.98464616949854,15.235274238565683,73.93764995372447,20.45034001223603
-32.31482643678161,117.01711896551724,1833.0,1861.0,1.7113300492611194,47.91724137931134,28.0,14,,119.70347618597411,148.17755509107255,296.3551101821451,37.256667641239545,21.840191508660208,96.58541234362514,21.84518489410237
-32.31433395061728,117.01680679012344,1861.0,1887.0,4.077533577533602,106.01587301587365,26.0,16,,143.07788819783838,164.46121722214548,328.92243444429096,44.393671548740514,24.77574816410734,78.62700661642174,32.774580352588835
-32.31403580246914,117.01701481481483,1887.0,1913.0,3.976190476190526,103.38095238095367,26.0,18,,131.4613360624926,151.10854387640944,302.2170877528189,41.97347261814592,29.627614971660815,129.66698177182366,37.08670461714069
-32.441911904761895,117.06600476190476,2343.0,2370.0,3.9105420840745175,105.58463627001197,27.0,20,,117.75276696284958,140.55701193664152,281.11402387328303,37.808523302066966,20.4988528774133,105.48030683084554,20.92428918780121
-32.51388525641026,117.09655000000001,2893.0,2918.0,3.5189743589743703,87.97435897435926,25.0,22,,137.16289952896102,151.598287978133,303.196575956266,44.30777362893687,18.655851738664367,70.67305233311804,23.847115333457964
-32.513919135802475,117.09596728395061,2918.0,2944.0,4.244200244200273,110.3492063492071,26.0,24,,138.14750667021323,158.79397850611403,317.58795701222806,43.38987475714414,26.324136464799377,127.66676511414693,29.39688108848034
-32.51400925925926,117.09564074074075,2944.0,2970.0,2.664224664224673,69.26984126984149,26.0,26,,127.62268836200164,146.69620119186547,293.39240238373094,41.13067591706251,19.593907457460713,68.47533548345923,25.744108785092443
-32.513457738095234,117.0952380952381,2970.0,2997.0,3.7889983579638566,102.30295566502413,27.0,28,,124.8567097831358,149.03671905132202,298.07343810264405,39.445101155964224,21.505258978664237,95.53388981577073,27.80403705856347
-32.51302469135803,117.09419444444444,2997.0,3023.0,3.165445665445685,82.3015873015878,26.0,30,,124.75464094988618,143.39951730598702,286.79903461197404,40.48650244045201,19.558790641549333,84.23842769558364,22.07850797639698
-32.40846217948718,117.05908205128206,3395.0,3420.0,2.211623931623955,55.29059829059888,25.0,32,,107.18927461617173,118.47015903887744,236.94031807775488,37.33696068788138,23.478652478014496,101.49381572084758,25.088110710726465
-32.408468518518525,117.05959012345677,3420.0,3446.0,1.9670329670329711,51.14285714285725,26.0,34,,102.30388698234073,117.59344502211317,235.18689004422635,34.99382426755038,14.496061635729625,85.54187157271826,17.159896241155945
-32.40850229885058,117.05974137931037,3446.0,3474.0,1.5566502463054337,43.58620689655214,28.0,36,,98.36833084708832,121.76738076232391,243.53476152464782,32.00690195758677,17.92708194639431,70.46515769331346,24.718431846026814
-32.408360256410255,117.06008589743591,3474.0,3499.0,1.8300854700854894,45.75213675213723,25.0,38,,107.91441830405428,119.27161877761628,238.54323755523257,37.523408978776956,17.507597062090724,79.1557836323523,19.8499882357206
-32.4082275862069,117.06014712643676,3499.0,3527.0,1.5842364532019333,44.35862068965413,28.0,40,,105.6825498865819,130.8214461011526,261.6428922023052,33.88182432365397,21.419491351576628,96.03409237015092,28.94413496575153
-32.306018666666674,117.035988,3919.0,3943.0,3.0038461538461756,72.09230769230821,24.0,42,,146.94407745160404,155.9125085633407,311.8250171266814,47.44753480766947,18.35499530734299,65.39543705940783,26.242743660405242
-32.30618397435897,117.03564487179489,3943.0,3968.0,3.292307692307715,82.30769230769288,25.0,44,,135.3813655252885,149.62926059639145,299.2585211927829,43.93342336776551,25.872470179244452,93.70575756273273,35.885963221761166
-32.306127976190474,117.03554523809524,3968.0,3995.0,2.1371100164203525,57.701970443349516,27.0,46,,105.06217222355149,125.40873031012683,250.81746062025366,34.694648156928814,18.625211006137754,107.7835420680195,17.85874368051479
-32.13836666666666,116.96624487179487,4568.0,4593.0,2.685470085470081,67.13675213675202,25.0,48,,114.92353612134596,127.01839480077912,254.03678960155824,39.27825429976444,27.701970454052514,106.01949870127464,34.999311754235514
-32.137770512820516,116.96685192307692,4593.0,4618.0,1.875213675213665,46.880341880341625,25.0,50,,111.09328846739838,122.78504169389097,245.57008338778195,38.329855658879666,16.459674551636738,59.65982784438145,22.837051230586344
-32.13718160919541,116.96752528735634,4618.0,4646.0,2.3817733990147736,66.68965517241367,28.0,52,,96.73231144518174,119.74219851381974,239.4843970276395,31.576610541761823,21.483382880271716,85.53505543743798,27.180929775147565
-32.13673602150537,116.96781129032259,4646.0,4676.0,1.4076612903225896,42.229838709677686,30.0,54,,92.37118489125173,122.51108895581761,245.02217791163523,28.714016373423803,16.118449892802495,58.58451311829306,18.096916831463822
-31.82228263888889,116.89767013888888,5871.0,5894.0,2.470000000000002,56.810000000000045,23.0,56,,113.22362852685214,115.12841765598004,230.2568353119601,41.21270274501042,33.230677369768266,133.24640103742684,37.6064968800763
-31.822352898550722,116.897918115942,5894.0,5916.0,3.532608695652131,77.71739130434689,22.0,58,,121.69371606895974,118.36095611753451,236.72191223506903,44.54182111948302,20.323095790933568,101.36125046965165,23.024009902121026
-31.822541333333334,116.89736933333333,5916.0,5940.0,3.7684615384615294,90.4430769230767,24.0,60,,138.27527596654505,146.71462451647736,293.4292490329547,45.70849231592228,19.578583306103678,70.5844567639001,25.443799937282964
-31.82247037037037,116.89688148148149,5940.0,5966.0,3.789377289377327,98.5238095238105,26.0,62,,124.01559054020117,142.5500140634087,285.1000281268174,40.318474260993526,26.52572392339182,129.26221858841984,32.44425711143511
-32.05329,116.9695411111111,7937.0,7966.0,2.6004449388209054,75.41290322580626,29.0,64,,95.63680173140034,122.61417288180695,245.2283457636139,30.40126091930359,22.86239944773428,97.53919866129024,29.314862602543126
-32.05293866666666,116.96892466666668,7966.0,7990.0,3.0615384615384884,73.47692307692373,24.0,66,,110.56286081223105,117.31083880431852,234.62167760863704,39.33833303347704,22.050196094612314,92.23556996208552,25.657637528503937
-32.05277266666667,116.96868933333333,7990.0,8014.0,2.804615384615395,67.31076923076948,24.0,68,,115.21696966385498,122.24900166714315,244.4980033342863,40.500955551811764,16.13363039518559,58.706952025264535,21.84228263249157
-32.052365384615385,116.96841666666667,8014.0,8039.0,3.472820512820528,86.8205128205132,25.0,70,,109.51066317791044,121.0358567085837,242.0717134171674,37.930571121684686,23.36544671454662,106.19684641536534,32.29122173596818
-32.051719135802465,116.96801913580246,8039.0,8065.0,2.675824175824189,69.57142857142891,26.0,72,,115.77402589269178,133.0767280734015,266.153456146803,38.38699145773138,18.96168062066376,98.5301359989498,21.010157113446866
-32.05126014492754,116.9677811594203,8065.0,8087.0,3.4150197628458163,75.13043478260796,22.0,74,,122.8591656972132,119.49448820746376,238.98897641492752,44.814855679583424,22.26338389089911,86.92457151124277,32.95314344852622
-32.050694666666665,116.96761599999999,8087.0,8111.0,2.5707692307692405,61.69846153846177,24.0,76,,110.30501115821285,117.03725182424165,234.0745036484833,39.27276080966004,21.01337492362032,103.31418397958564,23.889369628300607
-32.05057654320987,116.96713086419753,8111.0,8139.0,2.799909490561125,78.3974657357115,28.0,78,,128.19315889840934,158.68669373858495,317.3733874771699,39.164372110027536,20.179854757782604,66.46838244565788,27.71315796231053
-32.05003269230769,116.96712948717949,8139.0,8164.0,3.6844444444444697,92.11111111111174,25.0,80,,118.37200209980186,130.82978651296997,261.65957302593995,40.11072073396135,26.401800633164708,120.56628883885953,32.03855127828678
-32.04971041666667,116.96688819444444,8164.0,8187.0,2.742608695652173,63.07999999999998,23.0,82,,137.93660405685557,140.25714569056595,280.5142913811319,46.85625526469839,23.84059269600049,81.41344355123626,28.534855805107043
-32.04944122807018,116.96630087719299,8187.0,8205.0,3.063157894736828,55.13684210526291,18.0,84,,151.84985719165414,120.83827689925073,241.67655379850146,56.32570020171907,29.1809840773184,109.37858882131718,34.64422250263004
-32.04945128205128,116.96588653846155,8205.0,8230.0,3.4888888888889444,87.2222222222236,25.0,86,,128.96708815141244,142.53992760739925,285.0798552147985,42.545659647880804,24.34671385256799,118.05870709159665,23.648942338874203
-32.049115432098766,116.96549197530864,8230.0,8256.0,1.9609279609279509,50.984126984126725,26.0,88,,108.95717913051242,125.24108742867332,250.48217485734665,36.707261091847364,21.73055251335419,84.79288834652488,26.313557471386304
-32.1413875,117.00011597222222,8810.0,8834.0,3.2432298136645463,77.83751552794911,24.0,90,,106.86664762853773,113.38903481161039,226.77806962322077,38.38655201317746,25.768340599398964,94.62035444329365,31.282148068520964
-32.14079166666667,117.00045208333333,8867.0,8898.0,2.005131964809447,62.15909090909285,31.0,92,,105.85370757950291,145.07260138398317,290.14520276796634,31.279058762333726,21.041334886825872,84.5915496882368,25.37145387369737
-32.13990052083333,117.0003109375,8934.0,8965.0,2.174670087976588,67.41477272727423,31.0,94,,104.40576219688631,143.08819093562593,286.17638187125186,30.930002259164056,17.870887814014996,99.15041784481272,21.557665300596913
