lat,lon,t_start,t_end,climb_rate_ms,alt_gain_m,duration_s,circle_id,seg_id,avg_speed_kmh,turn_radius_m,circle_diameter_m,bank_angle_deg,bank_std_deg,bank_range_deg,bank_masd_deg
-32.11572916666667,116.94473958333333,536.0,566.0,2.846049259424116,85.38147778272348,30.0,0,,111.82451764461956,148.31187285006726,296.6237457001345,33.551099213800136,17.112349184396894,99.31135044737526,20.487917230445706
-32.118818686868686,116.94242575757575,599.0,631.0,4.906082887700507,156.99465240641624,32.0,2,,135.705476780611,191.98397719357038,383.96795438714076,37.03433219629975,24.02043385373622,116.61701154349271,25.842329619547467
-32.11981481481481,116.94247777777777,631.0,657.0,1.4963369963370143,38.904761904762374,26.0,4,,124.94688615780822,143.62049401523413,287.24098803046826,40.530073368172516,21.610327617501948,75.69858468403213,30.152548047032816
-32.120770689655174,116.94185689655173,657.0,685.0,3.203448275862036,89.69655172413701,28.0,6,,121.10688675278142,149.91479742692087,299.82959485384174,37.57895442704925,16.62766102840652,96.32744329281758,16.20480811252745
-32.12143273809524,116.94166011904761,685.0,712.0,1.200875752599911,32.42364532019759,27.0,8,,121.20294937821332,144.6753638314456,289.3507276628912,38.61269584970885,18.875618047763748,89.15659699346413,19.217250380371283
-32.12220432098766,116.94117345679014,712.0,738.0,1.5244200244200778,39.634920634922025,26.0,10,,128.18976462436535,147.34802834378124,294.6960566875625,41.25656786630669,17.394853129628366,86.36781918435646,19.965067459328672
-32.122728395061735,116.94012901234568,738.0,764.0,1.0592185592185828,27.539682539683152,26.0,12,,115.38841995863703,132.63349241985986,265.2669848397197,38.293986133071314,21.28695340259531,114.33430659748237,20.47372819427477
-32.12392678571428,116.93976964285716,764.0,791.0,1.2654625068418326,34.16748768472948,27.0,14,,125.02319053413463,149.23544080970538,298.47088161941076,39.482563504981144,16.630127913497375,91.73375073275103,17.6111977253375
-32.12435535714285,116.9388488095238,791.0,818.0,0.7402846195949405,19.987684729063393,27.0,16,,124.04360965433483,148.06615226586703,296.13230453173406,39.26155283875734,17.675018027288857,63.44738164100834,19.030204524044493
-32.1247994047619,116.93702559523811,818.0,843.0,1.068165710972225,26.704142774305623,25.0,18,,138.07250430601016,152.60362198179527,305.20724396359054,44.497085291570244,29.25366454216569,122.30779327497035,28.041686664843613
-32.12732345679013,116.93404320987653,880.0,906.0,0.4560439560439588,11.857142857142929,26.0,20,,122.98175596302933,141.3616704618249,282.7233409236498,40.08201385763354,17.45714826294712,70.02406784817866,19.520097282370813
-32.128446236559135,116.9320510752688,906.0,936.0,0.10604838709678335,3.1814516129035004,30.0,22,,125.94632780172074,167.04150528263384,334.08301056526767,36.756695918478876,30.5390513551154,123.46899893608337,34.37650180672783
-32.129625806451614,116.92995322580646,936.0,966.0,-0.26653225806453146,-7.995967741935944,30.0,24,,118.74413487486926,157.48930023755136,314.9786004751027,35.15340860760792,29.172765329134588,116.80398194214578,37.670902611665845
-32.13099691358024,116.92795617283949,966.0,992.0,0.8772893772893907,22.80952380952416,26.0,26,,123.76534022674772,142.2623632483235,284.524726496647,40.26138781401408,18.895806034746577,89.91577705534387,17.621066661751183
-32.13180289855073,116.92749782608698,992.0,1014.0,0.9140316205533664,20.10869565217406,22.0,28,,129.34738675848072,125.80501986941395,251.6100397388279,46.288725880755905,16.301033188124286,62.30334842024747,18.471790420748963
-32.132826666666666,116.92766266666666,1014.0,1038.0,2.5161538461538577,60.38769230769259,24.0,30,,117.9888405864168,125.19004806006585,250.3800961201317,41.174810715927705,20.61644280815614,94.44954930762296,21.530612135865564
-32.1341987654321,116.92829814814819,1038.0,1064.0,2.3730158730159157,61.698412698413804,26.0,32,,114.15596663089832,131.21684602535115,262.4336920507023,37.995122524085616,21.850534418681427,102.46883009109445,20.14260639606661
-32.13605533333333,116.92780666666665,1064.0,1088.0,2.87153846153846,68.91692307692304,24.0,34,,128.91112652892085,136.77895337748345,273.5579067549669,43.70012835119518,20.66839123922321,100.22641601367356,20.23093876462594
-32.136644444444435,116.92714444444444,1088.0,1108.0,3.7415584415584355,74.83116883116871,20.0,36,,128.81871134002498,113.90074818051649,227.80149636103297,48.89025345208497,17.396473585549707,74.9662509555116,21.16100537882894
-32.137238095238104,116.92635396825398,1108.0,1128.0,2.1571428571428246,43.14285714285649,20.0,38,,129.33777013356377,114.3596969179999,228.7193938359998,49.004362670078365,12.763643256627928,42.86066480141683,17.266049939267024
-32.13757898550725,116.92610579710143,1128.0,1150.0,3.6442687747035167,80.17391304347737,22.0,40,,140.55078056567896,136.70159239276285,273.4031847855257,48.65887113169924,20.804977300296763,79.95982742377359,24.870369991743328
-32.13813405797102,116.9257239130435,1150.0,1172.0,3.1946640316204666,70.28260869565027,22.0,42,,127.44218290182873,123.95199279984564,247.90398559969128,45.86392628670804,22.187258172667736,114.80625198726744,26.205196618347454
-32.13880333333333,116.92526,1172.0,1196.0,3.422307692307706,82.13538461538494,24.0,44,,129.61822626379364,137.52920949790993,275.05841899581986,43.85669491882068,20.187496436013177,77.47947598199441,26.16433673249502
-32.13953580246913,116.92457160493827,1196.0,1222.0,3.7362637362637505,97.14285714285751,26.0,46,,118.35201004931783,136.03999806374327,272.07999612748654,39.00267391925412,18.02972740164151,58.21702953279788,25.615148243432444
-32.140285632183904,116.92433103448276,1222.0,1250.0,2.2793103448275853,63.82068965517239,28.0,48,,105.39675152960186,130.46766438038992,260.93532876077984,33.81005286796772,16.978930461135604,89.97838479165958,19.74841906500901
-32.04967466666667,116.865522,1917.0,1941.0,2.8484615384615224,68.36307692307653,24.0,50,,123.70484329215945,131.25491529570314,262.5098305914063,42.52177546041539,24.298768313915218,101.81740916199625,31.7151619124676
-32.049146666666665,116.86481599999999,1941.0,1965.0,3.215384615384638,77.16923076923132,24.0,52,,116.33627826494478,123.4366249785346,246.8732499570692,40.774714911952344,15.387489827683103,55.48040950147529,12.049391589855375
-32.04839814814815,116.86372037037036,1965.0,1991.0,0.6208791208791149,16.142857142856986,26.0,54,,130.10970339663862,149.55490650963344,299.1098130192669,41.67921809466434,29.913063265418756,126.50773547488227,36.68253288621477
-32.04851034482759,116.86257126436782,1991.0,2019.0,4.583743842364486,128.3448275862056,28.0,56,,125.47600098069849,155.32320063152412,310.64640126304823,38.56466317271548,19.82079595048303,103.02709083077465,23.40039974833651
-32.048522727272726,116.86144015151517,2019.0,2040.0,1.5522303783172688,32.596837944662646,21.0,58,,135.80000117511406,126.07724184361014,252.15448368722028,49.00338974468089,11.98616213089204,42.037960798094325,13.155625027522433
-32.04876543209876,116.86054320987654,2040.0,2066.0,4.1184371184371145,107.07936507936498,26.0,60,,108.62210008902402,124.85593003137784,249.71186006275568,36.622732098923656,18.01975687302142,95.61056316255936,19.460951247096588
-32.04915833333333,116.85964102564101,2066.0,2091.0,2.5545299145299536,63.86324786324884,25.0,62,,100.81376164038026,111.42367011635153,222.84734023270306,35.65733161440091,11.310191707325286,56.492395900339794,11.010375162138319
-32.04935227272727,116.85831212121212,2091.0,2112.0,1.8221343873517089,38.26482213438589,21.0,64,,123.70697083774107,114.8500261052167,229.7000522104334,46.34407070942386,28.569733764531932,127.75789944982509,33.980700510280954
-32.04951984126984,116.85753253968254,2112.0,2132.0,2.428571428571452,48.57142857142904,20.0,66,,146.5918446188106,129.61564826690423,259.23129653380846,52.517115916827436,15.416048064762181,60.623098854240666,19.956860155089828
-32.04962575757576,116.85679166666665,2132.0,2153.0,2.604178430265279,54.68774703557086,21.0,68,,142.37075744023264,132.17755715704317,264.35511431408634,50.338960245677576,16.42465728159574,60.97124093178062,21.025070256036223
-32.04966458333333,116.85557847222223,2153.0,2176.0,1.3726086956521328,31.569999999999055,23.0,70,,122.77853544910099,124.84406914252284,249.68813828504568,43.52325237484936,22.917108743589846,97.62121543824749,26.684129111738283
-32.04556538461539,116.91962884615386,2350.0,2377.0,2.9022447685479738,78.3606087507953,27.0,72,,155.6818375695107,185.83150499112875,371.6630099822575,45.730971937721115,23.565710778625554,84.63141904836105,31.43314771751878
-32.059540972222216,117.09572291666666,2821.0,2844.0,1.650000000000005,37.95000000000012,23.0,74,,149.08952650403245,151.5976965127719,303.1953930255438,49.07123533486123,18.09536232664447,62.61559848482247,23.565621071262385
-32.05890705128205,117.09491346153847,2844.0,2869.0,1.7097435897435898,42.743589743589745,25.0,76,,127.86126943332201,141.3177295855407,282.6354591710814,42.29995963166013,32.85978439768838,114.68272174746156,41.079930327014885
-32.059219047619045,117.0940380952381,2869.0,2895.0,4.46455336376952,116.07838745800751,26.0,78,,79.37493581370279,91.23770783365849,182.47541566731698,28.508520606733626,31.398030814185134,116.49008909284011,36.046108627118734
-32.05965166666667,117.09246833333331,2895.0,2921.0,3.5373974782715276,91.97233443505972,26.0,80,,83.18857716900747,95.62130691554371,191.24261383108743,29.6504500535886,22.71244873065637,73.96338777639532,26.515682620768626
-32.06030666666667,117.09139333333333,2921.0,2946.0,3.672503675979024,91.8125918994756,25.0,82,,79.40773949145955,87.7648212487451,175.5296424974902,29.471123343966404,30.847680011564094,99.78271640581869,38.818782414739545
-32.06159420289855,117.09140072463768,2946.0,2968.0,4.099802371541379,90.19565217391035,22.0,84,,135.89120855504257,132.1696295594075,264.339259118815,47.699016147563434,21.66521327695601,88.96527390195648,24.390981305263093
-32.06225902777778,117.09046805555556,2968.0,2991.0,3.506521739130425,80.64999999999978,23.0,86,,134.22865220665534,136.48681404855472,272.97362809710944,46.07666179712665,24.662297855650017,82.90122180417795,30.26169554329964
-32.063363333333335,117.08952333333335,2991.0,3015.0,4.83153846153847,115.95692307692327,24.0,88,,142.5072161643983,151.20485252552828,302.40970505105656,46.57140058720137,22.38132810706955,76.55239401597322,28.578675641241666
-32.064072413793106,117.08869942528734,3015.0,3043.0,3.219704433497481,90.15172413792948,28.0,90,,124.53519934718469,154.15860883919237,308.31721767838474,38.35465099159523,28.4374670452357,128.06503853368554,31.961131852993017
-32.0650512345679,117.08790555555555,3043.0,3069.0,2.903540903540947,75.49206349206462,26.0,92,,115.4092323284356,132.65741524758303,265.31483049516606,38.29901202245465,18.635155129336823,95.72421858909304,19.96736226345815
-32.229252631578944,116.95403333333333,3675.0,3694.0,3.0091152815014612,57.17319034852776,19.0,94,,149.12038630567812,125.25880148058648,250.51760296117297,54.391391418644915,16.70858783581291,68.555932176128,22.059813357517307
-32.22933611111111,116.95410555555554,3694.0,3717.0,2.2095652173912983,50.81999999999986,23.0,96,,144.77487746166037,147.21046106154822,294.42092212309643,48.23679722497714,21.904805514078,100.10357069846336,26.851464960798737
-32.22823928571429,116.95333749999999,3717.0,3744.0,1.535577449370567,41.46059113300531,27.0,98,,119.00411812924608,142.0507023642101,284.1014047284202,38.102245008196,15.2807043237641,52.00666875164097,14.45858614194255
-32.22846666666667,116.95341014492752,3744.0,3766.0,2.1067193675889198,46.34782608695623,22.0,100,,151.80171940391762,147.6444078571145,295.288815714229,50.83417749909502,16.05056443634452,55.10302500126262,23.09526624128021
-32.055567857142854,116.79555476190477,4543.0,4570.0,3.286261631089248,88.72906403940969,27.0,102,,112.6273921175226,134.43904637289668,268.87809274579337,36.58076368813981,20.134371060888107,81.36865964777122,22.875150085969388
-32.05602098765432,116.79572592592592,4570.0,4596.0,3.3241758241758665,86.42857142857252,26.0,104,,114.72516678199061,131.87111448619274,263.7422289723855,38.13345495797571,18.436925588636583,95.93195905087187,21.73977876827075
-32.05659012345679,116.79542469135801,4596.0,4622.0,2.62759462759462,68.31746031746012,26.0,106,,130.41910198779138,149.91054545251077,299.82109090502155,41.74681399411942,20.16286830475151,107.61912979397503,23.700842410416502
-32.05704027777778,116.79483472222222,4622.0,4645.0,5.407826086956464,124.37999999999867,23.0,108,,134.41083800361665,136.67206480227503,273.34412960455006,46.11549018680976,22.147541582205346,102.98296016448091,24.275276450138282
