lat,lon,t_start,t_end,climb_rate_ms,alt_gain_m,duration_s,circle_id,seg_id,avg_speed_kmh,turn_radius_m,circle_diameter_m,bank_angle_deg,bank_std_deg,bank_range_deg,bank_masd_deg
-32.14401481481482,116.9682462962963,418.0,450.0,0.7333333333333296,23.466666666666548,32.0,0,,103.38017145952031,146.2530249375141,292.5060498750282,29.88908487192839,6.167736977887864,19.225108990827664,6.274059924426708
-32.141820833333334,116.96755416666666,450.0,478.0,1.136904761904772,31.83333333333362,28.0,2,,97.3624388402877,120.52221543377657,241.04443086755313,31.742815463046163,2.8079827898565037,7.366256339680525,2.5158389652583195
-32.136507142857134,116.96428571428571,647.0,671.0,1.741071428571433,41.78571428571439,24.0,4,,91.01867088398281,96.57380923226823,193.14761846453646,34.00857345327931,2.330656157841545,6.290164839801072,3.242495534180776
-32.135525,116.96376944444444,671.0,691.0,2.285714285714275,45.714285714285495,20.0,6,,90.39029233481165,79.92256573670406,159.84513147340812,38.80212325011694,4.696471118208956,11.63612371982633,3.9479739031653693
-32.13476190476191,116.96344523809523,691.0,715.0,2.3839285714285845,57.21428571428603,24.0,8,,89.69692892282492,95.17139745486655,190.3427949097331,33.6210499932399,5.957943378805952,15.79297769877989,4.034951847997256
-32.13405952380952,116.96301666666668,715.0,739.0,2.187500000000005,52.500000000000114,24.0,10,,87.68770508693946,93.03954475313834,186.0790895062767,33.02522190041381,3.897588137016809,10.92692831603011,3.4553297326011547
-32.1330880952381,116.96284523809524,739.0,763.0,2.0089285714285667,48.2142857142856,24.0,12,,91.71995857699362,97.31789858474944,194.6357971694989,34.21276103706288,2.4397770697912433,6.040547446345904,2.862867072695657
-32.13203095238095,116.96303095238095,763.0,787.0,1.616071428571437,38.78571428571449,24.0,14,,93.13676839561084,98.82118049177653,197.64236098355306,34.62227840386053,5.017608569603901,12.306482447847813,3.5949742309087585
-32.13119385964912,116.96263596491231,787.0,806.0,2.0647006255585483,39.22931188561242,19.0,16,,93.5582761567623,78.58749450905593,157.17498901811186,41.220508811734526,6.249037714397674,23.559976325748867,7.151715259585735
-32.13024642857143,116.96251250000002,806.0,833.0,1.3412698412698518,36.214285714286,27.0,18,,94.68060331149283,113.01664523960218,226.03329047920437,31.959483870060122,6.7667099805146815,30.21017544045526,9.401535832968735
-32.12760238095238,116.96258095238097,866.0,890.0,0.6428571428571453,15.428571428571487,24.0,20,,98.38019944163024,104.3846336233465,208.769267246693,36.10318355005517,2.5895605247871982,6.645370204838443,2.458284250393304
-32.126820370370375,116.96160925925925,890.0,922.0,1.4791666666666625,47.3333333333332,32.0,22,,94.20063959093417,133.2666438516913,266.5332877033826,27.642659147372616,4.15549915492111,11.957096910829264,3.360004663827784
-32.126374999999996,116.9608,922.0,950.0,1.800595238095232,50.416666666666494,28.0,24,,94.98180150399412,117.57529165770798,235.15058331541596,31.111766635526372,3.555002874845294,9.87060853141411,2.8770183175668476
-32.12572083333333,116.95965625,950.0,978.0,2.363095238095243,66.1666666666668,28.0,26,,95.91464616533133,118.73003373873122,237.46006747746245,31.360053153623113,4.588555702968742,14.57835605936583,4.063721146442238
-32.125029166666664,116.95895208333333,978.0,1006.0,1.357142857142874,38.000000000000476,28.0,28,,92.96649571170704,115.08060149016406,230.1612029803281,30.570913791966568,3.0884868974413346,9.407457416290402,2.582597426326768
-32.124520833333335,116.95835625,1006.0,1034.0,0.7529761904762067,21.083333333333787,28.0,30,,92.07191998115452,113.9732314385948,227.9464628771896,30.328879725321357,3.1209287796916407,8.151260198337212,2.238350990108407
-32.123775,116.95778333333334,1034.0,1062.0,0.34226190476191815,9.583333333333709,28.0,32,,94.42899372310951,116.89098650620562,233.78197301241124,30.96401496664124,3.7105471355992794,10.41129763804826,2.9719622293884744
-32.12309166666667,116.95679166666667,1062.0,1090.0,0.47916666666668745,13.416666666667249,28.0,34,,95.59157549495382,118.33011367305326,236.66022734610652,31.274212179453578,4.901338132841693,14.631004245366238,4.224263244432367
-32.12347083333333,116.94602916666668,1206.0,1234.0,1.4255952380952441,39.916666666666835,28.0,36,,96.94801643521787,120.00921363370516,240.01842726741032,31.63357268851705,8.526257786909804,23.933249954281337,6.959184553557081
-32.122238095238096,116.94458095238095,1234.0,1258.0,1.491071428571453,35.785714285714874,24.0,38,,95.97788466487818,101.83569847946121,203.67139695892243,35.43143894064131,3.3455870938032977,9.589679090713261,3.3258979558620396
-32.12068571428571,116.94391904761903,1258.0,1282.0,0.6785714285714223,16.285714285714135,24.0,40,,97.39468866934067,103.33897421747852,206.67794843495705,35.82898345054209,3.828102858146983,9.987626807884567,3.7372247723987697
-32.1187625,116.94286875,1282.0,1310.0,0.547619047619048,15.333333333333345,28.0,42,,96.58039230573594,119.55414209831812,239.10828419663625,31.536450769402066,5.57796094731549,17.037093195417587,6.754632117060218
-32.116958333333336,116.94121249999999,1310.0,1338.0,1.4970238095238262,41.91666666666713,28.0,44,,98.79785539873177,122.29907708345023,244.59815416690046,32.11920811701852,4.872791094590064,11.761449467825702,2.819395022513735
-32.11572083333333,116.93977083333333,1338.0,1366.0,0.6071428571428791,17.000000000000615,28.0,46,,97.86474702068962,121.14400855496015,242.2880171099203,31.874880485189873,3.2211358483932564,8.790938171901246,3.124568913635231
-32.08911666666667,116.96238333333335,1610.0,1638.0,1.5773809523809856,44.166666666667595,28.0,48,,93.32886255025907,115.52916517347182,231.05833034694365,30.668612754807132,1.9241194362282028,5.793922402500549,2.0888024501548217
-32.017900000000004,116.99377142857142,1890.0,1914.0,2.6428571428571592,63.42857142857182,24.0,50,,94.14382795597389,99.88970387190808,199.77940774381617,34.91092636050861,3.5215893589819594,9.429039611508184,3.8823636778458805
-32.01650185185185,116.99398518518518,1914.0,1946.0,0.6083333333333488,19.466666666667162,32.0,52,,96.52336768117443,136.5526319140925,273.105263828185,28.22021543895637,5.9055161367785445,17.484108928598214,4.260573534047452
-32.015209523809524,116.99355476190476,1946.0,1970.0,1.276785714285708,30.64285714285699,24.0,54,,95.08626833213727,100.88966416814665,201.7793283362933,35.17922706963048,4.106669978264564,10.491717307953706,3.953575090420645
-31.84821875,117.07709583333335,2546.0,2574.0,1.8125000000000118,50.75000000000033,28.0,56,,92.61120131359046,114.6407925812843,229.2815851625686,30.47493017548534,2.0810164175895562,5.838855886455612,2.184098714170642
-31.84723125,117.07647916666667,2574.0,2602.0,1.741071428571449,48.750000000000576,28.0,58,,90.515694981892,112.04682442929403,224.09364885858807,29.90496661286122,1.7074216460248115,4.266273419042253,1.3733093860388366
-31.846114583333332,117.07589791666668,2602.0,2630.0,1.9017857142857295,53.250000000000426,28.0,60,,92.64397269756034,114.68135935267917,229.36271870535833,30.483791379725073,2.3069977850889654,6.510155531675519,2.114983024886436
-31.84450208333333,117.07501875,2630.0,2658.0,1.6517857142857213,46.2500000000002,28.0,62,,95.21891454993415,117.86880720585302,235.73761441170603,31.17500050206204,4.37215606560649,11.333237621517135,3.718204848800775
-31.843191666666666,117.07441666666666,2658.0,2686.0,1.4702380952381222,41.166666666667425,28.0,64,,88.63554220963779,109.71943637117704,219.43887274235408,29.387962652838052,2.6952699280133547,8.064234656868507,2.2526799884371225
-31.69210238095238,117.15061666666668,3266.0,3290.0,2.9017857142857157,69.64285714285718,24.0,66,,88.84637431368668,94.26893098544024,188.53786197088047,33.369815452832924,2.9642414638579395,8.126543701608504,1.8884719417645415
-31.69076875,117.15045208333333,3290.0,3318.0,2.952380952380957,82.6666666666668,28.0,68,,93.57460427336657,115.83336191757778,231.66672383515555,30.73475581526778,5.071185305829949,14.10146366064383,4.213571674600634
-31.689414285714285,117.15018809523811,3318.0,3342.0,3.133928571428608,75.21428571428659,24.0,70,,94.5377132337606,100.30762913171394,200.61525826342788,35.023274842168085,2.626917773109828,5.810599747026188,1.3793580096075289
-31.688402083333333,117.14970208333332,3342.0,3370.0,2.4970238095238195,69.91666666666694,28.0,72,,92.94523610312996,115.05428482066108,230.10856964132216,30.565175791857325,3.0048057521609013,9.441920460694817,4.190871403646873
-31.687295833333334,117.14901666666667,3370.0,3398.0,2.1696428571428634,60.75000000000018,28.0,74,,98.34645303887487,121.7402988409369,243.4805976818738,32.00117426787252,2.544679388458012,7.343193254510883,2.7267017049701816
-31.68589166666667,117.14829375,3398.0,3426.0,2.622023809523828,73.41666666666718,28.0,76,,97.6880975499223,120.92533916021537,241.85067832043075,31.82847950131127,4.539644567523455,12.348823748554782,3.7370590489536943
-31.684535185185187,117.14832407407408,3426.0,3458.0,1.5708333333333133,50.266666666666026,32.0,78,,97.35823752544412,137.73373113679366,275.46746227358733,28.42629995149903,4.5511347564126945,12.743307351064772,4.402776742743134
-31.681072916666665,117.14825416666667,3494.0,3522.0,2.5922619047619313,72.58333333333408,28.0,80,,97.10352072855174,120.20170801003036,240.40341602006072,31.674594150496755,2.5380141645887555,7.4103197674059125,2.291500202500163
-31.67962083333333,117.1481875,3522.0,3550.0,2.616071428571472,73.25000000000121,28.0,82,,95.22049474049746,117.87076327915771,235.74152655831543,31.1754216281084,2.304205863923634,6.89569896529504,2.6606527002971987
-31.67808888888889,117.14773888888891,3550.0,3582.0,2.4791666666666368,79.33333333333238,32.0,84,,98.05514877022374,138.71965886570925,277.4393177314185,28.597717790260297,3.0026494598443514,8.39367142906302,2.595157541798515
-31.5581125,117.2048875,3946.0,3974.0,2.586309523809537,72.41666666666704,28.0,86,,98.0371933499597,121.35747499945981,242.71494999891962,31.9201323842357,2.531093843585765,7.386641405707344,3.7389143380568712
-31.557557407407405,117.20416851851853,3974.0,4006.0,2.045833333333318,65.46666666666617,32.0,88,,96.6336660396385,136.70867217155453,273.41734434310905,28.247487981568035,3.8817806416160514,12.53348339419641,3.8795012935719
-31.55634166666667,117.20401666666666,4006.0,4034.0,2.330357142857154,65.25000000000031,28.0,90,,98.95490544257945,122.49348490071479,244.98696980142958,32.16020255601227,4.770695675495722,14.681540628035023,4.540449335996612
-31.55528125,117.20309375,4034.0,4062.0,1.7440476190476415,48.83333333333396,28.0,92,,95.62458122578072,118.37097053580908,236.74194107161816,31.282989091738106,1.836981569638164,4.393250217302686,1.8074615532013265
-31.55397962962963,117.20248148148147,4062.0,4094.0,1.504166666666661,48.133333333333155,32.0,94,,102.9329074364409,145.62027578071184,291.2405515614237,29.781873417443865,3.657466848870827,10.143476999785005,4.311613495936748
-31.55253148148148,117.2023611111111,4094.0,4126.0,1.1749999999999883,37.599999999999625,32.0,96,,103.37299236636959,146.24286859829763,292.48573719659527,29.887365824063792,3.839935951935035,12.158576456631337,4.433337766930806
-31.408837499999997,117.29765,4570.0,4598.0,3.3452380952381,93.6666666666668,28.0,98,,101.38151803559076,125.49732014963429,250.99464029926858,32.78893752488958,1.4221241662861135,4.4532176517892985,1.5516908303083146
-31.407646296296296,117.29700370370372,4598.0,4630.0,3.0708333333333226,98.26666666666632,32.0,100,,97.25666422165379,137.59003430671007,275.18006861342013,28.401269656937544,1.9495318922386184,6.8851815966831325,1.9590810230185878
-31.406322222222222,117.29622222222221,4630.0,4662.0,2.7624999999999966,88.39999999999989,32.0,102,,98.06999739050798,138.74066536629886,277.4813307325977,28.601364012196964,2.3726139076330752,6.250842440117811,2.0451613116721186
-31.405587037037037,117.2953037037037,4662.0,4694.0,3.149999999999994,100.79999999999981,32.0,104,,97.1923783701842,137.49908843086777,274.99817686173554,28.385421843472084,4.785260271003751,13.636896456443129,3.908758361033839
-31.404839583333334,117.29472083333334,4694.0,4722.0,2.732142857142884,76.50000000000075,28.0,106,,94.23795586634634,116.65450613448252,233.30901226896503,30.91284870772424,3.001487012412382,9.372611274133128,2.89437001680226
-31.40380925925926,117.2941314814815,4722.0,4754.0,2.133333333333325,68.2666666666664,32.0,108,,95.17247566616935,134.641510653902,269.283021307804,27.88506141113054,2.678325653514039,7.595971189963006,2.1735150417572844
-31.2301,117.35115833333333,5438.0,5466.0,2.4672619047619135,69.08333333333358,28.0,110,,98.36476655951734,121.76296863132539,243.52593726265079,32.00596886294587,8.953435692780934,27.699413776302002,9.079295066898927
-31.22848518518519,117.35075925925928,5466.0,5498.0,1.9874999999999852,63.599999999999525,32.0,112,,96.04235505562467,135.87213825146267,271.74427650292535,28.101116578033885,5.179167028602597,14.21294117400313,3.5312720319419704
-31.22749074074074,117.34997222222222,5498.0,5530.0,1.783333333333313,57.066666666666016,32.0,114,,92.43076127245338,130.7627782245145,261.525556449029,27.198432811405993,4.011952928358007,12.34918463228787,3.9926643965444777
-31.225787037037037,117.3493537037037,5530.0,5562.0,1.908333333333314,61.066666666666045,32.0,116,,99.38774474927716,140.60489652980468,281.20979305960935,28.92394164118197,5.218575189662168,14.647664977199792,4.147285169067724
-31.223475925925925,117.34817592592594,5562.0,5594.0,1.229166666666661,39.33333333333315,32.0,118,,99.65866809220391,140.98817465625598,281.97634931251196,28.990015103311627,4.973076516087872,16.806485667835116,4.383601414848281
-31.19448333333333,117.40825416666667,5985.0,6013.0,2.321428571428586,65.0000000000004,28.0,120,,101.7900372535457,126.00301456096646,252.00602912193293,32.89392182600101,5.806613041568299,16.12192376297464,4.783920145812782
-31.27502222222222,117.49546851851852,6701.0,6733.0,2.8666666666666347,91.73333333333231,32.0,122,,99.73422345536335,141.095063629802,282.190127259604,29.008426696431236,3.111009867838221,8.621958469277942,2.112638376279775
-31.463900000000002,117.661975,7677.0,7705.0,3.1250000000000173,87.50000000000048,28.0,124,,97.51948707089909,120.71662100648709,241.43324201297418,31.784146582935094,2.5268450620977734,6.6255140038487,2.2336667447379757
-31.462335185185186,117.66171481481481,7705.0,7737.0,3.1291666666666553,100.13333333333297,32.0,126,,96.56307677255445,136.6088087867931,273.2176175735862,28.230035576310083,1.7392595054231956,5.742561256565537,1.3621073061738447
-31.460578571428567,117.66158333333331,7737.0,7761.0,2.8571428571428683,68.57142857142884,24.0,128,,101.45267815362436,107.64463478706973,215.28926957413947,36.945877870518736,3.211237110442709,9.543589326172285,3.081220257336347
-31.459149999999998,117.66140714285714,7761.0,7785.0,2.6696428571428714,64.07142857142891,24.0,130,,103.24345189328824,109.54470473791416,219.08940947582832,37.428608002271154,2.666652891558148,6.427632257114048,2.611439427388743
-31.457666666666668,117.66108958333334,7785.0,7813.0,2.92261904761908,81.83333333333424,28.0,132,,101.40467930580849,125.52599083241658,251.05198166483316,32.794896321385,4.8705321942002975,14.79175650316548,3.597728097118504
-31.456366666666668,117.66034375000001,7813.0,7841.0,2.964285714285727,83.00000000000036,28.0,134,,99.70328518077373,123.41988305905265,246.8397661181053,32.35504446168397,2.530870041665798,5.607138100253092,1.850688050772196
-31.454775925925926,117.65980370370373,7841.0,7873.0,2.7666666666666644,88.53333333333326,32.0,136,,99.35739031515588,140.5619537899366,281.1239075798732,28.916533473054116,2.8065725888127386,8.329407578550235,2.7567243573954765
-31.4533,117.65891296296296,7873.0,7905.0,3.008333333333346,96.26666666666708,32.0,138,,97.59913726349983,138.07453455102575,276.1490691020515,28.485616579906726,3.9862758895577333,11.528591806450304,3.072251774949398
-31.62212407407408,117.82777407407409,8833.0,8865.0,2.3624999999999874,75.5999999999996,32.0,140,,96.70486169838094,136.80939342502603,273.61878685005206,28.26508452622593,3.0923270792772763,9.751530055896875,3.590555575276387
-31.620364814814813,117.82685,8865.0,8897.0,2.7458333333333176,87.86666666666616,32.0,142,,102.06391767024095,144.39090674260524,288.7818134852105,29.57291432462157,3.4441107675496916,11.10752611894155,3.0729228300025184
-31.618446296296295,117.82551296296297,8897.0,8929.0,2.545833333333321,81.46666666666627,32.0,144,,101.26955822943465,143.26711801730713,286.53423603461425,29.381141187208225,2.7840048022906254,8.625338299790716,2.836600082132246
-31.8533,117.93403958333334,11125.0,11153.0,1.002976190476205,28.083333333333737,28.0,146,,95.67495662407528,118.4333288197442,236.8666576394884,31.296381811674063,3.831892308272852,11.539098238056145,3.4726545532534137
-31.8519037037037,117.93278703703703,11153.0,11185.0,0.987499999999987,31.599999999999586,32.0,148,,96.8628562653911,137.03291001454897,274.06582002909795,28.30411332543798,1.4926593167167148,4.0685313118647315,1.3937943375590547
-31.848670370370364,117.93028148148149,11221.0,11253.0,1.7749999999999855,56.799999999999535,32.0,150,,91.70138931256844,129.73092797768507,259.46185595537014,27.014326963290053,3.7456471445899475,10.291339097301027,2.899626606787917
-31.844768518518517,117.92862407407408,11289.0,11321.0,2.062500000000005,66.00000000000016,32.0,152,,93.47526609087555,132.24045026838286,264.4809005367657,27.46102800974163,2.747798122171897,7.562174034935808,2.671782921599834
-31.842807407407413,117.92768703703706,11321.0,11353.0,1.9291666666666527,61.73333333333289,32.0,154,,95.06858155840588,134.49453055782487,268.98906111564975,27.859198958745413,2.0785128705365166,6.4435877356120805,2.2058872472801165
-31.840833333333332,117.92706111111112,11353.0,11385.0,1.6249999999999862,51.99999999999956,32.0,156,,97.61754288088251,138.10057317313343,276.20114634626685,28.49014584915903,3.6740959998006937,13.44810656454495,3.5919516453844147
-31.838920370370367,117.92591851851853,11385.0,11417.0,1.14583333333333,36.66666666666656,32.0,158,,92.27154992327058,130.53754024034762,261.07508048069525,27.1582968447001,4.201427001062448,11.899100496162003,2.561510338647771
-31.84076666666667,117.89331851851853,11621.0,11653.0,0.8874999999999927,28.399999999999768,32.0,160,,102.45400294241358,144.9427645141041,289.8855290282082,29.666822479938737,2.297953268591825,5.779939292278261,2.440180082029002
-31.83851851851852,117.89230740740739,11653.0,11685.0,1.454166666666656,46.53333333333299,32.0,162,,103.64990537936478,146.63462037451677,293.26924074903354,29.95363022426627,2.6761870197238524,7.052674717197355,3.5549521855192565
-31.96810625,117.46032083333333,13425.0,13453.0,1.184523809523833,33.166666666667325,28.0,164,,100.27621170656263,124.12909263711309,248.25818527422618,32.50364185788791,3.2950051861764207,8.99419059953874,2.736134725229682
-31.966402083333335,117.45853333333334,13489.0,13517.0,1.2113095238095368,33.916666666667034,28.0,166,,96.12502131118463,118.99045119491302,237.98090238982604,31.415866421547193,1.8895888465429096,4.608700341131872,1.2861052249793357
-31.964942592592593,117.45811666666665,13517.0,13549.0,1.699999999999982,54.39999999999942,32.0,168,,98.44576356214287,139.27226575440918,278.54453150881835,28.693552790382345,2.5251177548287247,7.6036258388407845,2.6765471631706794
-31.99964629629629,117.36109629629628,13933.0,13965.0,2.4166666666666523,77.33333333333287,32.0,170,,94.23329044193031,133.31283535686634,266.6256707137327,27.650820679990016,4.8412499020489035,14.083963555416329,3.468731909735513
-31.996531481481483,117.35834444444446,14001.0,14033.0,1.679166666666675,53.7333333333336,32.0,172,,97.30801929254496,137.66268687013374,275.3253737402675,28.41392635615672,2.8390551731209364,9.479257248229406,3.7600864477619487
-31.994362962962967,117.35664814814815,14033.0,14065.0,1.0083333333333178,32.26666666666617,32.0,174,,93.81279724416471,132.71795917054712,265.43591834109424,27.545619436678333,4.894459669399704,13.85438148484631,3.584799072729038
-31.99321111111111,117.35608703703704,14065.0,14097.0,1.7749999999999935,56.79999999999979,32.0,176,,89.75659038354924,126.9796003077008,253.9592006154016,26.52047086774187,3.7353228866452692,11.226644676864233,3.5297631356265593
