lat,lon,t_start,t_end,climb_rate_ms,alt_gain_m,duration_s,circle_id,seg_id,avg_speed_kmh,turn_radius_m,circle_diameter_m,bank_angle_deg
-32.10698541666667,116.96623958333333,457.0,485.0,2.568452380952382,71.91666666666669,28.0,0,,123.72706645968697,153.15824394358935,306.3164878871787,38.173275874591305
-32.10806296296296,116.9673962962963,485.0,517.0,3.691666666666667,118.13333333333334,32.0,1,,123.93508050677751,175.33227275685016,350.6645455137003,34.56890130301977
-32.10926875,116.96788958333333,517.0,545.0,3.452380952380963,96.66666666666697,28.0,2,,127.50951787068834,157.8404338029899,315.6808676059798,39.01443599853321
-32.11042592592593,116.96800185185185,545.0,577.0,3.4166666666666425,109.33333333333256,32.0,3,,127.40782202364595,180.24519701009513,360.49039402019025,35.31225849127535
-32.111738888888894,116.96850740740742,577.0,609.0,3.0374999999999965,97.19999999999989,32.0,4,,129.2494891755648,182.85062306127608,365.70124612255216,35.70102441136973
-32.113175,116.96911041666667,609.0,637.0,3.1309523809523925,87.66666666666698,28.0,5,,127.27704413146425,157.55266112170546,315.1053222434109,38.96330449436662
-32.11470740740741,116.96919444444444,637.0,669.0,2.7333333333333223,87.46666666666631,32.0,6,,128.4370072470541,181.70119626042884,363.4023925208577,35.52997784763315
-32.11650925925926,116.96908518518518,669.0,701.0,2.04583333333331,65.46666666666592,32.0,7,,124.9500898383531,176.7682172226693,353.5364344453386,34.78756364487348
-32.11812592592593,116.96888333333332,701.0,733.0,2.4249999999999643,77.59999999999886,32.0,8,,126.83492977925704,179.43472027628619,358.86944055257237,35.190555451526784
-32.11981851851852,116.96942777777778,733.0,765.0,2.337499999999997,74.7999999999999,32.0,9,,131.01871744369504,185.353569055328,370.707138110656,36.07096276483716
-32.12515222222222,116.97156444444445,765.0,821.0,1.0562499999999992,59.149999999999956,56.0,10,,147.7030341928898,365.67483557841666,731.3496711568333,25.138594978716903
-32.13316212121212,116.97315757575757,821.0,861.0,1.4590909090909137,58.363636363636545,40.0,11,,131.1457955570844,231.91668476254566,463.8333695250913,30.255630245580054
-32.1358217948718,116.9772628205128,861.0,909.0,1.593406593406604,76.483516483517,48.0,12,,126.80996139677445,269.0990958611878,538.1981917223756,25.174674128976967
-32.16303888888889,116.97999444444446,1004.0,1036.0,2.2583333333333178,72.26666666666617,32.0,13,,131.64949470375154,186.24593633468757,372.49187266937514,36.20202112234534
-32.16396851851852,116.98032037037036,1036.0,1068.0,2.4708333333333012,79.06666666666564,32.0,14,,130.98081330458726,185.29994566774891,370.59989133549783,36.06307336656554
-32.165929166666665,116.98497638888891,1068.0,1112.0,3.9536713286713128,173.96153846153777,44.0,15,,141.56492436151777,275.37592476247124,550.7518495249425,29.787488506272762
-32.16870740740742,116.98642592592594,1112.0,1144.0,4.349999999999957,139.19999999999862,32.0,16,,131.14710638561985,185.53520225306727,371.07040450613454,36.097673987392206
-31.79777407407407,117.16310925925927,2224.0,2256.0,5.579166666666666,178.5333333333333,32.0,17,,135.44448242812805,191.61474571519943,383.22949143039887,36.98131461773086
-31.799009259259257,117.1632925925926,2256.0,2288.0,5.441666666666638,174.13333333333242,32.0,18,,136.0648653852168,192.49240806391626,384.9848161278325,37.107216305286094
-31.800114999999998,117.16313666666667,2288.0,2324.0,4.368181818181825,157.2545454545457,36.0,19,,136.06592073577357,216.55563871448388,433.11127742896775,33.91856746936841
-31.800745,117.16262166666668,2324.0,2360.0,3.571212121212137,128.56363636363693,36.0,20,,132.40685557895884,210.73205564646,421.46411129292,33.19910598887819
-31.801260000000003,117.16132833333333,2360.0,2396.0,1.8106060606060868,65.18181818181912,36.0,21,,130.93446046246717,208.3886660367198,416.7773320734396,32.90620921393408
-31.42862291666667,117.51237916666668,3660.0,3688.0,2.8363095238095064,79.41666666666617,28.0,22,,118.14315933147262,146.24608288964527,292.49216577929053,36.895082047797715
-31.4296037037037,117.51200370370371,3688.0,3720.0,2.420833333333304,77.46666666666573,32.0,23,,116.82503770408901,165.27361980002502,330.54723960005003,33.00463724051802
-31.43009444444444,117.51081851851852,3720.0,3752.0,4.087499999999984,130.7999999999995,32.0,24,,128.46656429676486,181.74301093211486,363.4860218642297,35.53621312920808
-31.43117222222222,117.51044444444445,3752.0,3784.0,4.174999999999991,133.5999999999997,32.0,25,,127.20166156130655,179.953539617638,359.907079235276,35.268504635946385
-31.432911111111114,117.51066851851854,3784.0,3816.0,3.7291666666666448,119.33333333333263,32.0,26,,124.16724217492548,175.66071433091423,351.32142866182846,34.61901751172131
-31.434622222222224,117.51075555555556,3816.0,3848.0,3.4624999999999564,110.7999999999986,32.0,27,,126.26059544720624,178.62220340576826,357.2444068115365,35.06817899056848
-31.43602777777778,117.51163888888888,3848.0,3880.0,3.120833333333312,99.86666666666598,32.0,28,,128.30596057289506,181.51580314071182,363.03160628142365,35.50232089141744
-31.4379,117.51239444444442,3880.0,3912.0,3.1999999999999913,102.39999999999972,32.0,29,,126.27244517091478,178.63896733556814,357.2779346711363,35.07070759088575
-31.211366666666663,117.59033333333333,4528.0,4572.0,1.2430069930069836,54.69230769230728,44.0,30,,131.70902310483285,256.2039587181409,512.4079174362818,28.03812549281743
-31.123004166666668,117.62500208333333,4864.0,4892.0,3.122023809523825,87.4166666666671,28.0,31,,131.7200052757214,163.0524773400568,326.1049546801136,39.92781326401595
-31.12450925925926,117.62457592592594,4892.0,4924.0,3.5916666666666726,114.93333333333352,32.0,32,,130.06166927490062,183.9996228611886,367.9992457223772,35.87127710028801
-31.125620000000005,117.62321000000001,4924.0,4960.0,3.3090909090909073,119.12727272727267,36.0,33,,130.12265453536602,207.09663677542537,414.19327355085073,32.74388642740201
-31.127411666666667,117.62249333333337,4960.0,4996.0,2.848484848484846,102.54545454545445,36.0,34,,131.64083628379453,209.51289807316832,419.02579614633663,33.04696848319723
-31.12985833333333,117.62134166666667,4996.0,5024.0,3.6458333333333806,102.08333333333465,28.0,35,,131.5599001422759,162.85428771359497,325.70857542718994,39.89351906314648
-31.131524074074076,117.62077962962965,5024.0,5056.0,2.991666666666635,95.73333333333233,32.0,36,,132.13327086347962,186.9303395984275,373.860679196855,36.30224024210979
-31.133622727272726,117.61957272727273,5056.0,5096.0,2.518181818181833,100.72727272727333,40.0,37,,128.13989468129375,226.6010849533641,453.2021699067282,29.68074934308431
-31.135144444444446,117.62014722222223,5096.0,5140.0,1.1013986013985666,48.46153846153693,44.0,38,,130.7698449164561,254.37704387106672,508.75408774213344,27.86835111919939
-30.9909125,117.73036250000001,5605.0,5633.0,2.827380952380948,79.16666666666654,28.0,39,,130.2001465205466,161.17108707804246,322.3421741560849,39.60087505885309
-30.992179629629632,117.73065,5633.0,5665.0,2.7458333333333256,87.86666666666642,32.0,40,,123.5177450750055,174.741863895571,349.483727791142,34.47865994864927
-30.944702083333333,117.7664,5834.0,5862.0,3.2589285714286036,91.2500000000009,28.0,41,,136.71671159794744,169.2377590873075,338.475518174615,40.98098420192932
-30.944470833333337,117.76698333333333,5862.0,5906.0,3.259615384615346,143.42307692307523,44.0,42,,137.53775828448826,267.54217224477827,535.0843444895565,29.079821605034873
-30.847846666666662,117.89154833333332,6427.0,6463.0,2.265151515151498,81.54545454545392,36.0,43,,128.12887202895496,203.92343336197067,407.84686672394133,32.342703696753865
-30.848875757575755,117.89470606060604,6463.0,6503.0,2.122727272727278,84.90909090909112,40.0,44,,128.10423694786795,226.53802823631776,453.0760564726355,29.67388985155581
-30.85011458333333,117.89669791666665,6503.0,6531.0,2.410714285714313,67.50000000000077,28.0,45,,130.24280991238686,161.2238988868237,322.4477977736474,39.61009482187476
-30.93326875,117.94847291666667,6767.0,6795.0,2.116071428571456,59.25000000000077,28.0,46,,121.57025435035662,150.48838709954194,300.9767741990839,37.68475648717771
-30.934459259259256,117.94866851851852,6795.0,6827.0,1.5791666666666488,50.53333333333276,32.0,47,,118.25221353611838,167.29266058516956,334.5853211703391,33.32321822128016
-30.934404999999998,117.94948166666668,6827.0,6863.0,2.8787878787878904,103.63636363636405,36.0,48,,122.83462892038301,195.4973837553764,390.9947675107528,31.259973755438597
-30.935316666666665,117.95012777777778,6863.0,6895.0,3.154166666666646,100.93333333333267,32.0,49,,127.45921313155436,180.31790055546927,360.63580111093853,35.32315796721578
-30.93701296296296,117.95134444444446,6895.0,6927.0,3.0749999999999824,98.39999999999944,32.0,50,,128.5727131760133,181.89318087732426,363.7863617546485,35.55859804260582
-30.938205555555555,117.9525851851852,6927.0,6959.0,3.083333333333326,98.66666666666643,32.0,51,,124.75299169856385,176.48938039403217,352.97876078806433,34.74519333174707
-30.939957407407405,117.95353148148148,6959.0,6991.0,2.2666666666666373,72.5333333333324,32.0,52,,128.76800180067968,182.16945776572666,364.3389155314533,35.59974830436235
-30.941714814814816,117.95352777777778,6991.0,7023.0,2.6250000000000004,84.00000000000001,32.0,53,,124.45613355246878,176.0694120264933,352.1388240529866,34.68129542367816
-30.942538333333328,117.95358333333334,7023.0,7059.0,2.4121212121212254,86.83636363636411,36.0,54,,125.9596809068166,200.47105846597694,400.9421169319539,31.902148709639306
-30.944002083333334,117.95333958333333,7059.0,7087.0,2.9434523809524085,82.41666666666744,28.0,55,,132.41189792897734,163.90895173003744,327.8179034600749,40.075620950944526
-30.94616111111111,117.95284444444444,7087.0,7119.0,3.012499999999982,96.39999999999942,32.0,56,,130.38520029493318,184.4573256263597,368.9146512527194,35.93889406741222
-30.948485185185184,117.95252592592591,7119.0,7151.0,2.8375,90.8,32.0,57,,133.0244594521327,188.19111354608285,376.3822270921657,36.486186720978544
-30.950874074074072,117.95237592592594,7151.0,7183.0,2.3124999999999902,73.99999999999969,32.0,58,,131.17545993373315,185.57531431828,371.15062863656,36.103570475065204
-30.953839999999996,117.95148999999999,7183.0,7219.0,2.5181818181818354,90.65454545454608,36.0,59,,134.66177854019693,214.32087700218455,428.6417540043691,33.64389580922986
-31.346396666666664,118.17533333333333,8104.0,8140.0,1.5575757575757692,56.07272727272769,36.0,60,,127.94829890581104,203.6360423105917,407.2720846211834,32.30619219653139
-31.346307575757578,118.17678333333333,8140.0,8180.0,1.5113636363636658,60.45454545454663,40.0,61,,132.54860691035705,234.39739988586535,468.7947997717307,30.52164253952132
-31.34676666666667,118.17972692307691,8180.0,8228.0,0.3200549450549604,15.3626373626381,48.0,62,,132.89792386256931,282.0181534583768,564.0363069167536,26.224381883413102
-31.49415625,118.28639583333333,8636.0,8664.0,3.193452380952387,89.41666666666684,28.0,63,,124.41785003586158,154.01334543834957,308.02669087669915,38.328369623390174
-31.495681249999997,118.28745416666666,8664.0,8692.0,2.505952380952445,70.16666666666846,28.0,64,,126.85819671429566,157.03418172403258,314.06836344806516,38.87099437877998
-31.497803703703703,118.28848703703703,8692.0,8724.0,2.4875000000000043,79.60000000000014,32.0,65,,133.2473593727266,188.5064524276589,377.0129048553178,36.53205853985957
-31.499962962962968,118.28939074074076,8724.0,8756.0,2.287499999999968,73.19999999999898,32.0,66,,131.11889970796062,185.4952979670436,370.9905959340872,36.091807165130575
-31.67072166666666,118.37072,9164.0,9200.0,2.5227272727272716,90.81818181818178,36.0,67,,124.2762710448495,197.7918284581598,395.5836569163196,31.557320102180174
-31.671280303030304,118.37121060606063,9200.0,9240.0,0.7999999999999999,31.999999999999996,40.0,68,,121.91637911075965,215.59549310380987,431.19098620761974,28.469363687788704
-31.738866666666667,118.40388666666668,9412.0,9448.0,2.4106060606060646,86.78181818181832,36.0,69,,131.96126365288137,210.0228740700893,420.0457481401786,33.110672036291696
-31.741264814814812,118.40283333333332,9448.0,9480.0,1.8041666666666438,57.7333333333326,32.0,70,,131.92630853769134,186.63754780124526,373.2750956024905,36.259397370102285
-31.744047916666666,118.402125,9480.0,9508.0,3.011904761904769,84.33333333333353,28.0,71,,129.27517755700129,160.0260941010605,320.052188202121,39.4003802916359
-31.745547916666666,118.40180833333332,9508.0,9536.0,3.3511904761905043,93.83333333333412,28.0,72,,127.15792939750752,157.4052123540054,314.8104247080108,38.93707713706045
-31.74728125,118.40135208333334,9536.0,9564.0,2.9196428571428683,81.75000000000031,28.0,73,,123.28075503135771,152.605767621546,305.211535243092,38.072718268615496
-31.748789583333334,118.40107708333335,9564.0,9592.0,2.6041666666666727,72.91666666666684,28.0,74,,127.00083585533669,157.2107506913942,314.4215013827884,38.9024577018207
-31.7503375,118.40054583333333,9592.0,9620.0,2.7172619047619695,76.08333333333515,28.0,75,,126.8755297906505,157.05563785010597,314.11127570021193,38.874819194156565
-31.751987037037036,118.39990925925925,9620.0,9652.0,2.9374999999999782,93.9999999999993,32.0,76,,125.35097746625823,177.33535720138474,354.6707144027695,34.87360855349675
-31.753720370370374,118.39993888888888,9652.0,9684.0,2.8499999999999797,91.19999999999935,32.0,77,,131.2385750785868,185.66460398305702,371.32920796611404,36.116692909639504
-31.756103703703705,118.39937222222223,9684.0,9716.0,2.2916666666666754,73.33333333333361,32.0,78,,133.74236515376032,189.20674235575297,378.41348471150593,36.633734228056305
-31.757121794871793,118.40044358974359,9716.0,9764.0,1.8914835164835357,90.79120879120971,48.0,79,,128.7414046013697,273.1977456386889,546.3954912773778,25.509703735663923
-31.840999999999998,118.40717333333335,9956.0,9992.0,3.921212121212126,141.16363636363653,36.0,80,,126.12247141018081,200.73014759896523,401.46029519793046,31.935358560107836
-31.842372222222227,118.40725555555557,9992.0,10024.0,4.108333333333307,131.46666666666582,32.0,81,,132.14533746274122,186.94741034437232,373.89482068874463,36.304736674722655
-31.84341296296297,118.40759259259261,10024.0,10056.0,3.9333333333333087,125.86666666666588,32.0,82,,134.2470243282624,189.9206890419635,379.841378083927,36.73711725256353
-31.84405,118.40845166666668,10056.0,10092.0,3.118181818181793,112.25454545454454,36.0,83,,130.35894802054767,207.47270953729605,414.9454190745921,32.79119516602701
-31.844678333333338,118.40922499999999,10092.0,10128.0,3.100000000000036,111.6000000000013,36.0,84,,128.96196658016817,205.24934452085574,410.4986890417115,32.51077247134886
-32.3506875,118.61731388888889,11219.0,11263.0,2.171328671328647,95.53846153846047,44.0,85,,130.8291645420573,254.49243401329414,508.9848680265883,27.87909006745091
-32.35268333333334,118.62026515151516,11263.0,11303.0,2.347727272727271,93.90909090909084,40.0,86,,132.4399875531375,234.2053186901214,468.4106373802428,30.50109700498672
-32.3546,118.62113703703704,11303.0,11335.0,2.099999999999959,67.19999999999868,32.0,87,,132.65232879704365,187.66465636178552,375.32931272357104,36.4094826614172
-32.35648333333333,118.62524487179486,11335.0,11383.0,1.754120879120877,84.1978021978021,48.0,88,,137.1925619460238,291.13165852200996,582.2633170440199,26.953695170449258
-32.36223030303031,118.4977,11663.0,11703.0,3.090909090909068,123.63636363636273,40.0,89,,127.55722018528596,225.57069021721722,451.14138043443444,29.56854272101638
-32.23761041666667,118.09193958333333,12615.0,12643.0,4.023809523809551,112.66666666666744,28.0,90,,127.67620954899688,158.0467767274628,316.0935534549256,39.05105359309688
-32.238173333333336,118.09096333333335,12643.0,12679.0,2.3681818181818057,85.25454545454501,36.0,91,,127.66021902344109,203.17754893774662,406.35509787549324,32.2478820908921
-32.23915740740741,118.09080370370371,12679.0,12711.0,2.599999999999978,83.19999999999929,32.0,92,,131.3534442026169,185.8271105510395,371.654221102079,36.14056439854581
-32.24046166666667,118.09121499999999,12711.0,12747.0,2.49242424242424,89.72727272727263,36.0,93,,129.22254663526226,205.66407055924955,411.3281411184991,32.56321340969211
-32.242437037037035,118.09161851851852,12747.0,12779.0,2.6208333333332767,83.86666666666486,32.0,94,,125.10057634834286,176.98111208430058,353.96222416860115,34.81988454695158
-32.20591833333334,117.855275,13295.0,13331.0,2.5712121212121137,92.56363636363609,36.0,95,,128.8653364000902,205.09555281274305,410.1911056254861,32.49131037595006
-32.20867083333333,117.85650208333334,13331.0,13359.0,2.7738095238095406,77.66666666666714,28.0,96,,129.61055721588835,160.44125111624987,320.88250223249975,39.47321033661323
-32.210957407407406,117.85707592592593,13359.0,13391.0,2.649999999999991,84.79999999999971,32.0,97,,129.9731639464384,183.874413434391,367.748826868782,35.85275963135889
-32.21315625,117.85713958333334,13391.0,13419.0,2.806547619047649,78.58333333333417,28.0,98,,125.85690407854736,155.79470982711481,311.58941965422963,38.64934362894972
-32.214488333333335,117.85666666666665,13419.0,13455.0,2.43636363636364,87.70909090909105,36.0,99,,128.65565405295726,204.7618329924899,409.5236659849798,32.44904969100051
-32.197616666666676,117.66276111111112,13875.0,13907.0,4.016666666666616,128.5333333333317,32.0,100,,130.1072604670489,184.0641212042273,368.1282424084546,35.88081251121406
-32.198144444444445,117.6625037037037,13907.0,13939.0,3.599999999999984,115.19999999999949,32.0,101,,132.44164951075152,187.36660614115917,374.73321228231833,36.36598989857704
-32.19836296296296,117.66255370370371,13939.0,13971.0,3.166666666666665,101.33333333333329,32.0,102,,130.9716541575015,185.28698812523152,370.57397625046303,36.06116673686465
-32.19972833333333,117.66186333333333,13971.0,14007.0,2.728787878787888,98.23636363636396,36.0,103,,129.79952118729773,206.58235407919634,413.16470815839267,32.67910990791556
-32.20061666666666,117.66067833333332,14007.0,14043.0,1.0803030303030379,38.89090909090936,36.0,104,,136.0801102671999,216.57822205515043,433.15644411030087,33.921334170660536
