lat,lon,t_start,t_end,climb_rate_ms,alt_gain_m,duration_s,circle_id,seg_id,avg_speed_kmh,turn_radius_m,circle_diameter_m,bank_angle_deg,bank_std_deg,bank_range_deg,bank_masd_deg
-31.645934567901236,117.20315,272.0,298.0,1.5201465201465605,39.52380952381057,26.0,0,,145.96201441650712,167.77638293027155,335.5527658605431,44.965359609714156,9.929323537516629,29.813406411826794,4.639606705711518
-31.63775133333333,117.21439666666667,447.0,471.0,0.24615384615383715,5.907692307692091,24.0,2,,116.98532333263987,124.12528318395516,248.25056636791032,40.93243176480567,11.811134091398419,35.823720501258244,6.971988823921634
-31.630467222222226,117.21202999999998,508.0,537.0,0.2865406006674171,8.309677419355095,29.0,4,,117.00006266147048,150.00361420122255,300.0072284024451,35.67034781955074,12.664402780213333,52.565742641179384,7.290665787856002
-31.642887096774192,117.24465322580643,898.0,928.0,0.29233870967742204,8.770161290322662,30.0,6,,103.4618312576306,137.220515549929,274.441031099858,31.532214807474745,6.952128626761832,25.49237920833637,10.171644152681653
-31.641031666666663,117.24954777777779,963.0,992.0,0.20578420467185493,5.967741935483793,29.0,8,,116.39881457630041,149.2327651627222,298.4655303254444,35.53062426848449,22.331205037489486,73.91717721770542,7.755266526102458
-31.64022466666667,117.25206866666666,992.0,1016.0,1.1876923076923178,28.504615384615626,24.0,10,,113.41082858084525,120.33262645859416,240.66525291718833,40.05445455383307,9.335095960473359,32.57749581564916,6.243534960254894
-31.63827816091954,117.25243103448277,1016.0,1044.0,0.9418719211822613,26.372413793103316,28.0,12,,112.41406734120116,139.15420159213505,278.3084031842701,35.537617027806505,9.087746368511617,30.60490198943388,7.747956139638952
-31.632620238095235,117.25046666666665,1079.0,1106.0,0.6940339354132549,18.738916256157882,27.0,14,,110.90244797391199,132.38004597029882,264.76009194059765,36.15852956715722,8.286618369928819,34.568659882928856,6.88986838103638
-31.631222413793104,117.25028965517242,1106.0,1134.0,0.3034482758620773,8.496551724138165,28.0,16,,112.44180319634924,139.188535024506,278.377070049012,35.54430267322186,7.498148742015663,26.153643241482683,8.728020338554039
-31.616866666666667,117.22035308641976,1495.0,1521.0,0.8797313797313827,22.87301587301595,26.0,18,,114.55854877610012,131.67959502497462,263.35919004994923,38.09301600441002,8.632807539096207,28.552025180111418,5.891959646556483
-31.616538461538465,117.2207608974359,1521.0,1546.0,2.064273504273525,51.60683760683813,25.0,20,,108.32021358434247,119.7201210327637,239.4402420655274,37.62734185748671,7.09999399962788,28.937298414907662,7.071312076151913
-31.615959523809526,117.22161904761904,1546.0,1573.0,0.9277504105090363,25.04926108374398,27.0,22,,115.87628872589792,138.31713103402737,276.63426206805474,37.36365133304093,7.2769364474744895,26.239080688925263,7.003385070006227
-31.615028125,117.22271770833333,1573.0,1604.0,0.6867668621700956,21.289772727272965,31.0,24,,108.48444949674973,148.6780355462041,297.3560710924082,31.906691336050283,8.703935611726665,35.068659617097374,6.633924641683747
-31.61120308641975,117.23267530864197,1698.0,1724.0,2.4737484737484796,64.31746031746047,26.0,26,,115.30212799772289,132.53430392115348,265.06860784230696,38.27314043060802,10.722110368954011,38.14517586198365,9.499405449167266
-31.609517948717947,117.23531346153847,1724.0,1749.0,1.9347008547008655,48.36752136752164,25.0,28,,113.28927811225144,125.21214313109222,250.42428626218444,38.87668625046974,7.328059382516652,30.33899593694232,7.387300463561378
-31.607922988505752,117.23738045977011,1749.0,1777.0,2.2118226600985147,61.93103448275841,28.0,30,,113.1827465280902,140.10572786515365,280.2114557303073,35.7224925808575,8.355305795663005,32.816156048851326,7.10351484788393
-31.603549999999995,117.24028924731182,1810.0,1840.0,1.6822580645161247,50.467741935483744,30.0,32,,114.19716361854982,151.45869230805133,302.91738461610265,34.10741756907311,7.580410659513094,34.43445530700696,8.730685243801732
-31.602463440860216,117.2408317204301,1840.0,1870.0,1.4620967741935638,43.86290322580691,30.0,34,,112.1070776990734,148.68662976162264,297.3732595232453,33.61773157265792,10.392825999084403,38.97384639763534,7.794386456924757
-31.601105172413796,117.24124195402297,1870.0,1898.0,2.345812807881753,65.68275862068909,28.0,36,,119.98944183084147,148.53154389279,297.06308778558,37.322563482484675,8.421529230269112,30.749036778682655,5.379021527687247
-31.600303472222222,117.24201249999999,1898.0,1921.0,2.158260869565227,49.640000000000214,23.0,38,,120.68934782303566,122.71973459588436,245.43946919176872,43.03248177583293,5.213880344840055,21.777891385352852,5.229693290382365
-31.598918965517242,117.24247586206896,1921.0,1949.0,2.1881773399014617,61.26896551724093,28.0,40,,115.4275326481423,142.88448525441206,285.7689705088241,36.2575066410828,8.341017174654134,33.65974875047374,10.0265490210691
-31.597787096774187,117.2429688172043,1949.0,1979.0,1.69072580645161,50.7217741935483,30.0,42,,113.74093048267649,150.85359431824668,301.70718863649336,34.00100576817365,6.604447141222216,30.0940091572737,7.565618893530727
-31.59613209876543,117.24259382716048,2018.0,2044.0,1.8021978021978151,46.857142857143195,26.0,44,,113.44500281215547,130.3996269812059,260.7992539624118,37.82160150986176,7.126786260298532,26.60350426081693,10.43885902793014
-31.5949376344086,117.24412204301073,2044.0,2074.0,1.2625000000000075,37.87500000000023,30.0,46,,114.52231719518025,151.88994063292415,303.7798812658483,34.18309339909027,6.175001994211307,22.849230041438524,7.76550633209565
-31.58739090909091,117.23087222222222,2323.0,2355.0,1.5945855614972897,51.02673796791327,32.0,48,,124.06366286063056,175.5141795764955,351.028359152991,34.596665552586785,12.744122117545407,45.98089118244931,11.185670152063498
-31.584524404761908,117.22948035714288,2355.0,2382.0,1.9775588396277881,53.39408866995028,27.0,50,,127.1113101428319,151.72794999089,303.45589998178,39.949029755236474,7.016157080232715,29.167110936924903,8.139029835848971
-31.58272115384615,117.22917820512822,2382.0,2407.0,2.1685470085470513,54.21367521367628,25.0,52,,126.05593777102087,139.32240001626616,278.6448000325323,41.89467699418792,7.429975479541447,25.619006350575813,4.477099446686118
-31.582215000000005,117.22905222222222,2407.0,2436.0,1.401334816462707,40.638709677418504,29.0,54,,109.27036843304931,140.0935163383832,280.1870326767664,33.83660421838011,10.6440067872997,39.13050172725896,8.475349360164548
-31.560523717948715,117.2220141025641,2610.0,2635.0,2.0017094017093924,50.04273504273481,25.0,56,,111.52836326197378,123.26590491730325,246.5318098346065,38.438857762877696,5.653058198353803,21.102322517996928,7.342730835283796
-31.55894761904762,117.22295297619048,2635.0,2662.0,1.4696223316913073,39.679802955665295,27.0,58,,112.88329252989054,134.74450498965376,269.4890099793075,36.6430134733781,7.108899280213246,27.022575630855858,7.298253089701912
-31.5565546875,117.22364479166667,2662.0,2693.0,1.2800586510264138,39.68181818181883,31.0,60,,115.20350116633702,157.88650189877208,315.77300379754416,33.47143330269891,7.074429071826888,30.71271850742159,8.762889169133604
-31.554344642857142,117.22442678571427,2693.0,2720.0,1.2906403940886932,34.84729064039472,27.0,62,,113.68120229260566,135.69693961123423,271.39387922246846,36.836466819618124,7.30277631636925,28.847276816140383,7.21111823453454
-31.55275902777778,117.22520277777778,2720.0,2743.0,1.3660869565217217,31.4199999999996,23.0,64,,110.84972587934445,112.71457825661751,225.42915651323503,40.61185133998452,5.922023359473736,20.9281012378353,7.229093276598729
-31.551261827956992,117.2258688172043,2743.0,2773.0,0.49193548387095015,14.758064516128504,30.0,66,,108.35650165524915,143.71227378815036,287.4245475763007,32.72488168446681,5.952944308943141,24.824217078408466,7.004637799125185
-31.603046428571428,117.20348154761905,3228.0,3255.0,0.6039956212370137,16.30788177339937,27.0,68,,132.59052389087657,158.26827963282787,316.53655926565574,41.14336867928064,11.99109557169739,46.531281949726655,8.13930975239369
-31.601471264367817,117.20532643678162,3255.0,3283.0,0.6866995073891621,19.22758620689654,28.0,70,,120.99045144517467,149.770665445485,299.54133089097,37.552321033390434,6.699254166821508,26.883603940253835,8.531376215337424
-31.599397395833336,117.20755364583334,3283.0,3314.0,0.7653958944281655,23.727272727273128,31.0,72,,120.90850167323174,165.70521022139317,331.41042044278635,34.75718971532009,12.74987019461196,40.7559162623745,9.741118468388466
-31.598254444444446,117.2100477777778,3314.0,3343.0,1.2667408231368325,36.73548387096814,29.0,74,,110.44755384073308,141.6027639551852,283.2055279103704,34.12114212148136,8.626076824229342,36.92686275745035,8.496197738311881
-31.597016666666665,117.21220806451612,3343.0,3373.0,1.5362903225806452,46.08870967741936,30.0,76,,114.81776410082145,152.2817892617075,304.563578523415,34.251737815494344,9.391188503455142,29.66391157645042,7.743639921141069
-31.596075268817206,117.21386774193546,3373.0,3403.0,1.7999999999999836,53.99999999999951,30.0,78,,107.77168427812938,142.93663565169496,285.8732713033899,32.58402034937393,7.0222321960063185,26.49675423644589,7.502915568421976
-31.601157222222223,117.21778055555556,4243.0,4272.0,-0.13637374860956744,-3.954838709677456,29.0,80,,102.39084188073888,131.27340271309643,262.54680542619286,32.13546615700568,14.01381946609118,51.23886611695037,8.155082163465062
-31.608055555555556,117.21403181818184,4338.0,4370.0,-0.12032085561499424,-3.8502673796798157,32.0,82,,105.90614743537246,149.82654993918737,299.65309987837475,30.490254498052806,9.888091155512294,41.83790951425435,6.549378550919338
-31.630990350877195,117.21181228070174,4551.0,4569.0,1.5754385964912083,28.35789473684175,18.0,84,,116.96797536094851,93.08015731072989,186.16031462145978,49.14143058816963,8.562877335186245,38.12308075166243,7.195737888394712
-31.62937898550724,117.21238768115943,4569.0,4591.0,1.016798418972327,22.36956521739119,22.0,86,,112.6430923193399,109.5581969030979,219.1163938061958,42.331672733209835,9.351091796044027,29.794906323941923,5.614518271861013
-31.62718611111111,117.21305763888888,4591.0,4614.0,1.073043478260866,24.679999999999918,23.0,88,,117.77622784310942,119.7576064774467,239.5152129548934,42.334820116784,7.8110412694931375,29.520725032132557,8.525221940413457
-31.625615942028986,117.2130688405797,4614.0,4636.0,1.921936758893276,42.28260869565207,22.0,90,,116.46288166995642,113.27337574972255,226.5467514994451,43.28419033350606,4.763427539729035,20.52940153656204,5.855985195661933
-31.62380347222222,117.21297638888889,4636.0,4659.0,1.6095652173912989,37.019999999999875,23.0,92,,119.33064272807528,121.33817166878906,242.67634333757812,42.70903556226041,5.110850320502378,22.65466732530234,5.508778525569951
-31.621510256410257,117.21319294871795,4659.0,4684.0,0.03999999999999611,0.9999999999999027,25.0,94,,110.19924686195161,121.79690877141412,243.59381754282825,38.104832571348794,9.450954142803212,38.098728217455474,6.017492833764602
-31.619935555555557,117.21351611111113,4684.0,4713.0,0.5848720800890002,16.961290322581004,29.0,96,,108.60649496626615,139.24237645756193,278.48475291512386,33.67529837195086,8.237278886725253,29.858687410222434,5.938305082550928
-31.618290384615385,117.21268012820512,4713.0,4738.0,1.409914529914538,35.24786324786345,25.0,98,,120.70112101427539,133.4040280982984,266.8080561965968,40.661697680203396,5.516061984064121,25.551568676452554,5.574766237884671
-31.616064942528734,117.21236781609196,4738.0,4766.0,1.1970443349753654,33.517241379310235,28.0,100,,118.55919724567684,146.76108448288383,293.52216896576766,36.991831406702055,5.649790486063532,21.28198496762222,7.70848686622332
-31.61367098765432,117.21272283950614,4766.0,4792.0,2.110500610500631,54.873015873016406,26.0,102,,117.76527205098687,135.36557068288502,270.73114136577004,38.863477839459634,6.462045932977462,25.289084071674196,8.000747082908262
-31.612222395833335,117.2124,4792.0,4823.0,0.7336876832844927,22.744318181819274,31.0,104,,112.32602310982988,153.94291563591688,307.88583127183375,32.80803596440451,8.369649611292047,30.88244078675706,7.277726552067974
-31.610557777777775,117.2115861111111,4823.0,4852.0,0.3628476084538506,10.522580645161668,29.0,106,,111.7771185296855,143.30737422735442,286.61474845470883,34.440224571166496,11.094914436073614,41.729911941054056,8.035511343303842
-31.608537634408595,117.21194516129032,4852.0,4882.0,-0.21048387096774349,-6.314516129032304,30.0,108,,116.6238503559131,154.6771855546089,309.3543711092178,34.66893749034111,11.044578006752861,41.43302843206615,8.673313701719422
-31.606349462365593,117.21338709677418,4882.0,4912.0,-0.03306451612900613,-0.9919354838701838,30.0,110,,113.34954091268114,150.3344977787519,300.6689955575038,33.90950508432222,7.195787018347442,26.208063311124278,7.006780996807716
-31.60169482758621,117.2182091954023,4982.0,5010.0,0.8857142857143069,24.800000000000594,28.0,112,,123.5058409024818,152.88439506939798,305.76879013879596,38.12346657308494,6.749109169112307,28.52772079284156,8.168458931282082
-31.594168390804597,117.22171896551725,5121.0,5149.0,2.0438423645320305,57.22758620689685,28.0,114,,109.05213978206018,134.9925663416027,269.9851326832054,34.718950536590974,5.749110376598705,21.361060296593347,6.015907733135784
-31.58601616161616,117.22829444444443,5225.0,5257.0,2.1898395721924753,70.07486631015921,32.0,116,,119.12531401909236,168.5278450978916,337.0556901957832,33.516975489702475,15.932402662989269,51.2984357941224,7.556356745342674
-31.574749999999998,117.24019821428571,5644.0,5671.0,2.2996715927750517,62.0911330049264,27.0,118,,111.11093458126253,132.62890852626106,265.2578170525221,36.20980688179936,7.485568620361557,27.59488911125911,7.963810809166883
-31.57344,117.24067666666664,5671.0,5700.0,2.5334816462736454,73.47096774193571,29.0,120,,106.27077244329445,136.24778985438454,272.49557970876907,33.102938265792346,7.644795203094769,29.85624311454849,9.00354588363659
-31.572292528735634,117.24101034482757,5700.0,5728.0,3.3901477832512237,94.92413793103427,28.0,122,,107.66934534499012,133.2808441309608,266.5616882619216,34.377433529809814,5.334018070464262,25.237451870894184,6.311348297208538
-31.571117857142855,117.24206369047617,5728.0,5755.0,3.1948549534756574,86.26108374384275,27.0,124,,112.97599175559151,134.85515653958703,269.71031307917406,36.66553849816189,3.9930400199441176,18.842058005403377,5.1227642616668865
-31.569522222222222,117.2430212121212,5755.0,5787.0,2.9241310160427414,93.57219251336772,32.0,126,,105.9617808068807,149.90525505986653,299.81051011973307,30.503412363542473,5.479567657675488,22.061862575640067,7.267381567939317
-31.568584375,117.24408281250001,5787.0,5818.0,2.358504398827015,73.11363636363747,31.0,128,,105.05668375823184,143.9802795205288,287.9605590410576,31.087237556949738,6.531571068838483,26.298159595240723,6.62319150139316
-31.572287878787883,117.2667691919192,6502.0,6534.0,0.5213903743314943,16.684491978607817,32.0,130,,120.7600206539499,170.84048191071557,341.68096382143113,33.87742509690652,11.157120398114902,38.32150262205074,8.26135067035069
-31.571464141414143,117.26901767676767,6534.0,6566.0,0.38903743315504485,12.449197860961435,32.0,132,,118.33839977258413,167.41458916792521,334.82917833585043,33.34238302916472,6.6055540642638455,24.732939600035518,7.853131968115175
-31.622241666666664,117.36661833333336,7615.0,7644.0,1.1519466073414955,33.40645161290337,29.0,134,,110.09837560333733,141.15508900169968,282.31017800339936,34.036940787279455,9.976560047205838,35.85099784025007,6.4325399476165055
-31.619141935483878,117.36988602150537,7680.0,7710.0,1.3302419354838617,39.90725806451585,30.0,136,,116.55178176448216,154.58160161654303,309.16320323308605,34.65236971063555,10.939413490301863,39.648212166292865,10.186037464894733
-31.617294791666666,117.37140625,7710.0,7741.0,1.0405058651026713,32.25568181818281,31.0,138,,107.54845104247444,147.39524882330053,294.79049764660107,31.684353419754277,6.076567213574276,23.667306658039873,9.422819369747176
-31.613705208333336,117.3765453125,7814.0,7845.0,0.5559017595308017,17.232954545454852,31.0,140,,113.98063807184096,156.21056692859855,312.4211338571971,33.19072980167134,5.784031275345891,24.75611821994645,6.515646270635049
-31.653785185185182,117.24190061728395,8666.0,8692.0,-0.27777777777776047,-7.222222222221772,26.0,142,,119.90613129008685,137.8263864022002,275.6527728044004,39.36873705741784,11.32536869339553,35.57802836717222,5.24120977125914
-31.652778735632186,117.24324712643678,8692.0,8720.0,1.2620689655172357,35.3379310344826,28.0,144,,114.07345152166613,141.2083064406533,282.4166128813066,35.93564860251382,8.878029817002457,31.6676271859387,5.039473399141632
-31.65129197530864,117.2450160493827,8720.0,8746.0,0.4542124542124793,11.809523809524462,26.0,146,,112.19580323916634,128.9637315754595,257.927463150919,37.51472916317268,8.177052523232025,36.989032715682704,7.233987657153325
-31.654038888888888,117.24958888888888,8865.0,8891.0,2.1459096459096703,55.79365079365142,26.0,148,,108.54778895638813,124.77051292409182,249.54102584818364,36.603960777300784,5.5824584946925215,23.637083890821913,7.747802031615162
-31.652608333333333,117.25011474358975,8891.0,8916.0,1.9500854700854715,48.752136752136785,25.0,150,,110.84493384471536,122.51054957000399,245.02109914000798,38.26748636088492,4.92110396472037,17.751378737733223,5.872401388309373
-31.651185000000005,117.25095777777777,8916.0,8945.0,1.6367074527252476,47.464516129032184,29.0,152,,109.91784756025746,140.9236373399599,281.8472746799198,33.993342324750174,6.874257561787734,24.736284356289726,7.540253637581486
-31.649878282828283,117.25193939393941,8945.0,8977.0,1.7717245989304484,56.69518716577435,32.0,154,,105.88236699751161,149.7929075015479,299.5858150030958,30.48462909361751,7.52381651755181,35.68361553822979,7.287825753891788
-31.64866464646465,117.25283585858585,8977.0,9009.0,2.1106283422459606,67.54010695187074,32.0,156,,107.974467486823,152.75262425104904,305.5052485020981,30.97704039771342,6.854442512257177,27.698953324563774,8.583813252736455
-31.647643010752695,117.25396612903226,9009.0,9039.0,1.658467741935492,49.75403225806476,30.0,158,,112.45303801224036,149.14547387790714,298.2909477558143,33.69917467826638,6.927297286128693,24.304880431170318,6.5512004999478775
-31.68063965517242,117.13412011494252,9989.0,10017.0,1.4512315270935876,40.63448275862045,28.0,160,,102.59351408744571,126.99761585921655,253.9952317184331,33.09968116456623,7.371375662267252,26.746362636786962,8.01045959650062
-31.67990804597701,117.13436666666665,10017.0,10045.0,2.473399014778308,69.25517241379262,28.0,162,,107.22503782384968,132.7308483890754,265.4616967781508,34.26710460932731,6.531397201373761,25.2715071161885,9.077268722939856
-31.678491379310344,117.13501091954022,10045.0,10073.0,2.1576354679803043,60.41379310344852,28.0,164,,108.18084290869625,133.91401253040863,267.82802506081725,34.504087866754595,6.429393577789216,20.96227729873685,7.706016329815031
-31.6768703125,117.1356609375,10073.0,10104.0,1.5837609970674724,49.096590909091645,31.0,166,,106.49925639419685,145.95732661477075,291.9146532295415,31.433854557366733,7.337699452534282,33.02187781579517,8.70842584328717
-31.67572380952381,117.13620654761904,10104.0,10131.0,2.07416529830325,56.00246305418775,27.0,168,,108.74725042453599,129.80746839537838,259.61493679075676,35.62451396850021,7.9781625863224255,32.125705321938554,8.180290346220527
-31.67499642857143,117.13668988095237,10131.0,10158.0,2.405035577449394,64.93596059113364,27.0,170,,105.44817416025981,125.86948618215314,251.73897236430628,34.79304737045111,5.694865883719595,23.566773948628875,7.706559822790938
-31.674079012345686,117.1372611111111,10158.0,10184.0,1.8785103785104131,48.841269841270744,26.0,172,,107.79680781035583,123.90729586838172,247.81459173676345,36.41374622560199,6.872917711660869,29.16637443734693,7.817245450233631
-31.67301277777778,117.13785499999997,10184.0,10213.0,1.6972191323692873,49.219354838709336,29.0,174,,108.45947798796743,139.0538887115548,278.1077774231096,33.63949453281521,6.383160091709395,25.550674002338273,8.579253877667522
-31.671039784946235,117.13860215053766,10213.0,10243.0,1.7245967741935417,51.73790322580625,30.0,176,,113.44632041546552,150.46285558090284,300.9257111618057,33.93214891536519,7.11225357291604,29.213721896790005,6.208179245376137
