lat,lon,t_start,t_end,climb_rate_ms,alt_gain_m,duration_s,circle_id,seg_id,avg_speed_kmh,turn_radius_m,circle_diameter_m,bank_angle_deg,bank_std_deg,bank_range_deg,bank_masd_deg
-32.14548333333333,116.97237291666667,184.0,212.0,3.877976190476209,108.58333333333385,28.0,0,,102.06657358012812,126.34533107567809,252.69066215135618,32.964847274561826,9.901264398966356,30.145564375322866,10.553882486608215
-32.14481875,116.96815416666666,340.0,368.0,1.5208333333333566,42.58333333333398,28.0,2,,104.26843730174849,129.07095603920496,258.1419120784099,33.52552476571449,4.932015751418017,11.649058205050402,2.341073658071322
-32.14426458333333,116.9692,368.0,396.0,1.538690476190483,43.08333333333352,28.0,4,,105.56752879356405,130.67906473604663,261.35812947209325,33.85295401209542,4.2523248762381165,9.997733683536975,4.698054201936893
-32.13425,116.95799285714286,584.0,608.0,2.339285714285695,56.14285714285668,24.0,6,,107.07525830990055,113.61037761908143,227.22075523816287,38.440950068533816,1.964978692435244,5.506400660450431,2.6772471481239664
-32.13392291666666,116.95846875,608.0,636.0,2.199404761904789,61.58333333333409,28.0,8,,104.19550017911597,128.98066923341267,257.96133846682534,33.5070673372657,3.6129767423124792,10.538040836547026,3.3422453370536815
-32.13334444444445,116.95871666666666,636.0,668.0,1.9666666666666783,62.93333333333371,32.0,10,,106.95115882896401,151.30493864032024,302.6098772806405,30.736816019022637,2.277448356503112,6.48697832055468,1.984188240059934
-32.122792857142855,116.96282142857142,959.0,983.0,2.089285714285727,50.142857142857444,24.0,12,,99.10388403509172,105.15248682527213,210.30497365054427,36.30332459881782,1.6348951523315969,4.1066516733930385,1.4177798164366222
-32.12189722222222,116.96289999999999,983.0,1005.0,1.9293893129770607,42.446564885495334,22.0,14,,95.49271560077608,92.8775082713626,185.7550165427252,37.676987248383625,7.7152468847281055,21.366715003681044,7.848692267819425
-32.120752380952375,116.9636761904762,1005.0,1029.0,1.526785714285736,36.642857142857665,24.0,16,,104.88422476933896,111.28561882934467,222.57123765868934,37.865506424228215,3.1104567641364183,8.957969679289427,3.348218635339664
-32.11980714285714,116.96428095238096,1029.0,1053.0,1.5446428571428534,37.071428571428484,24.0,18,,101.95109982497334,108.17347660533183,216.34695321066366,37.080855136156174,3.657545580409212,9.411958733541134,3.580181461045271
-32.11992380952381,116.97004523809524,1089.0,1113.0,3.035714285714294,72.85714285714306,24.0,20,,104.25285666539912,110.61571646499414,221.23143292998827,37.697996463521356,5.142335231746421,14.16611361855869,4.891190036228697
-32.119457142857144,116.9703738095238,1113.0,1137.0,1.1250000000000535,27.000000000001286,24.0,22,,107.47952929111389,114.03932245247287,228.07864490494575,38.54613621815648,1.830561533145743,5.231890363887075,1.5613200161141947
-32.11728518518518,116.97225,1173.0,1205.0,0.6541666666666702,20.933333333333447,32.0,24,,102.69494549627856,145.28362850031564,290.5672570006313,29.724738951423916,3.384608817132942,9.628207593556073,3.0930498723867124
-32.11639791666667,116.97231666666667,1205.0,1233.0,0.7083333333333381,19.833333333333467,28.0,26,,105.42100771053876,130.49769042225267,260.99538084450535,33.816148913610014,2.397992477018029,7.717609787153265,2.7240881076374186
-32.18570476190475,117.14742857142858,1930.0,1954.0,3.7946428571428528,91.07142857142847,24.0,28,,102.05496402480563,108.28367994408912,216.56735988817823,37.10892220067435,5.368094586542664,14.967459094293574,5.396247199929229
-32.18467619047619,117.14792619047621,1954.0,1978.0,3.4375000000000124,82.5000000000003,24.0,30,,101.32839512302967,107.51276639599249,215.02553279198497,36.91214613514646,2.50485805595513,6.658708373030784,1.6282603180437563
-32.183638888888886,117.14860833333331,1978.0,1998.0,4.057142857142836,81.14285714285671,20.0,32,,105.18783482133304,93.00646591638304,186.01293183276607,43.09792805184171,2.041442288608407,4.908617332369914,1.6380757036566926
-32.18288611111112,117.14912499999998,1998.0,2018.0,3.657142857142831,73.14285714285661,20.0,34,,103.21032008359411,91.2579589966707,182.5159179933414,42.555797039976625,3.2988598668082822,8.455625048102377,2.6606168436153936
-32.1823119047619,117.14973333333333,2018.0,2042.0,4.232142857142878,101.57142857142907,24.0,36,,103.73870276012067,110.07018222809369,220.14036445618737,37.56102327250772,2.706135342817113,6.79589571726823,2.631981125415115
-32.18176388888889,117.15030833333334,2042.0,2062.0,3.9071428571428166,78.14285714285633,20.0,38,,104.12238775692214,92.06440387802891,184.12880775605782,42.807019998448695,2.4545453827814154,5.700226153920383,1.4928180741331047
-32.18138809523809,117.15076428571429,2062.0,2086.0,3.6160714285714746,86.78571428571539,24.0,40,,108.58144234785752,115.2084885180612,230.4169770361224,38.83128394537434,2.4492688474247633,5.8946919161859554,2.476038988236911
-32.181052083333334,117.15165833333333,2086.0,2114.0,2.309523809523835,64.66666666666738,28.0,42,,105.85756059880008,131.0380869229358,262.0761738458716,33.92571458658072,3.2503936269644047,8.919507437874067,3.744726993574742
-32.18054047619048,117.15247142857143,2114.0,2138.0,2.1250000000000098,51.000000000000234,24.0,44,,110.2778911158465,117.00847656557855,234.0169531311571,39.26585692847638,2.090214272619006,5.552322674216327,3.2452311184729425
-32.25160416666667,117.52458958333334,3207.0,3235.0,1.714285714285726,48.00000000000033,28.0,46,,109.67709654232304,135.7661826786046,271.5323653572092,34.87238118344301,8.427541928545113,23.00946752777903,5.397220852128448
-32.25063055555555,117.52478333333333,3235.0,3255.0,1.842857142857127,36.85714285714254,20.0,48,,99.45498176072056,87.93751090184983,175.87502180369967,41.49976935998119,3.2438909168607033,8.412506042158824,4.578464822991357
-32.2499125,117.525325,3255.0,3283.0,1.4583333333333235,40.83333333333306,28.0,50,,104.10809541957131,128.8724733481693,257.7449466963386,33.48493836138595,3.5618603739676327,11.208133253203588,2.6233788167695384
-32.275747619047614,117.55371190476191,3547.0,3571.0,3.0267857142857237,72.64285714285737,24.0,52,,103.53114012058315,109.84995142753637,219.69990285507274,37.5055843843258,2.649295270020906,7.660333155153303,3.033500850428534
-32.27443055555556,117.55448611111113,3571.0,3591.0,3.907142857142847,78.14285714285694,20.0,54,,94.23736859556058,83.32412797753561,166.64825595507122,39.973236871310924,4.348932358701818,10.412832350602926,4.6488226744156655
-32.27338888888889,117.55489444444443,3591.0,3611.0,3.7285714285713896,74.57142857142779,20.0,56,,96.23515091226332,85.09055537156239,170.18111074312478,40.56602378320311,2.645113703624213,6.6590820668275725,2.628891452714093
-32.27228055555555,117.555175,3611.0,3631.0,3.921428571428559,78.42857142857117,20.0,58,,99.97672856028099,88.39883635847437,176.79767271694874,41.648594401959066,3.8849417093871175,8.888537059623403,4.1612606039404785
-32.271125000000005,117.55532777777778,3631.0,3651.0,3.885714285714264,77.71428571428528,20.0,60,,101.60044571415104,89.83451753192728,179.66903506385455,42.10738262104942,3.5209969176584996,9.176096960822655,4.238710819368581
-32.27001944444444,117.55579722222222,3651.0,3671.0,3.0357142857142634,60.71428571428527,20.0,62,,106.69814442106568,94.3418727963641,188.6837455927282,43.50561475604127,3.68239838253563,9.228773348611966,4.843097223373951
-32.26918055555555,117.556,3671.0,3691.0,3.185714285714267,63.71428571428534,20.0,64,,105.24426460147775,93.05636079664758,186.11272159329516,43.11325899135937,1.8843549854668067,4.12107883386556,1.9329172232671876
-32.26814761904762,117.55606904761906,3691.0,3715.0,2.3125000000000187,55.50000000000045,24.0,66,,109.02002447910439,115.673838612326,231.347677224652,38.94414682294028,1.7395786267279219,4.613328407709666,1.8137850437582386
-32.41005,117.49065,4337.0,4365.0,1.5148809523809523,42.416666666666664,28.0,68,,87.88211249565722,108.78678699032565,217.5735739806513,29.1792945970259,3.7515573965408455,11.055414027704042,5.2007758807765265
-32.4091875,117.49123958333334,4365.0,4393.0,1.2202380952381044,34.16666666666693,28.0,70,,87.46829563005666,108.27453477047469,216.54906954094938,29.06432229211135,2.7268575962872825,9.126855529085429,3.1732384430602316
-32.40844791666667,117.49186458333332,4393.0,4421.0,0.9285714285714496,26.00000000000059,28.0,72,,87.86743336448451,108.76861610809785,217.5372322161957,29.17522063607389,2.4533316075715943,6.141710782620297,2.097836762573013
-32.407101851851856,117.49215555555556,4421.0,4453.0,0.6041666666666572,19.33333333333303,32.0,74,,93.85017658144208,132.77084011541106,265.5416802308221,27.55497937714283,4.780655820817879,14.75091747301407,4.300217003549801
-32.42750624999999,117.46263541666667,4705.0,4733.0,1.3988095238095308,39.16666666666686,28.0,76,,101.70657363342838,125.89969730099965,251.7993946019993,32.87249290940235,2.475471535752809,6.408233917435663,2.019980499477388
-32.42636111111111,117.46249444444445,4733.0,4765.0,1.349999999999994,43.19999999999981,32.0,78,,100.67042266767884,142.41951458410202,284.83902916820404,29.236018729576102,7.73032453858233,23.90226266872913,5.542372524033602
-32.42514166666666,117.46279791666667,4765.0,4793.0,1.333333333333353,37.33333333333388,28.0,80,,104.60032297221508,129.4817879447304,258.9635758894608,33.609412143096186,4.583638940407192,11.168419349581129,2.423875053289297
-32.42452222222222,117.46298148148146,4793.0,4825.0,1.3374999999999908,42.799999999999706,32.0,82,,110.43158162286323,156.2287296776426,312.4574593552852,31.548942778145584,4.963650503872705,14.682637971649385,4.017775326699735
-32.42420416666667,117.46312083333333,4825.0,4853.0,2.2797619047619193,63.83333333333374,28.0,84,,109.37838086936702,135.39641097692703,270.79282195385406,34.79911592673055,2.3874382674807357,6.129536218047512,2.7078348000323835
-32.423166666666674,117.46323518518518,4853.0,4885.0,2.0874999999999875,66.7999999999996,32.0,86,,106.17852975208334,150.2118920913239,300.4237841826478,30.554641775376936,7.727136096097341,21.017136714614033,5.5295611036506855
-32.41112037037037,117.47077592592593,5305.0,5337.0,2.4166666666666603,77.33333333333313,32.0,88,,104.48411660775838,147.81478784635325,295.6295756927065,30.15272117240422,4.391877386432152,12.336186590273531,3.6508884677481785
-32.58098333333334,117.3085619047619,6453.0,6477.0,3.95535714285715,94.9285714285716,24.0,90,,99.75737883257608,105.84586634063528,211.69173268127057,36.483175881610066,2.4268572657205785,6.968494074845722,2.711521591868345
-32.579811904761904,117.30897619047619,6477.0,6501.0,3.785714285714294,90.85714285714306,24.0,92,,102.18911153120045,108.42601486906369,216.85202973812738,37.14514191529737,1.5844039171615736,4.405766654528492,2.221487083056472
-32.57869375,117.30871250000001,6501.0,6529.0,3.7797619047619286,105.833333333334,28.0,94,,97.1240187015051,120.22708187228838,240.45416374457676,31.679998739286805,6.998534613094237,15.66331070116685,5.140820246453294
-32.577733333333335,117.30858125,6529.0,6557.0,2.6994047619047854,75.583333333334,28.0,96,,102.35604814533968,126.70366347086652,253.40732694173303,33.038969295434065,3.3160073966191046,9.772953737686937,3.823131213659279
-32.57665238095238,117.30876666666666,6557.0,6581.0,2.517857142857205,60.42857142857292,24.0,98,,102.65996262557148,108.92560339659288,217.85120679318575,37.271997155647206,2.185953912534032,4.951551228292978,2.288239870108555
-32.575630952380955,117.30886904761905,6581.0,6605.0,2.5089285714285863,60.21428571428607,24.0,100,,102.48477925503606,108.73972806747148,217.47945613494295,37.22484961357467,1.5897331817997937,4.59474652529228,2.0024986829841795
-32.57454166666667,117.30923333333334,6605.0,6633.0,2.2291666666666754,62.41666666666691,28.0,102,,102.86825652186558,127.33771176544451,254.67542353088902,33.16981884070344,3.712179512401739,10.984462151624193,4.276229324785315
-32.5730962962963,117.30935925925925,6633.0,6665.0,1.7874999999999968,57.199999999999896,32.0,104,,101.15571914212394,143.10606865319542,286.21213730639084,29.353598871741042,1.7784658070748158,5.254250749809682,1.9739834369011382
-32.632444444444445,117.27753703703704,7010.0,7042.0,1.5374999999999792,49.199999999999335,32.0,106,,100.96630808746988,142.83810682542259,285.67621365084517,29.30773959663681,1.9708192963275815,5.030742129534186,1.7017821674280016
-32.63164814814815,117.27789444444446,7042.0,7074.0,2.0166666666666355,64.53333333333234,32.0,108,,102.43838494152298,144.92066956261118,289.84133912522236,29.66306600469434,5.385738227361737,12.302281003568524,2.073178258472777
-32.740752083333334,117.17735833333333,7538.0,7566.0,2.217261904761915,62.08333333333361,28.0,110,,103.16955347356303,127.71067875923137,255.42135751846274,33.2466066654849,8.500479478163818,25.28450242712394,7.822441810590398
-32.73989074074074,117.17742407407407,7566.0,7598.0,1.4833333333333143,47.46666666666606,32.0,112,,94.26405381868929,133.35635663222092,266.71271326444185,27.65850929784605,3.9700362263644466,11.328450118002912,3.625725527303056
-32.7361875,117.17464375,7650.0,7678.0,1.7886904761905005,50.08333333333401,28.0,114,,105.17048360035483,130.18757369614568,260.37514739229135,33.7531455168353,8.414867474164948,20.36718037713964,4.318359757410999
-32.73562380952381,117.1741238095238,7678.0,7702.0,1.7321428571428743,41.57142857142898,24.0,116,,106.92543236815942,113.45140735753812,226.90281471507623,38.40188921806285,5.17412819159734,15.431197751783706,6.967583410479103
-32.73806904761904,117.16952619047619,7774.0,7798.0,2.116071428571463,50.785714285715116,24.0,118,,96.26482671701613,102.14015345265247,204.28030690530494,35.512272185453654,3.044836965064205,7.037593647821183,3.0897478548822206
-32.80473958333333,117.08365208333333,8154.0,8182.0,1.57142857142861,44.00000000000108,28.0,120,,99.2413757517002,122.8480984120697,245.6961968241394,32.23488438079927,3.613017206748698,10.294589332123703,3.319682956939156
-32.803266666666666,117.08379375000001,8182.0,8210.0,1.6190476190476328,45.33333333333372,28.0,122,,96.7566401374788,119.77231431544892,239.54462863089785,31.583038611454143,4.183127647737315,10.012041651226301,2.3778974740633854
-32.87020952380952,117.02010952380952,8502.0,8526.0,2.7053571428571543,64.9285714285717,24.0,124,,101.56340500465772,107.7621196249028,215.5242392498056,36.97590517528312,5.222456849762972,15.086195701238836,4.656361967177631
-32.868858333333336,117.02019999999999,8526.0,8554.0,1.907738095238105,53.416666666666934,28.0,126,,97.39077967041277,120.55729774759894,241.11459549519788,31.750276782435115,5.5782397374590085,15.260497115737216,4.208139976191684
-32.86764629629629,117.02027962962964,8554.0,8586.0,1.074999999999994,34.39999999999981,32.0,128,,98.02644259031472,138.6790479285554,277.3580958571108,28.590667993493675,7.672451111279646,21.49939716891487,6.569764512256269
-32.976347619047615,116.94372857142857,8996.0,9020.0,2.303571428571436,55.28571428571446,24.0,130,,100.9953047035176,107.1593464842465,214.318692968493,36.82159455329737,4.408657359599396,11.4086562495227,3.6828497230260355
-32.98010416666666,116.87025625,9500.0,9528.0,1.6250000000000273,45.50000000000077,28.0,132,,96.68449303473744,119.68300545298524,239.36601090597048,31.563973490102274,8.772150637977326,23.145832034389386,7.134211049270845
-32.923323809523815,116.86685952380954,9736.0,9760.0,1.8125000000000224,43.50000000000054,24.0,134,,103.93659473225308,110.28015213184753,220.56030426369506,37.61380246192788,12.648061909805167,29.388888474418223,8.370405543624635
-32.92214523809524,116.86732142857143,9760.0,9784.0,2.7946428571428847,67.07142857142924,24.0,136,,106.51178034601875,113.01250893058048,226.02501786116096,38.29382724415246,3.7950396914173345,9.190447882854173,3.8108394507634387
-32.921097619047615,116.86755714285717,9784.0,9808.0,3.678571428571422,88.28571428571414,24.0,138,,104.1344483554852,110.49008134615443,220.98016269230885,37.66649663127696,4.117511940870082,10.10928509958859,5.296453818222323
-32.9201119047619,116.86776666666667,9808.0,9832.0,3.0089285714285823,72.21428571428598,24.0,140,,103.49981524767772,109.81671470510553,219.63342941021105,37.49721051615824,2.8698641875760353,7.16355696880111,2.8446636460508046
-32.91868958333333,116.86787291666667,9832.0,9860.0,2.6339285714285787,73.7500000000002,28.0,142,,104.44861211210464,129.29398935234028,258.58797870468055,33.571085951756665,7.16336648015637,16.144085683171603,5.126305642346293
-32.91729259259259,116.8675425925926,9860.0,9892.0,1.9041666666666461,60.933333333332676,32.0,144,,101.77168866795645,143.97748727390842,287.95497454781685,29.50244918274698,4.296887096256742,11.255314277474326,3.032023048334801
-32.91574791666667,116.86769791666667,9892.0,9920.0,1.9791666666667058,55.416666666667766,28.0,146,,103.51626210197793,128.13985958609126,256.2797191721825,33.33480133806296,4.395164308458689,13.722123567110685,4.018515559670047
-32.708647619047625,116.9008904761905,10488.0,10512.0,3.8303571428571366,91.92857142857127,24.0,148,,101.47286409901207,107.66605274033265,215.3321054806653,36.9513537329165,6.066473722511427,14.42540560569848,3.4650624533076977
-32.70861458333333,116.90034583333333,10512.0,10540.0,2.9315476190476284,82.0833333333336,28.0,150,,99.56151029832395,123.24438393301145,246.4887678660229,32.318197342856415,3.130515771691341,8.673372923775062,2.7391185216626446
-32.708425,116.90047916666667,10540.0,10568.0,2.5000000000000404,70.00000000000114,28.0,152,,98.84584044247173,122.35847641493899,244.71695282987798,32.13173746108027,1.9073746109106506,6.114844536440913,1.865675306843426
-32.70794583333333,116.90038125,10568.0,10596.0,2.095238095238137,58.66666666666784,28.0,154,,104.38076635971247,129.21000501008803,258.42001002017605,33.553935292422445,6.461443577818192,19.55430963436978,8.907194428623084
-32.707454166666665,116.89996041666667,10596.0,10624.0,1.125000000000021,31.50000000000059,28.0,156,,103.83277366175236,128.53166031385436,257.0633206277087,33.41515895209595,2.9121710370432,7.052116635619697,1.9185059926357073
-32.70728148148148,116.90023703703703,10624.0,10656.0,0.46666666666666107,14.933333333333154,32.0,158,,109.4949713548184,154.90369719844296,309.8073943968859,31.33176075324446,7.8019923653391,21.83042013330008,7.156944889962418
-32.56770952380952,116.93764761904762,11104.0,11128.0,2.2142857142857406,53.14285714285778,24.0,160,,101.19799165324135,107.37440401723818,214.74880803447635,36.876721144758314,3.256817648328195,8.628518990223508,3.222152954075564
-32.56701666666667,116.9375738095238,11128.0,11152.0,2.2857142857142945,54.85714285714307,24.0,162,,111.22405022724824,118.01238256245202,236.02476512490404,39.50591553222352,2.896235707794003,7.128890214582093,2.260948566893839
-32.56639761904762,116.93739761904762,11152.0,11176.0,2.589285714285723,62.14285714285735,24.0,164,,106.33410823522335,112.82399296602942,225.64798593205884,38.247313324321425,1.7949402251622393,4.612400018007314,2.191488601686596
-32.56562916666667,116.9373375,11176.0,11204.0,2.2172619047619437,62.08333333333442,28.0,166,,107.68099136878985,133.29526041516704,266.59052083033407,34.38032152978148,4.003900749116836,10.70801877278559,4.077909651004788
-32.564566666666664,116.93737962962963,11204.0,11236.0,1.9083333333333377,61.066666666666805,32.0,168,,104.63400504617405,148.02683660978596,296.0536732195719,30.188408364817587,6.2034981494177455,16.56817036121067,4.613566821136312
-32.563772916666665,116.937475,11236.0,11264.0,1.532738095238146,42.916666666668085,28.0,170,,103.93448213023036,128.65756235672998,257.31512471345997,33.4409497131823,3.153184360225936,8.36697778357627,2.5511770081548004
-32.56294166666667,116.93739583333333,11264.0,11292.0,1.3333333333333628,37.33333333333416,28.0,172,,105.2354808821373,130.26803199701513,260.53606399403026,33.76950035282133,3.9979961893778966,10.900128031258856,4.204946310145217
-32.4358,116.94825000000002,11820.0,11844.0,2.1339285714285805,51.214285714285936,24.0,174,,96.98612726506141,102.90547710382779,205.81095420765558,35.714749757891276,5.444690418290568,13.114184017298896,3.125633838338733
