lat,lon,t_start,t_end,climb_rate_ms,alt_gain_m,duration_s,circle_id,seg_id,avg_speed_kmh,turn_radius_m,circle_diameter_m,bank_angle_deg
-32.137514583333335,116.95760208333334,185.0,213.0,2.467261904761918,69.0833333333337,28.0,0,,107.06638607977071,132.53445787229512,265.06891574459024,34.22763844401582
-32.136134722222224,116.9580888888889,213.0,257.0,1.4597902097902062,64.23076923076907,44.0,1,,107.68994958900609,209.48140642497862,418.96281284995723,23.530358081019603
-32.13497777777778,116.95870925925927,257.0,289.0,2.337499999999989,74.79999999999964,32.0,2,,110.23402969302188,155.9492508674062,311.8985017348124,31.503218021060732
-32.13402083333334,116.96002083333333,289.0,317.0,3.053571428571445,85.50000000000045,28.0,3,,107.91614240517004,133.58634724704663,267.17269449409326,34.43859206034146
-32.13370416666666,116.96066250000001,317.0,345.0,2.133928571428592,59.750000000000576,28.0,4,,106.26598255394883,131.543660935385,263.08732187077,34.02796543313316
-32.13335238095238,116.96142857142856,345.0,369.0,2.4107142857142967,57.85714285714312,24.0,5,,104.11390453954476,110.46828368044181,220.93656736088363,37.66102869349337
-32.133352083333335,116.96202291666667,369.0,397.0,1.8154761904762136,50.83333333333398,28.0,6,,103.57300046264935,128.21009440158738,256.42018880317477,33.34921729434917
-32.13326111111112,116.96297222222223,397.0,429.0,0.8458333333333072,27.06666666666583,32.0,7,,101.30318653130813,143.31469233260447,286.62938466520893,29.389274393188554
-32.13343333333333,116.96463888888889,429.0,461.0,0.2791666666666599,8.933333333333117,32.0,8,,101.68319178446822,143.85228979430508,287.70457958861016,29.481090566604692
-32.132675,116.96576944444443,461.0,505.0,-0.5008741258741366,-22.03846153846201,44.0,9,,106.44268644800758,207.05519638443573,414.11039276887146,23.287007955534488
-32.15505625,116.96232708333332,601.0,629.0,1.8601190476190728,52.08333333333404,28.0,10,,101.21418015417393,125.29017730856974,250.58035461713948,32.74586208295699
-32.154997916666666,116.96370416666666,629.0,657.0,1.7589285714285945,49.25000000000065,28.0,11,,106.99443992843034,132.4453977618998,264.8907955237996,34.20972893813702
-32.15449166666667,116.96497708333334,657.0,685.0,1.6458333333333268,46.08333333333315,28.0,12,,104.91246423926466,129.8681788104608,259.7363576209216,33.68816023365622
-32.153764583333334,116.96652708333333,685.0,713.0,1.782738095238115,49.916666666667226,28.0,13,,109.52313278451737,135.57559528773524,271.1511905754705,34.83463515669431
-32.15318518518519,116.96870740740741,713.0,745.0,1.370833333333309,43.866666666665886,32.0,14,,107.67030887150061,152.32232783227087,304.64465566454174,30.905764063879474
-32.153025,116.971225,745.0,781.0,0.31666666666666893,11.400000000000082,36.0,15,,109.3202681963587,173.98861063582203,347.97722127164405,28.38078471548354
-32.152435185185176,116.97256851851853,781.0,813.0,0.30833333333332624,9.86666666666644,32.0,16,,107.53172416134734,152.12627057308998,304.25254114617996,30.873252956943624
-32.16481851851852,116.96280925925925,945.0,977.0,0.4041666666666368,12.933333333332378,32.0,17,,102.45890420354394,144.94969838020435,289.8993967604087,29.668001283994457
-32.1643,116.96329444444444,977.0,1009.0,0.049999999999989164,1.5999999999996533,32.0,18,,109.01791455057459,154.22879987816717,308.45759975633433,31.220753373930872
-32.127078921568625,116.9513549019608,1140.0,1173.0,0.8766997708174407,28.931092436975543,33.0,19,,104.32410691662162,152.20055857808742,304.40111715617485,29.35530527762809
-32.126913333333334,116.95312866666666,1173.0,1197.0,0.4369230769230594,10.486153846153424,24.0,20,,107.45701812675165,114.01543736525285,228.0308747305057,38.54028717301836
-32.126683950617284,116.9543462962963,1197.0,1229.0,1.065513626834414,34.09643605870125,32.0,21,,106.91609849405967,151.25533841270706,302.5106768254141,30.7285641881598
-32.12661666666666,116.95666296296297,1229.0,1261.0,0.7833333333333148,25.066666666666073,32.0,22,,101.7460685154709,143.9412421724787,287.8824843449574,29.496266716098887
-32.126735000000004,116.957415,1261.0,1297.0,0.2500000000000092,9.000000000000332,36.0,23,,97.13724771079464,154.59873131514863,309.19746263029725,25.64360070849496
-32.16565370370371,116.9858037037037,1545.0,1577.0,1.712499999999985,54.79999999999952,32.0,24,,99.8273037528045,141.2267453137329,282.4534906274658,29.03109980886178
-32.166111111111114,116.98590185185185,1577.0,1609.0,1.5874999999999924,50.799999999999756,32.0,25,,100.57794782559516,142.28868944428638,284.57737888857275,29.21358273501476
-32.166185,116.98762333333332,1609.0,1645.0,1.6136363636363693,58.09090909090929,36.0,26,,99.85174562305053,158.91898892263018,317.83797784526035,26.264997008031056
-32.16551111111111,116.98917407407407,1645.0,1677.0,1.4291666666666574,45.733333333333036,32.0,27,,100.80899210006666,142.6155502296661,285.2311004593322,29.269619666578723
-32.278333333333336,117.00914583333333,2109.0,2137.0,1.8690476190476502,52.3333333333342,28.0,28,,104.07069520549616,128.82617667861453,257.65235335722906,33.47546598810869
-32.277879166666665,117.01111666666667,2137.0,2165.0,1.2113095238095464,33.9166666666673,28.0,29,,106.44307460505257,131.76287818783842,263.52575637567685,34.072225052986454
-32.32296111111111,117.01145000000002,2325.0,2357.0,0.779166666666655,24.93333333333296,32.0,30,,102.76693510478978,145.38547296294507,290.77094592589015,29.742030469035928
-32.32196666666666,117.01312857142857,2357.0,2381.0,1.9642857142857368,47.142857142857686,24.0,31,,106.4774202168832,112.97605170126582,225.95210340253163,38.28483653247178
-32.32149814814815,117.01427222222225,2381.0,2413.0,1.7041666666666575,54.53333333333304,32.0,32,,100.39701999622183,142.032728925285,284.06545785057,29.169658087531158
-32.321989583333334,117.0154875,2413.0,2441.0,1.321428571428583,37.00000000000032,28.0,33,,98.15016179346094,121.49731544765574,242.99463089531147,31.949752486599362
-32.32196666666667,117.01674166666666,2441.0,2469.0,1.511904761904779,42.33333333333381,28.0,34,,100.42252441518964,124.31020901011983,248.62041802023967,32.54151185065473
-32.420331250000004,117.01923541666667,2809.0,2837.0,0.9791666666666744,27.416666666666885,28.0,35,,101.70603386268124,125.89902913402432,251.79805826804864,32.872354291915045
-32.42007083333334,117.01972291666667,2837.0,2865.0,1.0714285714285847,30.000000000000373,28.0,36,,104.00537672451975,128.74532077432727,257.49064154865454,33.45891777127682
-32.49681666666667,117.02205833333333,3109.0,3137.0,1.6220238095238255,45.41666666666711,28.0,37,,103.57929343404604,128.2178842932892,256.4357685865784,33.350815904473706
-32.49691190476191,117.02315,3137.0,3161.0,2.1339285714285925,51.21428571428622,24.0,38,,104.07060277134222,110.42233907741479,220.84467815482958,37.649500865198085
-32.4963119047619,117.02365238095238,3161.0,3185.0,2.080357142857168,49.928571428572035,24.0,39,,103.95337000972208,110.29795125405371,220.59590250810743,37.61827310638014
-32.495614583333335,117.02396041666667,3185.0,3213.0,1.5952380952381116,44.666666666667126,28.0,40,,104.14179960407695,128.9141948070234,257.8283896140468,33.49347286470557
-32.49480740740741,117.02484814814814,3213.0,3245.0,1.4458333333333047,46.26666666666575,32.0,41,,105.86874600992297,149.7736377459521,299.5472754919042,30.481406674812394
-32.49580909090909,117.02594545454545,3245.0,3285.0,1.3522727272727304,54.090909090909214,40.0,42,,106.2309839100982,187.857624431197,375.715248862394,25.290620241885307
-32.49706666666667,117.02727962962965,3285.0,3317.0,1.2499999999999918,39.99999999999974,32.0,43,,105.3551487526953,149.04704625931902,298.09409251863804,30.359745426252594
-32.61261333333333,117.03997166666667,3677.0,3713.0,0.5863636363636364,21.10909090909091,36.0,44,,103.85568247238716,165.29145233662732,330.58290467325463,27.169546170334485
-32.63011363636364,117.04037575757576,3813.0,3853.0,1.4750000000000083,59.000000000000334,40.0,45,,99.27574079801617,175.55805419015573,351.11610838031146,23.82442211290449
-32.629231481481476,117.04164444444444,3853.0,3885.0,0.7124999999999949,22.799999999999837,32.0,46,,100.9434601216059,142.80578356580617,285.61156713161233,29.30220497140439
-32.72747222222223,117.0533814814815,4253.0,4285.0,1.037499999999984,33.19999999999949,32.0,47,,104.81263285302045,148.27954326252612,296.55908652505224,30.230904411088964
-32.73953541666667,117.06446875,4353.0,4381.0,1.0148809523809557,28.416666666666757,28.0,48,,101.90093899629865,126.14029669862919,252.28059339725837,32.92237932797037
-32.738560416666665,117.06596250000001,4381.0,4409.0,1.4166666666666763,39.666666666666934,28.0,49,,100.91607294024554,124.92115880115152,249.84231760230304,32.66902121963131
-32.737554761904754,117.0665261904762,4409.0,4433.0,1.9375000000000009,46.50000000000002,24.0,50,,101.85083792677635,108.06709542731964,216.1341908546393,37.05374178815111
-32.73685476190476,117.06734047619048,4433.0,4457.0,2.0357142857143025,48.85714285714326,24.0,51,,100.54256906503184,106.67897905238733,213.35795810477467,36.698172633584136
-32.73652619047619,117.06802857142857,4457.0,4481.0,1.6071428571428843,38.57142857142922,24.0,52,,99.61762664135742,105.69758466036612,211.39516932073224,36.44478398449137
-32.73630625,117.06910625,4481.0,4509.0,1.5238095238095302,42.66666666666684,28.0,53,,97.51041806540584,120.70539474051792,241.41078948103583,31.781760854597838
-32.89668717948718,117.07277948717947,4969.0,5017.0,1.0673076923076958,51.2307692307694,48.0,54,,98.84006145353524,209.74512474449122,419.49024948898244,20.120475983617723
-32.89866875,117.07365833333333,5017.0,5045.0,2.2142857142857224,62.00000000000023,28.0,55,,96.05833225420261,118.90789869326659,237.81579738653318,31.39818076149489
-32.89852222222222,117.07408333333332,5045.0,5065.0,2.4285714285714075,48.57142857142815,20.0,56,,100.17000967419536,88.56973438450649,177.13946876901298,41.70355275755257
-32.89828571428571,117.07508571428572,5065.0,5089.0,2.4196428571428674,58.07142857142882,24.0,57,,97.94873470127764,103.92683531536665,207.8536706307333,35.98337083799127
-32.898479629629634,117.07598703703704,5089.0,5121.0,1.5916666666666441,50.93333333333261,32.0,58,,94.38433493272592,133.5265195998612,267.0530391997224,27.688560492297547
-32.89839375,117.07653125,5121.0,5149.0,2.035714285714287,57.000000000000036,28.0,59,,100.75252107446737,124.7187025620032,249.4374051240064,32.626807443691064
-32.89734285714286,117.07777142857144,5149.0,5173.0,2.267857142857165,54.428571428571956,24.0,60,,102.91778693391012,109.19916348406852,218.39832696813704,37.341278803734646
-32.86946481481481,117.05831666666667,5463.0,5495.0,0.5791666666666586,18.533333333333076,32.0,61,,98.12286812365059,138.81546215318363,277.63092430636726,28.614344876280388
-32.86861833333333,117.05807,5495.0,5531.0,1.381818181818191,49.745454545454876,36.0,62,,96.52480690453076,153.6240014984678,307.2480029969356,25.502496596683482
-32.867311904761905,117.05736666666667,5531.0,5555.0,1.4553571428571581,34.92857142857179,24.0,63,,98.91568993015701,104.95280667819803,209.90561335639606,36.25137638725185
-32.86679375,117.05821875,5555.0,5583.0,1.5952380952381116,44.666666666667126,28.0,64,,102.03133262302953,126.3017072893995,252.603414578799,32.955815071427956
-32.86614791666667,117.05948333333333,5583.0,5611.0,1.8392857142857248,51.5000000000003,28.0,65,,101.07702578956147,125.12039779116651,250.24079558233302,32.710525268794584
-32.86532619047619,117.06034761904762,5611.0,5635.0,2.0625000000000266,49.50000000000064,24.0,66,,103.43896852885557,109.75215433129574,219.50430866259148,37.48093940260428
-32.86478095238095,117.06112857142855,5635.0,5659.0,2.178571428571434,52.28571428571442,24.0,67,,102.26561890187234,108.50719171056635,217.0143834211327,37.16578332113357
-32.864325,117.06184166666668,5659.0,5687.0,2.306547619047652,64.58333333333425,28.0,68,,101.94385180106705,126.19341724863564,252.38683449727128,32.93338588962674
-32.8638119047619,117.06260952380954,5687.0,5711.0,2.2767857142857357,54.64285714285766,24.0,69,,100.12202116293354,106.2327638695482,212.4655277390964,36.58316935279732
-32.86300208333333,117.0634,5711.0,5739.0,1.729166666666698,48.416666666667545,28.0,70,,99.68834846720468,123.4013933228455,246.802786645691,32.351163842003324
-32.862545833333336,117.06448125,5739.0,5767.0,1.7916666666667023,50.166666666667666,28.0,71,,101.02823116709726,125.05999630502166,250.1199926100433,32.69794693665587
-32.861630000000005,117.06559166666666,5767.0,5803.0,1.2636363636363672,45.49090909090922,36.0,72,,103.65151319686683,164.9665068423618,329.9330136847236,27.12376950063631
-32.72129259259259,117.03287037037038,6179.0,6211.0,1.3583333333333216,43.46666666666629,32.0,73,,104.70659174168092,148.1295257777204,296.2590515554408,30.205681366210204
-32.721325,117.03243541666667,6211.0,6239.0,1.4017857142857235,39.250000000000256,28.0,74,,103.57638417346408,128.21428300171527,256.42856600343055,33.35007686925345
-32.72075625,117.032275,6239.0,6267.0,1.160714285714312,32.50000000000074,28.0,75,,99.65604465956882,123.36140535099932,246.72281070199864,32.34277004091444
-32.581972916666665,116.99750208333333,6671.0,6699.0,2.6636904761904945,74.58333333333384,28.0,76,,106.19474666074348,131.45548003349123,262.91096006698245,34.0101488130994
-32.58126428571428,116.99870476190476,6699.0,6723.0,2.9196428571428874,70.0714285714293,24.0,77,,100.58431405303186,106.72327186031742,213.44654372063485,36.70956951583662
-32.580645238095244,116.99957380952381,6723.0,6747.0,3.3125000000000226,79.50000000000054,24.0,78,,100.87074665291068,107.02718628787328,214.05437257574656,36.78767792881344
-32.580061904761905,116.99989285714287,6747.0,6771.0,3.0089285714285587,72.21428571428541,24.0,79,,97.0588938412444,102.98268483910377,205.96536967820754,35.73511930326181
-32.5793125,117.00046666666667,6771.0,6799.0,1.7232142857142843,48.24999999999996,28.0,80,,98.06293522462657,121.38934013966403,242.77868027932806,31.926883532115006
-32.57946481481482,117.00152962962963,6799.0,6831.0,1.8416666666666617,58.933333333333174,32.0,81,,100.65338293510624,142.39540829372072,284.79081658744144,29.231885334812606
-32.57972291666667,117.00355416666666,6831.0,6859.0,1.4434523809523896,40.416666666666906,28.0,82,,103.86174290858833,128.56752052698897,257.13504105397794,33.422506400164885
-32.2921625,116.943725,7711.0,7739.0,1.6875000000000124,47.25000000000035,28.0,83,,99.30618514963807,122.92832413683008,245.85664827366017,32.25176296552755
-32.12411999999999,116.95069499999997,8143.0,8179.0,1.5000000000000082,54.0000000000003,36.0,84,,99.70411898461634,158.68403383024176,317.3680676604835,26.23137153331493
-32.12297222222222,116.95147592592593,8179.0,8211.0,1.6416666666666573,52.53333333333303,32.0,85,,104.7433730578855,148.18156069583048,296.36312139166097,30.21443167205606
-32.12190833333334,116.95199583333334,8211.0,8239.0,1.7886904761904716,50.08333333333321,28.0,86,,100.78682400986634,124.76116519769114,249.52233039538228,32.6356645522706
-32.12165208333333,116.95294583333333,8239.0,8267.0,1.5148809523809619,42.416666666666934,28.0,87,,98.36508174514822,121.7633587907232,243.5267175814464,32.00605137613991
-32.12153333333333,116.9532976190476,8267.0,8291.0,2.58035714285717,61.92857142857208,24.0,88,,99.67950395341386,105.7632385275596,211.5264770551192,36.46178724485249
-32.121127083333334,116.954025,8291.0,8319.0,2.5982142857142976,72.75000000000033,28.0,89,,101.56050126647685,125.71887844017046,251.4377568803409,32.834964531225836
-32.120918518518515,116.95494074074074,8319.0,8351.0,2.4500000000000024,78.40000000000008,32.0,90,,104.50273187027047,147.8411230556488,295.6822461112976,30.15715471731801
-32.120675000000006,116.95593166666667,8351.0,8387.0,2.696969696969709,97.09090909090952,36.0,91,,100.01106700298925,159.17255677420485,318.3451135484097,26.30126439877874
-32.12024583333333,116.9562,8387.0,8415.0,3.199404761904782,89.5833333333339,28.0,92,,101.75202787657963,125.95596382585984,251.91192765171968,32.884164371056556
-32.11972083333333,116.95695,8415.0,8443.0,3.187500000000012,89.25000000000034,28.0,93,,106.93228810128963,132.3684617690315,264.736923538063,34.194251396099745
-32.118937037037036,116.95766111111112,8443.0,8475.0,2.454166666666662,78.53333333333319,32.0,94,,112.10533861701876,158.59661144790468,317.19322289580936,31.93454987567208
-32.118318518518514,116.95877592592592,8475.0,8507.0,2.079166666666644,66.5333333333326,32.0,95,,103.0356725006847,145.7656586069479,291.5313172138958,29.806527086385103
-32.118331481481476,116.95942407407408,8507.0,8539.0,1.2541666666666595,40.133333333333105,32.0,96,,103.02287769034459,145.74755765306742,291.49511530613484,29.803458232376887
-32.0977625,117.08235694444447,8815.0,8859.0,0.6407342657342572,28.192307692307317,44.0,97,,106.10358384863032,206.39556482447105,412.7911296489421,23.220692013180628
-32.09385897435897,117.08498076923077,8859.0,8907.0,0.872252747252749,41.868131868131954,48.0,98,,105.66863333451916,224.2358043327167,448.4716086654334,21.388470575018836
-32.09098518518518,117.08699999999999,8907.0,8939.0,1.4374999999999851,45.999999999999524,32.0,99,,104.04822241780784,147.19812371305844,294.3962474261169,30.048791523723153
-32.08951904761905,117.08791190476191,8939.0,8963.0,1.955357142857166,46.928571428571985,24.0,100,,102.80914047480593,109.08388601062941,218.16777202125883,37.312099270323564
-32.08838541666667,117.08911458333334,8963.0,8991.0,2.059523809523798,57.66666666666635,28.0,101,,105.88121724034313,131.06737081190215,262.1347416238043,33.931643877774405
-32.087361666666666,117.09098666666667,8991.0,9027.0,1.6166666666666778,58.2000000000004,36.0,102,,104.93219167760174,167.00476994956557,334.00953989913114,27.410289035921146
