lat,lon,t_start,t_end,climb_rate_ms,alt_gain_m,duration_s,circle_id,seg_id,avg_speed_kmh,turn_radius_m,circle_diameter_m,bank_angle_deg,bank_std_deg,bank_range_deg,bank_masd_deg
-32.136458045977015,116.97987816091955,242.0,269.0,1.5396468699839658,41.57046548956708,27.0,0,,98.62007454106421,117.71904263476162,235.43808526952324,33.017632471861255,8.633925251179265,30.60067892662815,11.435711233306945
-32.13440925925926,116.97883950617286,269.0,296.0,1.170144216017198,31.593893832464346,27.0,2,,92.91938713555761,110.91434828770097,221.82869657540195,31.4783526627621,9.788659602851004,36.31362011626454,12.493396858724541
-32.13254691358025,116.97845370370369,296.0,322.0,0.8431013431013532,21.920634920635184,26.0,4,,96.11657654755547,110.48142639887884,220.96285279775768,33.333250482404075,9.36411100347726,40.34727420044683,9.841474690573953
-32.13103111111111,116.97858444444446,322.0,351.0,1.5519466073414825,45.00645161290299,29.0,6,,96.03426002415594,123.12374680041326,246.24749360082652,30.505081361102953,7.725934876951723,27.17439076116786,9.149720121831574
-32.12716153846154,116.97537564102564,386.0,411.0,1.6492307692307961,41.2307692307699,25.0,8,,103.13611220707868,113.99043103497874,227.98086206995748,36.277602248906604,7.375317018713486,29.78808377407106,7.907571211799822
-32.12523602150537,116.97516075268818,411.0,441.0,1.2008064516128991,36.024193548386975,30.0,10,,97.44811003158651,129.24457005408254,258.4891401081651,30.024064925583087,7.265436364217594,29.370952596301205,9.574392301594692
-32.123420114942526,116.97414425287357,441.0,469.0,0.8812807881773361,24.67586206896541,28.0,12,,94.36639854986281,116.81350170770412,233.62700341540824,30.947255941656145,5.545801728752886,21.09235038595555,7.258429596300607
-32.111225595238096,116.97286488095237,670.0,697.0,0.9827586206896514,26.534482758620587,27.0,14,,105.98779163422623,126.51360709485701,253.02721418971402,34.930213467052255,8.169028431446725,30.291666260605723,7.680466163953218
-32.10932171717172,116.97274949494951,697.0,729.0,1.8155080213903654,58.09625668449169,32.0,16,,103.26595491233509,146.09144157691486,292.1828831538297,29.861728465148648,8.432008598909926,42.88752354120919,8.880995469413184
-32.10705493827161,116.97207716049385,729.0,755.0,1.1196581196581235,29.11111111111121,26.0,18,,98.44953813162022,113.16305461327676,226.3261092265535,33.96705766136226,7.852883517739641,30.46714666050169,9.276679987830153
-32.10527634408602,116.97146989247314,755.0,785.0,0.8931451612903297,26.794354838709893,30.0,20,,98.4863633031385,130.62159622365616,261.2431924473123,30.287821674816215,8.39424121192572,32.843343218855146,11.967798237942894
-32.1033609375,116.97078541666667,785.0,816.0,0.5731304985337564,17.767045454546448,31.0,22,,98.80645704936693,135.41433819803265,270.8286763960653,29.55600668348154,7.971540303600463,35.41580459458959,10.415805243253152
-32.059766049382716,116.95236296296297,999.0,1025.0,1.4786324786324774,38.444444444444414,26.0,24,,99.19352603593623,114.01823327074462,228.03646654148923,34.16722052638681,7.8071357155874885,30.914018649096448,10.497992251115804
-32.05774642857142,116.95204821428572,1025.0,1052.0,0.9050355774493654,24.435960591132865,27.0,26,,97.43960531018661,116.3099612852962,232.6199225705924,32.70316702577789,9.843209757153728,36.79597318550364,8.796817862008584
-32.05644102564103,116.95261666666667,1052.0,1077.0,1.31897435897437,32.974358974359255,25.0,28,,96.74224404599013,106.92365517862368,213.84731035724735,34.546213574841104,17.060548121144603,88.37378992107506,21.093255716402137
-32.055286309523815,116.9522011904762,1077.0,1104.0,1.3617952928297916,36.76847290640438,27.0,30,,101.33039234397789,120.95424620238921,241.90849240477843,33.73121586809181,14.569588267442995,81.99844777224943,14.628384453805896
-32.05404252873563,116.95194942528737,1104.0,1132.0,1.304926108374371,36.53793103448239,28.0,32,,101.66738457979122,125.85118627743284,251.7023725548657,32.862427717218466,8.19653935856201,48.50708484657274,8.235924872245867
-32.052983888888896,116.9514411111111,1132.0,1161.0,0.5074527252502722,14.716129032257893,29.0,34,,104.68486736582528,134.21453031597932,268.42906063195863,32.710014560999554,13.39610371326497,64.30791202423099,16.97058473886214
-32.05138172043011,116.95168333333334,1161.0,1191.0,0.661290322580637,19.83870967741911,30.0,36,,100.23317706023637,132.93837992451492,265.87675984902984,30.72839715448169,10.586300522164587,46.099987810180316,7.617023078761869
-32.045810416666676,116.95200555555556,1264.0,1286.0,1.3723828719509987,30.19242318292197,22.0,38,,115.03901577421708,111.88850449879159,223.77700899758318,42.93255505315248,7.060246231567385,24.469778825749717,7.618433269879076
-32.04453125,116.95175972222223,1286.0,1310.0,1.4621651964715625,35.0919647153175,24.0,40,,101.40986519268202,107.5992088246539,215.1984176493078,36.934261348347235,8.828573678796515,40.43213166605622,9.87641148082372
-32.04367037037037,116.95128580246913,1310.0,1336.0,1.7240537240537377,44.82539682539718,26.0,42,,104.25192387730232,119.8326206415914,239.6652412831828,35.50318638344109,13.370266766077725,85.68346969462041,14.162901419797231
-32.04253012820513,116.95074935897436,1336.0,1361.0,1.3001709401709332,32.50427350427333,25.0,44,,106.4297702267485,117.63072238695594,235.26144477391188,37.14068013120642,16.499484896866818,84.68824507407298,18.618810363891402
-32.040915,116.95060055555555,1361.0,1390.0,1.1339265850945524,32.88387096774202,29.0,46,,102.76429821392655,131.75220416371255,263.5044083274251,32.22949883685085,14.179268774931213,80.97090292463672,15.541526151634065
-32.121275000000004,116.95268035714285,1845.0,1872.0,1.2238642583470134,33.04433497536936,27.0,48,,104.9459520931555,125.27000274833203,250.54000549666407,34.664975514217005,11.08098258564988,43.03560250518275,8.639444433940893
-32.11974333333333,116.95337066666667,1872.0,1896.0,0.6030769230769173,14.473846153846015,24.0,50,,99.31698348926318,105.37859236861594,210.75718473723188,36.36206413077065,8.028728310387933,40.90062202008991,8.23407899872701
-32.14931,117.00188166666665,2111.0,2140.0,1.6749721913236935,48.57419354838711,29.0,52,,101.43853437669149,130.05246689316124,260.1049337863225,31.894804799237555,8.184773809403413,35.2564384393538,8.30409424281564
-32.148060666666666,117.00098333333334,2140.0,2164.0,2.1792307692307724,52.30153846153854,24.0,54,,92.32666499005838,97.96163408238151,195.92326816476302,34.388615685254166,7.455896683529736,30.67263059809901,8.008271150960141
-32.14668533333334,117.000518,2164.0,2188.0,2.542307692307713,61.015384615385116,24.0,56,,96.60160524047808,102.49748656422685,204.9949731284537,35.606937464426856,5.889382582151971,19.754526671121443,7.5813442313916
-32.145178395061734,117.00053827160494,2188.0,2214.0,2.184981684981692,56.80952380952399,26.0,58,,90.63104443622443,104.17606853049021,208.35213706098043,31.806021491796052,7.483130727298366,34.994773580469264,9.12664482921195
-32.1416484375,117.00035520833333,2247.0,2278.0,1.4847873900293551,46.02840909091001,31.0,60,,91.50909704848038,125.41329975760841,250.82659951521683,27.707706818393397,6.635362576431947,25.078725941833888,8.978865109911565
-32.19017115384615,117.01361794871795,2517.0,2542.0,1.2523076923077,31.3076923076925,25.0,62,,101.62106850588141,112.31594010410522,224.63188020821045,35.87405870423719,8.327198074673566,32.35258686728136,9.173173637075415
-32.188997979797975,117.01402575757575,2542.0,2574.0,-0.044451871657769884,-1.4224598930486363,32.0,64,,96.98422032677534,137.20460503928683,274.40921007857366,28.334073998106778,10.81622310018617,50.11081731630037,9.560407019206247
-32.18697,117.01354133333334,2574.0,2598.0,0.5938461538461655,14.252307692307971,24.0,66,,98.80211728360311,104.83230235753749,209.66460471507497,36.2199928687781,8.495258999081862,33.89616214536298,9.307638599407522
-32.18580961538461,117.01417115384615,2598.0,2623.0,0.32615384615385773,8.153846153846443,25.0,68,,102.29976604015086,113.06606557246121,226.13213114492243,36.05534715053684,10.678509383690304,39.59151461523761,13.648494082500237
-32.20418680555556,117.02282569444445,2739.0,2762.0,1.7630434782608635,40.54999999999986,23.0,70,,107.85683983112828,109.67134214557848,219.34268429115696,39.83862989486788,10.946301217692302,38.1538303780497,9.228749421448398
-32.20271597222222,117.02345833333334,2762.0,2785.0,1.323478260869587,30.440000000000502,23.0,72,,100.13013317636478,101.81464719215819,203.62929438431638,37.759308215779754,7.717430640143681,29.45480603659101,6.320878543898481
-32.201635333333336,117.023776,2785.0,2809.0,0.5199999999999948,12.479999999999876,24.0,74,,95.7672537319523,101.61221211850646,203.22442423701293,35.3719995036386,8.101713335501508,25.9865635415259,9.696578159203147
-32.26557569444444,117.05315833333333,3151.0,3174.0,0.33391304347826695,7.68000000000014,23.0,76,,98.77718513266811,100.43893816862507,200.87787633725014,37.382615936160896,8.546966486554743,45.904002486443204,8.082414399528467
-32.26422101449275,117.05301014492755,3174.0,3196.0,0.4911067193675829,10.804347826086824,22.0,78,,95.96241755833528,93.33434675557392,186.66869351114784,37.813069187176914,5.329054724570587,23.891543109941583,4.072553961243933
-32.262974,117.053108,3196.0,3220.0,0.7599999999999975,18.239999999999938,24.0,80,,101.8505181549917,108.0667561389184,216.1335122778368,37.05365528277647,6.756615678105395,28.34589082637223,7.225305693960289
-32.26132777777778,117.0531111111111,3220.0,3243.0,0.8769565217391111,20.169999999999554,23.0,82,,97.58757549306547,99.22931543158948,198.45863086317897,37.048243202578924,5.384792252804764,21.85378184567717,6.422320017877603
-32.259420666666664,117.053482,3243.0,3267.0,0.6730769230769121,16.15384615384589,24.0,84,,97.97308082443823,103.95266735434086,207.90533470868172,35.990141181277245,6.167985695258481,21.06526040651895,7.14316195412446
-32.2574384057971,117.05399492753624,3267.0,3289.0,1.1531620553359478,25.369565217390853,22.0,86,,102.1190178604951,99.32233957670041,198.64467915340083,39.55102314591131,7.223109921910568,25.490701895041322,10.231058435019943
-32.25591875,117.05423125,3289.0,3312.0,0.8137633933503094,18.716558047057116,23.0,88,,104.24109576715932,105.99476952421062,211.98953904842125,38.88070437210044,8.840527993744134,41.04895429856664,8.918380617131632
-32.25447068965517,117.0544948275862,3312.0,3340.0,0.9236453201970407,25.86206896551714,28.0,90,,98.10727782100489,121.4442305883551,242.8884611767102,31.938510641591282,6.973002262903284,31.218232984349022,8.325695470248197
-32.252567816091954,117.05417183908047,3340.0,3368.0,0.30147783251233323,8.441379310345331,28.0,92,,98.12557839544729,121.4668843530079,242.9337687060158,31.943308393241256,7.300549939054461,32.433964703220624,7.670944391376651
-32.250513194444444,117.05475,3368.0,3391.0,0.26086956521738136,5.999999999999771,23.0,94,,101.28231230577221,102.98620971626033,205.97241943252067,38.077106569394765,8.812856911677871,41.242962138942744,8.768529782583899
-32.24875866666666,117.05390933333334,3391.0,3415.0,0.6653846153846124,15.969230769230697,24.0,96,,103.67724873054946,110.00497747756587,220.00995495513175,37.544617813100196,7.601229892525706,28.57607889739914,7.976057439493007
-32.24717676767676,117.05347727272726,3415.0,3447.0,0.5605298663068935,17.936955721820592,32.0,98,,96.61564963177699,136.68318416828413,273.36636833656826,28.243034169331814,12.204307441259461,44.99522272240229,8.075289390024427
-32.247970707070714,117.05655151515151,3491.0,3523.0,0.5340909090908705,17.090909090907857,32.0,100,,93.22917319087131,131.89230003286735,263.7846000657347,27.39927071157096,9.360392400475504,40.59095943523573,10.263301462412745
-32.2462,117.05676182795699,3523.0,3552.0,0.9466562322140096,27.45303073420628,29.0,102,,96.92604309304204,124.26708536257647,248.53417072515293,30.737219934525907,9.184172369737725,39.25914142547865,11.098251868630944
-32.24739866666666,117.06056066666667,3593.0,3617.0,1.7599999999999973,42.23999999999994,24.0,104,,94.38569889543874,100.14633690928214,200.29267381856428,34.979952077382784,7.520488167049888,27.446950565562936,10.150257966088517
-32.24594444444445,117.06088333333335,3617.0,3643.0,1.5293040293040387,39.76190476190501,26.0,106,,93.21117697472239,107.14180798345937,214.28361596691875,32.53083659293011,7.472645639380246,30.06110131492142,8.37082568561444
-32.24448045977012,117.06112816091954,3643.0,3670.0,1.5867409942489894,42.84200684472271,27.0,108,,93.68360627527201,111.82656769038334,223.65313538076668,31.687736401173684,6.66356786006743,29.40439308564037,8.598862522771416
-32.24289423076923,117.06119615384615,3670.0,3696.0,1.75131782945736,45.53426356589136,26.0,110,,88.18608483057965,101.36570392511304,202.73140785022608,31.10851838553855,6.712674387572907,30.75852381030576,7.217543088905695
-32.241280864197535,117.06118518518517,3696.0,3722.0,1.5543345543345746,40.41269841269894,26.0,112,,91.6629793007777,105.36222850290842,210.72445700581684,32.09729860254452,7.949540251164208,32.85885294148477,10.156233419863486
-32.239938461538465,117.06154807692309,3722.0,3747.0,1.504615384615405,37.615384615385125,25.0,114,,91.20449891411921,100.80310301667689,201.60620603335377,32.98597576391268,8.15125176934437,30.665134759271012,10.264556262599248
-32.23896616161617,117.06199797979798,3747.0,3779.0,1.03509358288765,33.1229946524048,32.0,116,,87.61395746371878,123.94839479283466,247.89678958566932,25.97141693039683,8.165824738538923,32.991896857601894,9.99489731859138
-32.237880357142856,117.0629238095238,3779.0,3805.0,1.5837901331244884,41.1785434612367,26.0,118,,94.8802651675777,109.06034535709277,218.12069071418554,32.99358488412303,7.1971036143117075,29.41699714757039,8.291294088689984
-32.3159024691358,117.06640617283949,4325.0,4351.0,1.1495726495726548,29.888888888889024,26.0,120,,90.51059528063725,104.0376179635245,208.075235927049,31.771902727382567,6.493121724422028,25.860079455972187,8.200475716514857
-32.31413273809524,117.06590357142855,4351.0,4378.0,0.9515599343185426,25.69211822660065,27.0,122,,89.47217228328134,106.79953866040422,213.59907732080845,30.522164378249517,8.076639065467724,29.211061640228614,11.455584743433807
-32.30439277777778,117.06981055555555,4552.0,4582.0,-0.11993208828523602,-3.597962648557081,30.0,124,,95.77155168759072,127.0209654888418,254.0419309776836,29.595175282776168,19.770773103850278,113.5071713776507,20.828607223272638
-32.30748043478261,117.04487608695653,4826.0,4849.0,0.5076526746476872,11.676011516896805,23.0,126,,93.79567422824593,95.37362207317666,190.74724414635332,35.96251042812726,8.079594021066441,39.302485907967494,8.983949558431405
-32.3063537037037,117.04491851851851,4849.0,4875.0,0.885836385836374,23.031746031745726,26.0,128,,95.52385102775285,109.80011664729389,219.60023329458778,33.170732799060296,10.257269869698321,58.86830997256246,10.558798374555863
-32.30501217948718,117.0452455128205,4875.0,4900.0,0.7169230769230833,17.923076923077083,25.0,130,,97.75902398771785,108.0474437464199,216.0948874928398,34.82653395233242,7.662016047319389,29.2423360122905,10.21173291039981
-32.30389637681159,117.04546304347826,4900.0,4922.0,0.7381422924901032,16.239130434782272,22.0,132,,101.95498466257837,99.16279866721385,198.3255973344277,39.50580665728072,6.488298603640416,22.066651978936196,9.4863707812854
-32.302649333333335,117.04561533333336,4922.0,4945.0,0.7765979101642132,17.861751933776905,23.0,134,,103.28743128256077,105.02506130592562,210.05012261185124,38.623646612331285,7.776191507129126,26.312433036451537,10.439819938911597
-32.3008858974359,117.04571153846153,4945.0,4971.0,0.38644688644688974,10.047619047619133,26.0,136,,104.01065388232348,119.55529227483123,239.11058454966246,35.44044739508003,14.987250012275412,65.1884970402838,15.489133202511548
-32.299354666666666,117.04636533333331,4971.0,4995.0,0.04923076923078692,1.181538461538886,24.0,138,,99.08838236905676,105.13603904676796,210.27207809353592,36.29904820485305,7.090837836640968,28.80013051356596,8.908353019463881
-32.297958641975306,117.04625432098767,4995.0,5021.0,0.6965811965812004,18.11111111111121,26.0,140,,105.67551550216125,121.46897140410628,242.93794280821257,35.871382451544314,15.089246770552345,74.74024956936323,16.666873502890166
-32.29664733333333,117.04635999999999,5021.0,5045.0,0.4892307692307571,11.74153846153817,24.0,142,,102.62402046997875,108.88746758507314,217.77493517014628,37.2623287630513,5.766345229049639,26.792494142736018,7.779348403187976
-32.29483397435898,117.04605769230768,5086.0,5112.0,0.5275611989802278,13.716591173485924,26.0,144,,99.22049935326623,114.04923781418935,228.0984756283787,34.174459681844695,17.23762905168151,81.99233998221423,16.3473635115293
-32.29339358974359,117.04641474358974,5112.0,5137.0,0.7712820512820433,19.282051282051082,25.0,146,,99.46748127356918,109.93570362214629,219.87140724429258,35.29328099442793,11.830015148187051,63.21864154901784,10.145773829294166
-32.292155376344084,117.04640698924733,5137.0,5167.0,0.41774193548385463,12.53225806451564,30.0,148,,107.66465105001024,142.7946784239429,285.5893568478858,32.55819185690366,11.232632105004896,56.74088456364592,11.490336123426072
-32.29064236111111,117.04581527777778,5167.0,5189.0,0.9484823625922807,20.866611977030175,22.0,150,,105.2050109823156,102.3238182747774,204.6476365495548,40.39078656059696,5.073698202875353,18.445969056423948,5.90904111676886
-32.28968525641026,117.04609294871793,5189.0,5214.0,0.5459829059829112,13.64957264957278,25.0,152,,109.29165510286728,120.7937996410826,241.5875992821652,37.87497239167417,6.525286454968723,28.12035775083311,8.289347632028003
-32.28846481481481,117.04615370370372,5214.0,5241.0,0.843382761420458,22.771334558352365,27.0,154,,100.42520287645972,119.87375586596242,239.74751173192485,33.4941957830005,14.273234379679533,61.8885986160326,17.943941637392086
-32.28740069444444,117.04590208333332,5241.0,5264.0,1.1778260869565,27.089999999999502,23.0,156,,104.45718933367323,106.21449848628396,212.42899697256792,38.93869486851643,26.92183174283828,133.19377985446675,26.47663863150409
-32.28616111111111,117.04579652777777,5264.0,5287.0,1.2052173913043356,27.719999999999718,23.0,158,,101.70409981211557,103.41509305822862,206.83018611645724,38.192760045614335,7.1869277647180185,29.13400674665369,7.240070315700906
-32.284793589743586,117.04603269230769,5287.0,5311.0,1.414618129907188,33.95083511777251,24.0,160,,110.081620695133,116.80022718131667,233.60045436263334,39.2158522987158,5.613471620020537,17.42673707200408,7.392076695419077
-32.28348888888889,117.04589930555555,5311.0,5334.0,0.9243478260869608,21.260000000000097,23.0,162,,103.33754931294511,105.07602248434091,210.15204496868182,38.637201922931766,24.79999185451908,105.58560944335304,32.30207148490332
-32.282215151515146,117.04601136363634,5334.0,5356.0,1.5631165509682132,34.38856412130069,22.0,164,,98.81081960342,96.10474115516907,192.20948231033813,38.62764715023115,22.45174007271592,102.93580513975884,27.76688647819061
-32.28130119047619,117.04643035714285,5356.0,5383.0,1.0090311986863585,27.24384236453168,27.0,166,,99.4614207260167,118.72332566616186,237.4466513323237,33.240399156676794,11.962875629003975,58.08853594026441,13.777244939289366
-32.279725862068965,117.04664310344828,5383.0,5411.0,0.7660098522167594,21.448275862069263,28.0,168,,105.24108207956851,130.27496556124723,260.54993112249446,33.77090945297952,11.674776832935981,65.11575518296593,9.834052199694428
-32.27764523809524,117.04616547619048,5411.0,5437.0,-0.0684148596402856,-1.7787863506474255,26.0,170,,113.69598994968807,130.6881247404728,261.3762494809456,37.8829520351181,7.698651070000668,32.06778218308365,6.7000945718669485
-32.1387940860215,116.94276612903226,6014.0,6044.0,0.7330645161290351,21.991935483871053,30.0,172,,87.92021656441597,116.6078088661395,233.215617732279,27.537797363892874,21.072047431153795,122.5993901071384,22.07349041067759
-32.13426777777778,116.94104722222222,6119.0,6148.0,1.1561735261401613,33.52903225806468,29.0,174,,93.85717567942406,120.33254726853279,240.66509453706558,29.933690119955727,9.405366010498552,39.00839462092774,11.570057179157107
-32.10422816091954,116.92240344827589,6461.0,6490.0,0.6208580118456681,18.004882343524375,29.0,176,,102.48919229336408,131.39949595626547,262.79899191253094,32.16024867758971,25.233118569868555,133.0952481703369,21.197166694856772
-32.10262474747474,116.92198636363636,6490.0,6522.0,0.20655080213902016,6.609625668448645,32.0,178,,100.27219439131531,141.8561368182156,283.7122736364312,29.139331690865237,20.284152071762545,131.4187550009064,14.891253681941464
-32.095188541666666,116.91949895833334,6624.0,6655.0,0.37170087976541194,11.52272727272777,31.0,180,,95.27809643812881,130.57871680887493,261.15743361774986,28.670462278647193,7.399004790404182,27.109726147012672,10.15201840262933
