lat,lon,t_start,t_end,climb_rate_ms,alt_gain_m,duration_s,circle_id,seg_id,avg_speed_kmh,turn_radius_m,circle_diameter_m,bank_angle_deg,bank_std_deg,bank_range_deg,bank_masd_deg
-31.620243181818182,117.19917500000001,236.0,257.0,3.124223602484467,65.60869565217381,21.0,0,,112.49516296651063,104.44094068361619,208.88188136723238,43.623389773003225,10.128566433415646,42.83493175093541,7.996826880699665
-31.621139999999997,117.19981266666667,257.0,281.0,3.3023076923077106,79.25538461538505,24.0,2,,102.26356616030762,108.50501368412023,217.01002736824046,37.16522964618136,8.774159411589466,33.42956579474274,7.6854416938224315
-31.621874637681163,117.20087681159418,281.0,303.0,3.166996047430818,69.673913043478,22.0,4,,99.74866755040485,97.01690476791543,194.03380953583087,38.89187601271971,6.6156691182103,26.483459007487152,8.449006088738962
-31.622973809523803,117.20188174603176,303.0,323.0,2.6207792207791862,52.41558441558372,20.0,6,,98.72784468080744,87.29458056532994,174.58916113065987,41.29121123756642,9.716579788153323,36.29776520542772,11.515115710839007
-31.623702500000007,117.20293333333332,323.0,342.0,2.461654135338301,46.77142857142771,19.0,8,,108.00795482442184,90.72499949097343,181.44999898194686,45.323910444733116,6.238296383408135,22.362625225448127,7.877701575566407
-31.62468985507246,117.20431449275362,342.0,364.0,2.563241106719349,56.39130434782568,22.0,10,,109.44180259018073,106.44457916347845,212.8891583269569,41.51050776715034,5.458277342023954,20.800003266451334,6.116121404202529
-31.62581767676767,117.20678686868688,364.0,396.0,1.7322860962566564,55.433155080213005,32.0,12,,115.37822964101065,163.2268050894105,326.453610178821,32.67930794073285,7.585483491431532,37.07994223598901,8.064324231233847
-31.62630902777778,117.20964236111111,396.0,419.0,3.466086956521747,79.72000000000018,23.0,14,,116.80915331423142,118.77426261438792,237.54852522877584,42.099731946668165,7.609304137511344,27.535728802431844,6.472355736048363
-31.62732142857143,117.21106825396824,419.0,439.0,3.7909090909090635,75.81818181818127,20.0,16,,111.15863923495907,98.28581612006907,196.57163224013814,44.67820608489367,8.098462212973267,33.25398618102123,10.730268887638564
-31.62897988505748,117.21425574712643,472.0,500.0,3.0536945812807725,85.50344827586163,28.0,18,,105.51214502544175,130.61050673243992,261.22101346487983,33.839045712635816,5.198633857509158,23.1936401455041,5.302853539410411
-31.62988988095238,117.21619642857141,500.0,527.0,1.940065681445016,52.38177339901543,27.0,20,,114.66047905811568,136.86586514537893,273.73173029075787,37.07256217148271,10.074177099490964,40.11506394143014,8.102628948800179
-31.63083782051282,117.21689807692309,527.0,552.0,2.8717948717949016,71.79487179487253,25.0,22,,109.47683613283866,120.99846961529643,241.99693923059286,37.92198906616491,8.677491652641859,38.13288903074022,7.439298349837376
-31.631968333333337,117.21795611111109,552.0,581.0,2.305895439377092,66.87096774193567,29.0,24,,108.08011701453259,138.5675170309962,277.1350340619924,33.54696902812585,6.584560065715441,24.60410981691469,7.501958936467323
-31.6334632183908,117.21957931034484,581.0,609.0,1.6852216748768398,47.18620689655152,28.0,26,,110.20912856175939,136.42477010131037,272.84954020262074,35.00254861853997,7.647541720369766,33.30343073485282,9.893351788393977
-31.63464569892473,117.22116666666665,609.0,639.0,2.42741935483867,72.8225806451601,30.0,28,,108.95062487793874,144.50025418562313,289.00050837124627,32.86753014500722,8.5672343296424,33.61118140283071,9.002696927329456
-31.63645178571429,117.22594345238096,672.0,699.0,1.661466885604816,44.859605911330036,27.0,30,,107.24212598863457,128.01085844081254,256.0217168816251,35.24728933369787,5.739617559712432,19.740324881062104,7.147277044180336
-31.665112121212122,117.19969696969697,979.0,1000.0,1.73969508752115,36.53359683794415,21.0,32,,121.6561447445839,112.94603129602118,225.89206259204235,45.865524137807576,4.532797983988656,16.56165651686127,5.6844586991547335
-31.665316000000004,117.200834,1000.0,1024.0,1.9099999999999844,45.83999999999963,24.0,34,,115.87559719432384,122.94782718134667,245.89565436269334,40.66231382611743,5.504328849176893,21.759477061032257,8.237615235280883
-31.665756410256407,117.20186987179487,1024.0,1049.0,1.4984615384615776,37.46153846153944,25.0,36,,111.50275505996515,123.23760163998817,246.47520327997634,38.43245107105757,7.075805250964601,30.58628589591187,8.92381229094216
-31.665870833333333,117.20318611111111,1049.0,1072.0,1.448260869565194,33.30999999999946,23.0,38,,115.45158383077725,117.39385440347232,234.78770880694464,41.766751960045724,4.925766796896395,17.96990101476096,6.814137463061734
-31.666319230769236,117.20469423076922,1072.0,1097.0,2.041025641025621,51.025641025640525,25.0,40,,111.16360122038276,122.8627543480567,245.7255086961134,38.347493830342636,3.754250290589152,17.52096195910622,4.44674535062453
-31.666923913043483,117.20593623188405,1097.0,1119.0,0.7411067193675904,16.30434782608699,22.0,42,,116.92574691199631,113.72356475184301,227.44712950368603,43.39763108348942,7.076618862833726,24.470258536391533,7.918155055820494
-31.667185606060613,117.20754090909091,1119.0,1140.0,1.7103331451156938,35.91699604742957,21.0,44,,122.74440593122564,113.9563771548575,227.912754309715,46.12049706622436,6.246046283312947,24.7761913153236,6.2234555178271265
-31.66786086956522,117.2093384057971,1140.0,1162.0,1.1284584980236827,24.82608695652102,22.0,46,,120.4477222384208,117.14908564580391,234.29817129160782,44.24705722227792,6.783932502147865,24.701412900373853,5.273722997469169
-31.769934946236557,117.07758548387095,1822.0,1852.0,1.7092741935483757,51.278225806451275,30.0,48,,107.79009556308867,142.9610543767778,285.9221087535556,32.58846172941396,16.204834708146493,56.31945666855262,11.600809370289532
-31.7482875,117.03294652777777,2207.0,2230.0,2.2926086956521528,52.729999999999514,23.0,50,,113.12411576744512,115.02723076878898,230.05446153757796,41.18773416820512,10.210508803380904,40.37195002024181,7.6191582383524175
-31.750109722222223,117.03460902777776,2230.0,2253.0,2.001739130434726,46.03999999999869,23.0,52,,109.33884804063872,111.17828254604132,222.35656509208263,40.22371776283689,4.668532553930061,17.569398684695578,5.042310975031839
-31.75163,117.03556866666666,2253.0,2277.0,2.3023076923076977,55.25538461538474,24.0,54,,110.61903562812374,117.37044213516252,234.74088427032504,39.352602224862196,8.108837369861343,30.203236149400944,8.035085984442839
-31.753429861111112,117.03548402777778,2277.0,2300.0,1.3634782608696017,31.360000000000838,23.0,56,,115.01718072256917,116.95214322424637,233.90428644849274,41.65946697769347,8.738009209266517,34.84965727831168,8.22673131269337
-31.8334890625,117.049953125,2721.0,2752.0,2.326246334310884,72.11363636363741,31.0,58,,104.11400223671662,142.68833364796583,285.37666729593167,30.859356935023982,8.245688396654153,37.87641505279069,8.80422954947633
-31.83394827586207,117.05006666666665,2752.0,2780.0,3.2133004926108497,89.9724137931038,28.0,60,,111.70242312387704,138.27327729839138,276.54655459678276,35.36569583335204,7.833964588560746,27.98243657641787,8.096595295057542
-31.834324000000002,117.05104466666667,2780.0,2804.0,2.6807692307692244,64.33846153846139,24.0,62,,110.05537548334723,116.7723801467287,233.5447602934574,39.20916029217168,6.86595303580896,23.86598711650195,7.327343889620032
-31.834932692307692,117.05216538461538,2804.0,2829.0,2.8827350427350833,72.06837606837708,25.0,64,,113.26717113713697,125.18770955910418,250.37541911820836,38.871222770350975,4.257995809184851,17.87310887741159,4.46204838459895
-31.83575227272727,117.05315984848484,2829.0,2850.0,2.217391304347709,46.565217391301886,21.0,66,,126.32391123463972,117.27960360488588,234.55920720977176,46.94277960683939,8.171876124286818,33.846487859795104,8.604469661763641
-31.836714393939396,117.05437272727274,2850.0,2871.0,3.505364201016315,73.61264822134261,21.0,68,,121.7135467725493,112.99932355890397,225.99864711780793,45.87903185730195,12.52663953633573,45.95541682006443,6.495166669002809
-31.83764642857143,117.05417738095238,2871.0,2898.0,2.0481663929940015,55.30049261083804,27.0,70,,115.2003449507311,137.5102825860024,275.0205651720048,37.20209419175086,8.147479048283087,38.96080465950351,8.17231024502242
-31.838249382716047,117.05456975308643,2898.0,2924.0,1.9609279609279855,50.98412698412762,26.0,72,,117.12522363430327,134.6298655154776,269.2597310309552,38.71101049797587,7.123896718351154,33.08029641588927,6.596066982440609
-31.83918214285714,117.05560773809525,2924.0,2951.0,2.411877394635986,65.12068965517163,27.0,74,,118.57645992934907,141.5402229907047,283.0804459814094,38.00212766256281,7.598858873438624,22.857373691006202,6.934061637708873
-31.840251149425285,117.05611839080463,2951.0,2979.0,2.2610837438423856,63.310344827586796,28.0,76,,114.72059709597849,142.00938968438996,284.0187793687799,36.08980067726487,8.511191599268074,27.419650941423512,7.313369899657787
-31.84106481481481,117.05619259259258,2979.0,3005.0,1.2228327228327716,31.79365079365206,26.0,78,,118.09002867235107,135.7388629499379,271.4777258998758,38.940589702998494,11.346353341442846,43.263880321815236,8.214911931309297
-31.84526488095238,117.05995892857145,3041.0,3068.0,2.831964969896027,76.46305418719274,27.0,80,,115.66534434485334,138.0653347268221,276.1306694536442,37.31330801589201,11.242739211345466,39.19099468448529,6.7834378872604155
-31.847984722222222,117.06585555555556,3137.0,3160.0,1.0634782608695466,24.45999999999957,23.0,82,,109.06402701619436,110.89883813947584,221.79767627895168,40.1526358407746,8.67491924879942,28.333633003737248,7.877912205594424
-31.850111290322584,117.06843870967745,3193.0,3223.0,1.4177419354838607,42.53225806451582,30.0,84,,119.1172526727606,157.98416308663442,315.96832617326885,35.238072688833356,9.144544554594265,34.01546570163426,7.376256068884744
-31.878452222222222,117.06967222222222,4565.0,4594.0,1.751279199110117,50.787096774193394,29.0,86,,99.8631897174296,128.03274667142418,256.06549334284836,31.49391603712854,11.117104884418861,42.244990812505165,5.64023090678343
-31.880200595238097,117.07064523809525,4594.0,4621.0,1.163929939791991,31.42610837438376,27.0,88,,111.5483209227899,133.15100001347326,266.30200002694653,36.3171641020984,9.304049868895298,38.51511503110113,9.309046465048125
-31.882332608695656,117.07196376811594,4621.0,4643.0,0.8132411067193186,17.89130434782501,22.0,90,,115.88125424647761,112.707677041762,225.415354083524,43.141040645480956,7.459388146344813,31.93296477080076,10.297274376550892
-31.883926543209878,117.07412962962962,4643.0,4669.0,1.2051282051282461,31.3333333333344,26.0,92,,119.94120953024311,137.8667071683701,275.7334143367402,39.3769555651269,8.649805457323724,33.05457917129569,6.065467311916579
-31.885220666666665,117.076504,4669.0,4693.0,0.7407692307692871,17.778461538462892,24.0,94,,124.27470967616757,131.85956230848177,263.71912461696354,42.65297679614806,6.96870689907365,29.440762567489188,6.370262167405679
-31.890861666666673,117.07886444444442,4764.0,4793.0,1.1964404894326839,34.69677419354783,29.0,96,,116.73491459838795,149.66367277849088,299.32734555698175,35.60879041314653,14.729427551247571,50.05533016182676,7.160973516161554
-31.893377419354838,117.08050860215054,4793.0,4823.0,1.1588709677419355,34.766129032258064,30.0,98,,109.25594288409944,144.90519476808512,289.81038953617025,32.94065874749476,8.039552580052305,30.19016037913576,7.762311381517229
-31.894367499999998,117.08251166666666,4823.0,4842.0,1.3248120300751898,25.171428571428606,19.0,100,,118.4886481607663,99.52861862394029,199.05723724788058,47.97171983549539,7.779517388402703,32.976155748326164,6.585262338693569
-31.89583263888889,117.08299652777778,4842.0,4865.0,2.01739130434782,46.399999999999864,23.0,102,,111.04133069034457,112.90940648278134,225.81881296556267,40.66075388470109,6.107939281205016,27.45178551421484,6.092523230540437
-31.897350000000003,117.08381436781607,4865.0,4893.0,1.461083743842339,40.91034482758549,28.0,104,,102.5895439856251,126.99270138221065,253.9854027644213,33.09866683471509,9.484855574415468,43.22306734636032,8.762470142366386
-31.89833888888889,117.08408024691359,4893.0,4919.0,1.4340659340659365,37.28571428571435,26.0,106,,106.88785840163858,122.86250181925313,245.72500363850625,36.18226765263516,7.387585980785586,24.145102244361155,6.525673436704359
-31.90019310344828,117.08507988505747,4919.0,4947.0,1.4699507389162598,41.15862068965527,28.0,108,,124.68889495584783,154.34886429580547,308.69772859161094,38.389043584737934,9.672846817119794,36.21656863237696,5.811979158923391
-31.90327592592592,117.08819753086419,4980.0,5006.0,2.1752136752136777,56.55555555555562,26.0,110,,116.94456285064952,134.4222045501234,268.8444091002468,38.66785678731588,8.175390099791896,36.667311502515204,8.753263386889929
-31.90405595238095,117.08925833333333,5006.0,5033.0,2.31171319102357,62.41625615763639,27.0,112,,111.65764859615801,133.2815003107228,266.5630006214456,36.3439526776014,9.288279053104542,35.48130146262638,9.2620611819849
-31.905386419753086,117.0898901234568,5033.0,5059.0,0.29975579975579203,7.793650793650593,26.0,114,,115.88725893544877,133.20688406239563,266.41376812479126,38.41425710046253,10.107355633180035,32.696566959904445,9.935972278627883
-31.907075000000003,117.09017638888888,5092.0,5115.0,1.9408695652173904,44.63999999999998,23.0,116,,114.28879130680095,116.21149993303733,232.42299986607466,41.47877049603682,10.402847459025752,35.43927568250605,7.2907853959260684
-31.90768908045977,117.08881379310347,5148.0,5176.0,1.7665024630541606,49.462068965516494,28.0,118,,112.00286821147988,138.64518979365548,277.29037958731095,35.43836788762393,10.196191769821564,38.36672066695552,7.967221312252643
-31.908736904761902,117.08816130952381,5176.0,5203.0,2.208812260536412,59.637931034483124,27.0,120,,117.11158930033781,139.79166247872513,279.58332495745026,37.657111909780234,14.986423924570026,46.69160310588752,9.151067005242483
-31.909419999999997,117.08849133333334,5203.0,5227.0,2.517692307692336,60.42461538461606,24.0,122,,112.80012102918239,119.68464562105622,239.36929124211244,39.90214184872782,8.570914519890891,29.459915090157992,6.420353079574713
-31.910248717948722,117.08948525641026,5227.0,5252.0,1.8054700854701298,45.136752136753245,25.0,124,,114.52184580930808,126.57442953166137,253.14885906332273,39.17997477411015,7.072097151078718,28.973350413976384,8.214773508688788
-31.911082051282055,117.08983397435897,5252.0,5277.0,1.9815384615385303,49.53846153846326,25.0,126,,107.01727135160766,118.28005369315999,236.56010738631997,37.29259897633466,11.376871371281013,37.414402359067324,7.77643240432004
-31.91172797619048,117.09028392857142,5277.0,5304.0,1.8713738368910693,50.52709359605887,27.0,128,,106.81465655126728,127.50060438597967,255.00120877195934,35.13950870600781,7.526828184989123,31.22261246092548,7.7183451985184925
-31.912332098765432,117.09071543209876,5304.0,5330.0,1.525030525030544,39.65079365079414,26.0,130,,104.12667949233261,119.68865818686272,239.37731637372545,35.470630500733954,11.005763941524204,33.83365754433301,5.665754800928496
-31.922139583333333,117.10890694444446,5601.0,5624.0,1.6982608695652097,39.059999999999825,23.0,132,,112.81883256387827,114.7168117103213,229.4336234206426,41.11101711846487,6.523907263180479,24.840812110886397,5.741041488844348
-31.923040740740735,117.11087962962962,5624.0,5650.0,2.04273504273508,53.11111111111208,26.0,134,,109.69218018913273,126.08593613508641,252.17187227017283,36.892027205420696,9.759682968191413,36.05517587693847,12.61937575702864
-31.925329012345678,117.1119561728395,5650.0,5676.0,1.394993894993927,36.2698412698421,26.0,136,,124.21102634041989,142.77465820652264,285.5493164130453,40.362989537868785,13.532261894119372,47.96730654838656,6.656510019149688
-31.926315333333335,117.113778,5676.0,5700.0,1.402307692307711,33.65538461538506,24.0,138,,112.35607774227456,119.21350106066852,238.42700212133704,39.79096888879552,7.91721982471327,28.27349351671472,7.447090217156621
-31.927589473684208,117.114149122807,5700.0,5718.0,2.3210526315788216,41.77894736841879,18.0,140,,120.79521953933202,96.12578145777697,192.25156291555393,50.05190498878513,4.035797649471516,12.520828586677958,5.497209078243976
-31.928495238095234,117.1158634920635,5718.0,5738.0,0.40909090909091805,8.181818181818361,20.0,142,,123.40555399697311,109.11446624228928,218.22893248457856,47.668544945922456,6.53275562375052,25.583480024086896,8.120157741156186
-31.92964466666667,117.11829333333333,5738.0,5762.0,0.9576923076922736,22.984615384614568,24.0,144,,135.11343319521106,143.35980514089616,286.7196102817923,45.04588784194146,7.753455481829914,25.86771841380188,6.828643935252901
-31.93047391304348,117.11987391304346,5762.0,5784.0,1.5691699604743228,34.5217391304351,22.0,146,,119.63771390267729,116.36126057004203,232.72252114008407,44.05383541669575,7.066794208217001,22.596521078180317,5.590976513037031
-31.945012777777777,117.12403,5927.0,5956.0,1.4135706340379117,40.99354838709944,29.0,148,,121.88993473424061,156.2728286547178,312.5456573094356,36.788680977883175,18.003258602087815,62.167761727879714,8.486035029155152
