lat,lon,t_start,t_end,climb_rate_ms,alt_gain_m,duration_s,circle_id,seg_id,avg_speed_kmh,turn_radius_m,circle_diameter_m,bank_angle_deg,bank_std_deg,bank_range_deg,bank_masd_deg
-32.95076666666667,117.0428346153846,498.0,523.0,1.5969230769230895,39.92307692307724,25.0,0,,125.33943949790127,138.5304955587398,277.0609911174796,41.732388022479,12.51995314640168,49.51557712961606,11.44817202754676
-32.948449999999994,117.04181474358974,523.0,548.0,2.091965811965817,52.29914529914542,25.0,2,,119.1150603745299,131.6510462173332,263.3020924346664,40.28747874309968,8.020943246082433,30.67350748558604,9.612993627849427
-32.94594444444444,117.04101234567904,548.0,574.0,2.1776556776557046,56.61904761904832,26.0,4,,118.83257859551823,136.59238871657084,273.1847774331417,39.116276148840406,7.8813256710514406,33.37388435299857,7.306499585901125
-32.943342,117.04073266666666,574.0,598.0,2.2469230769230695,53.92615384615367,24.0,6,,119.70807327750173,127.01421060080817,254.02842120161634,41.58592414122873,14.438573112944574,63.671364199282564,10.728831313344111
-32.94074821428571,117.04008511904762,598.0,625.0,0.7104542966611914,19.182266009852167,27.0,8,,109.68711748252845,130.9293520563439,261.8587041126878,35.858280439438886,9.162185832212364,40.32542873260712,8.936359127201554
-32.94251436781609,117.0458948275862,985.0,1013.0,0.7463054187192204,20.89655172413817,28.0,10,,119.76869103427016,148.25828271138937,296.51656542277874,37.27170543702531,8.96453889709437,31.097387042501058,7.310396448384858
-32.94075268817205,117.04508978494624,1013.0,1043.0,0.208870967741939,6.26612903225817,30.0,12,,120.67144761177809,160.04547814557642,320.09095629115285,35.588839275484595,6.762888975518659,25.617519983498454,7.447006638060132
-32.93832311827957,117.04403494623656,1043.0,1073.0,0.22620967741937237,6.786290322581171,30.0,14,,128.45722521616608,170.3716864085141,340.7433728170282,37.3004475246021,9.602563994673716,41.83931356621608,8.529733879682466
-32.9310247311828,117.03958978494623,1142.0,1172.0,0.4189516129032103,12.568548387096309,30.0,16,,119.84022315177475,158.94303246533957,317.88606493067914,35.40161993023602,13.67850447278957,60.282731891442616,10.126939051074798
-32.92993750000001,117.03869345238095,1172.0,1199.0,0.34209085933225303,9.236453201970832,27.0,18,,127.77403247804689,152.51901650749156,305.0380330149831,40.095760471915796,5.997192130540201,25.001583820380848,7.560081123747059
-32.92789137931035,117.03769022988507,1199.0,1227.0,1.1699507389162398,32.75862068965471,28.0,20,,123.08440324854647,152.36270929072907,304.72541858145814,38.02839082154615,6.869639594592795,26.334232836083437,9.3702275342468
-32.926367261904765,117.03637023809526,1227.0,1254.0,1.2164750957854382,32.84482758620683,27.0,22,,123.35528171438035,147.24452131002693,294.48904262005385,39.105415363518176,4.98718041823339,17.067491666221468,6.02796110753328
-32.921398809523815,117.03458452380951,1287.0,1314.0,-0.40695128626162247,-10.987684729063806,27.0,24,,127.82484000651714,152.57966352725896,305.1593270545179,40.10698353494206,9.022188380081923,37.796728608677405,8.188994097690054
-32.94137142857143,117.03467738095239,1476.0,1503.0,0.6483305966064543,17.504926108374267,27.0,26,,124.22505527969412,148.28273702720452,296.56547405440904,39.30259579287662,9.84031263013272,39.6811373720184,9.779959645732502
-32.93907933333333,117.03398533333333,1503.0,1527.0,1.0384615384615374,24.9230769230769,24.0,28,,125.3487826897842,132.99918917087308,265.99837834174616,42.89876563078422,9.886263386434859,35.0235363960241,9.468688579812198
-32.93701875000001,117.03189322916666,1527.0,1558.0,0.9970674486803925,30.909090909092168,31.0,30,,123.6443754409349,169.45472767916195,338.9094553583239,35.35997403732199,14.005285244524782,61.24635385835273,10.810500391695632
-32.93220119047619,117.03017797619047,1596.0,1623.0,0.2681992337164786,7.2413793103449215,27.0,32,,125.32685704830061,149.5979160105629,299.1958320211258,39.550792285132125,8.27654466986254,34.89368748668385,8.536649254183693
-32.93058333333333,117.02947291666666,1623.0,1654.0,1.2868401759531023,39.89204545454617,31.0,34,,120.14293991709202,164.6560071464809,329.3120142929618,34.586919859637085,12.206232679251453,42.82950311442067,9.769407308732129
-32.92953166666667,117.02911666666667,1654.0,1683.0,1.8527252502780782,53.729032258064265,29.0,36,,125.6080661442005,161.03977609800958,322.07955219601916,37.61777557543595,10.178553412101332,42.622085063586134,12.633548640139171
-32.927569642857144,117.02821904761906,1683.0,1710.0,0.8500273672687556,22.9507389162564,27.0,38,,122.55134151977018,146.2848883906084,292.5697767812168,38.92217308651078,9.718551511542953,36.56799080886026,9.698682752629493
-32.925958333333334,117.02634333333334,1710.0,1739.0,1.7866518353726493,51.81290322580683,29.0,40,,123.86351785243599,158.80312303167386,317.6062460633477,37.231032163929186,10.447093441827995,44.586568404330265,8.616358165264884
-32.923833333333334,117.02486543209876,1739.0,1765.0,0.790598290598324,20.555555555556424,26.0,42,,127.28603160346363,146.30923028397322,292.61846056794644,41.05570818269394,7.942681249088041,32.1585720786028,7.919635798530348
-32.92235128205129,117.02465256410255,1765.0,1790.0,1.3870085470085756,34.67521367521439,25.0,44,,126.7289517263891,140.066243750757,280.132487501514,42.04636919382463,9.99445482126657,33.56522770679412,8.924922503727409
-32.91880535714286,117.02329404761906,1828.0,1855.0,0.6414887794198297,17.3201970443354,27.0,46,,119.57967228301942,142.73771952863586,285.4754390572717,38.23655386034062,7.663668658679553,33.13451481097372,8.070801028565421
-32.96146262626263,117.06768080808081,2173.0,2205.0,0.9585561497326066,30.67379679144341,32.0,48,,119.10303703050053,168.49632960587746,336.9926592117549,33.51204255857253,13.639120212063991,48.24871486496392,9.836376642789155
-32.959669444444444,117.06642013888889,2205.0,2228.0,0.585217391304329,13.459999999999567,23.0,50,,125.53805951323758,127.65001736305969,255.30003472611938,44.159468551641716,11.698646799050541,45.75774171863769,10.933855459097192
-32.95810512820513,117.06536987179487,2228.0,2253.0,1.5364102564102837,38.41025641025709,25.0,52,,122.8743462400324,135.80596932837636,271.6119386567527,41.16771870744287,9.76982380829043,40.52065267120237,10.036291210344796
-32.95649230769231,117.06434294871794,2253.0,2278.0,-0.02461538461537187,-0.6153846153842967,25.0,54,,127.16979694795502,140.55348469624766,281.10696939249533,42.14534135381037,5.757026678965153,22.643946829771775,6.0570473439958805
-32.95498388888889,117.0636611111111,2278.0,2307.0,0.8989988876529472,26.07096774193547,29.0,56,,125.87686745778677,161.38440128557585,322.7688025711517,37.67701058517959,11.270020634463064,45.490507265402954,8.50742523263082
-32.971519444444446,117.1261701388889,2803.0,2826.0,1.2652173913043576,29.100000000000225,23.0,58,,123.8696828739696,125.95357321061343,251.90714642122686,43.776442636306484,6.317152125545375,30.09930970425726,8.013737445306829
-32.968763095238096,117.12590476190478,2826.0,2853.0,1.885604816639302,50.91133004926115,27.0,60,,129.8026496188893,154.94049984953665,309.8809996990733,40.54100177491046,11.20288252488192,46.388132548389315,10.301927449428348
-32.966121794871796,117.12560256410256,2853.0,2878.0,1.961025641025653,49.02564102564133,25.0,62,,130.58835329956005,144.3318190128875,288.663638025775,42.902420623429016,10.437964923997157,35.57120603640991,6.609180315716447
-32.96465641025641,117.12507115384616,2878.0,2903.0,1.707692307692318,42.69230769230795,25.0,64,,127.79138603373332,141.24049147106427,282.48098294212855,42.284367575032306,6.869979940395214,25.482635548248076,7.337105613802589
-32.96273225806451,117.1242188172043,2903.0,2933.0,1.9955645161290332,59.866935483870996,30.0,66,,129.24789563529419,171.42034562152062,342.84069124304125,37.47006463362275,7.69344179209491,25.495827910437015,6.9122062545390985
-32.959918888888886,117.12240166666668,2933.0,2962.0,0.6080088987764211,17.63225806451621,29.0,68,,124.94482785490467,160.1894505664851,320.3789011329702,37.47121497639365,10.707574641977944,44.972076466104504,7.243209772934554
-32.95856066666667,117.12136333333333,2962.0,2986.0,0.20153846153847813,4.836923076923475,24.0,70,,128.09318302778217,135.91108836830938,271.82217673661876,43.517993035612825,5.708439005548421,27.450582629032425,5.910297229298518
-32.94787847222222,117.1525625,3208.0,3231.0,0.8043478260869443,18.49999999999972,23.0,72,,125.96462119782798,128.08375520045743,256.16751040091486,44.25660810307623,7.868994792877101,30.742544451086182,6.383010507878564
-32.945814516129026,117.1520317204301,3231.0,3261.0,1.4370967741935614,43.11290322580684,30.0,74,,129.0586742572168,171.16938297435664,342.3387659487133,37.42954210105624,10.380337590519979,37.67793967678435,6.525805229770982
-32.918139583333335,117.08979236111111,3784.0,3807.0,0.8534782608695594,19.629999999999864,23.0,76,,97.1345154246212,98.76863342146711,197.53726684293423,36.92011747228539,7.642563122203392,27.667877186307674,9.086548722648747
-32.917125,117.08941875,3807.0,3838.0,-0.5614002932551148,-17.403409090908557,31.0,78,,96.24236326043116,131.9002453555685,263.800490711137,28.913986584223736,8.057965661119804,33.781291698900546,8.494994046138416
-32.91567816091953,117.08749310344828,3838.0,3866.0,-0.5689655172413898,-15.931034482758914,28.0,80,,99.61583082839658,123.31162578424147,246.62325156848294,32.33231872785799,12.539073742387343,45.52117618381074,11.153516616273366
-32.92436071428572,117.08088571428573,3987.0,4014.0,1.6986863711001732,45.864532019704676,27.0,82,,104.34305499131183,124.55034734382555,249.1006946876511,34.510705861356264,11.647785516267595,43.682176219964155,6.645642435146915
-32.92219423076923,117.08050769230769,4014.0,4039.0,0.8088888888889053,20.222222222222634,25.0,84,,98.72010563837615,109.10967218681702,218.21934437363404,35.08975606373215,6.751912097329426,25.95308615621027,7.977131661433624
-32.92109333333333,117.07983066666668,4039.0,4063.0,1.3561538461538476,32.547692307692344,24.0,86,,99.41815203330275,105.48593552774466,210.97187105548932,36.38991960805522,7.7427346344468155,22.296626983183543,8.606446627287536
-32.9195,117.07920733333333,4063.0,4087.0,1.3469230769230893,32.32615384615414,24.0,88,,100.02618632965762,106.13107995330652,212.26215990661305,36.556914241672,9.528600784603627,40.81976267344451,8.650405564707928
-32.918114583333335,117.0786201388889,4087.0,4110.0,0.8939130434782655,20.560000000000105,23.0,90,,99.22781649784697,100.89715061680582,201.79430123361163,37.50850559038782,6.683000129860626,25.014561101598627,7.615300632762751
-32.91629358974359,117.07804615384613,4110.0,4135.0,1.302905982906009,32.57264957265023,25.0,92,,100.50436261372914,111.08170911302274,222.16341822604548,35.573958001667876,11.155670449556109,45.34554766554447,7.887006987602788
-32.91464074074074,117.07785802469135,4135.0,4161.0,0.824175824175826,21.428571428571477,26.0,94,,97.30115749578398,111.84304577345645,223.6860915469129,33.656237925529894,8.013897466786824,31.549170038445137,10.119905400546061
-32.91352066666667,117.07767066666668,4161.0,4185.0,1.0515384615384586,25.236923076923006,24.0,96,,99.2065667263187,105.2614365444638,210.5228730889276,36.331639498184586,10.0300198277441,47.843455591082396,8.678642437079539
-32.91146481481481,117.07777777777777,4185.0,4211.0,1.0378510378510464,26.984126984127204,26.0,98,,99.26762372773423,114.10340503795437,228.20681007590875,34.18710404045399,10.783902756791974,43.169314178144184,6.54477245732223
-32.90996866666667,117.077844,4211.0,4235.0,0.16846153846151668,4.0430769230764,24.0,100,,96.37203747067782,102.25390759530491,204.50781519060982,35.54243238579763,7.173397687343382,26.83994853987232,7.118942691122261
-32.90883133333333,117.07768266666666,4235.0,4259.0,-1.02846153846154,-24.68307692307696,24.0,102,,100.13904985828185,106.25083187647546,212.50166375295092,36.587832702196536,7.896969525242899,31.89310945849867,10.015693773215208
-32.9061640625,117.07705885416667,4259.0,4290.0,-0.1869501466275552,-5.795454545454212,31.0,104,,110.34542579352431,151.2285052336664,302.4570104673328,32.345574281413086,14.565411684532663,58.015093236352854,10.466753465562384
-32.903975287356324,117.07619482758618,4290.0,4318.0,0.13990147783250179,3.91724137931005,28.0,106,,106.13618042678713,131.382982545239,262.765965090478,33.995495365273946,10.754154228226035,47.292317926542275,9.622443378056946
-32.90241875,117.07455833333331,4318.0,4341.0,0.7204347826086932,16.569999999999943,23.0,108,,106.9128446596085,108.71146590961962,217.42293181923924,39.591065721552404,5.187631323093436,18.15295233164309,6.230554352286816
-32.900911904761905,117.07391130952381,4341.0,4368.0,0.6190476190476448,16.71428571428641,27.0,110,,103.9013644482172,124.02311809444714,248.04623618889428,34.397322028335815,9.609789265365555,43.632535707337865,7.131811196194428
-32.89948333333332,117.07332173913044,4368.0,4390.0,0.9387351778655948,20.652173913043086,22.0,112,,104.67418297122167,101.80752776318316,203.61505552636632,40.2478034610738,7.983015431577384,30.810167702323835,5.999924903224139
-32.89812499999999,117.0726325757576,4390.0,4411.0,1.3348390739694895,28.03162055335928,21.0,114,,105.77389853458702,98.2008930109673,196.4017860219346,41.864245621123224,8.361490961132413,26.917586887311625,9.355780238239394
-32.90352933333334,117.07655266666667,4550.0,4574.0,0.10307692307690429,2.473846153845703,24.0,116,,102.98045095280611,109.26565207314385,218.5313041462877,37.35809837987919,6.726323490042164,28.711462641382706,5.498696234231167
-32.902136666666664,117.07571666666668,4574.0,4603.0,0.44983314794215556,13.045161290322511,29.0,118,,104.05198687685638,133.4031259582102,266.8062519164204,32.55223785694682,7.641883694877462,32.278294757578124,9.798099642088925
-32.90044615384615,117.07553974358974,4603.0,4628.0,0.5770940170940282,14.427350427350705,25.0,120,,98.6996347648248,109.08704690407322,218.17409380814644,35.08416709330417,7.990710786557874,29.39180669702742,7.747633446998908
-32.89921904761905,117.07480952380952,4628.0,4655.0,0.6850027367268717,18.495073891625537,27.0,122,,102.72064707467482,122.61374054649401,245.22748109298803,34.09271340833361,9.089512896547218,35.42336664057694,11.05926835095478
-32.89789848484849,117.07435303030306,4655.0,4676.0,-0.07284020327502463,-1.5296442687755174,21.0,124,,101.99289742377522,94.69059708067437,189.38119416134873,40.829968974533394,8.945950867463509,30.63635783006955,11.984167136549114
-32.89668550724638,117.07379420289854,4676.0,4698.0,1.8646245059288213,41.02173913043407,22.0,126,,103.04605527012134,100.22398871442506,200.44797742885012,39.80546056715357,9.837140402011414,39.46142245596287,13.330737731366767
-32.895371527777776,117.07277569444445,4698.0,4721.0,1.2539130434782455,28.839999999999648,23.0,128,,99.22019118015396,100.88939701650575,201.7787940330115,37.50637888258358,9.500323600120128,31.004785604380796,13.745759358822186
-32.89426975308642,117.07164259259258,4721.0,4747.0,0.9004884004884125,23.412698412698724,26.0,130,,100.53001764925622,115.55446671884995,231.1089334376999,34.52441909861243,8.817101625193535,32.897307157034405,7.843755127550821
-32.893163333333334,117.07129133333333,4747.0,4771.0,0.5961538461538761,14.307692307693028,24.0,132,,103.56000028203951,109.88057300989777,219.76114601979555,37.51329771540874,8.919862800870476,41.47423501467808,10.075532872048894
-32.89192638888889,117.07097361111111,4771.0,4794.0,0.6665217391303908,15.32999999999899,23.0,134,,103.22092743838469,104.95743865111717,209.91487730223434,38.60565155284142,7.367633167132619,31.053156593491273,7.803587934314351
-32.89055178571429,117.06985535714284,4794.0,4821.0,0.41187739463604606,11.120689655173244,27.0,136,,101.808683877638,121.52516466604679,243.05032933209358,33.855928532901245,11.452804726597055,49.96632063507314,10.57106931322924
-32.9139891025641,117.06169423076925,4970.0,4995.0,1.856068376068396,46.4017094017099,25.0,138,,96.13390457798614,106.25129244660472,212.50258489320944,34.37758921338102,14.498337390636935,45.18086110817107,8.581287851573576
-32.91333888888889,117.06064761904761,4995.0,5015.0,3.1662337662337547,63.3246753246751,20.0,140,,103.78484674541431,91.7659520975972,183.5319041951944,42.7142833078865,4.810683331660166,18.5203888188599,5.407883802769221
-32.91214166666667,117.05976060606058,5015.0,5036.0,1.5302089215132162,32.13438735177754,21.0,142,,100.3973505178377,93.2092852147539,186.4185704295078,40.3835730506033,9.320354335618992,42.46590855155755,9.427354596074549
-32.90808277777778,117.05757666666665,5077.0,5106.0,1.9252502780867662,55.83225806451622,29.0,144,,104.34329626324244,133.77660832919906,267.5532166583981,32.62493021184528,8.356247498233857,34.85479438053598,6.871935657642925
-32.90628870967742,117.05666397849465,5106.0,5136.0,2.091129032258045,62.73387096774135,30.0,146,,99.41280892819275,131.85033289643317,263.70066579286635,30.521983883813515,7.975696946311175,32.28966869454922,8.041064064312494
-32.91456612903225,117.06667204301075,5280.0,5310.0,1.1741935483871015,35.225806451613046,30.0,148,,103.20368950964378,136.87814442317494,273.7562888463499,31.468447748857447,9.722506311281705,42.15479104026615,8.728145546848543
-32.923911805555555,117.04824236111112,6066.0,6089.0,0.6252173913043437,14.379999999999907,23.0,150,,103.87111691506449,105.61856642630556,211.23713285261113,38.78119730139342,6.507829542040847,20.067056211171295,8.001011634939818
-32.92237307692308,117.04735192307693,6089.0,6114.0,1.1921367521367623,29.803418803419056,25.0,152,,99.8687642687398,110.37921870728606,220.75843741457211,35.40213780979534,8.352128269065311,38.932562331976776,10.144505451882432
-32.92013777777778,117.04587499999998,6114.0,6143.0,0.6193548387096663,17.961290322580325,29.0,154,,103.59424551777086,132.81626423634194,265.6325284726839,32.437776358073386,9.635000388411424,37.61024269366176,10.388856775523365
-32.91696130952381,117.04385535714287,6143.0,6170.0,1.9570333880678807,52.83990147783278,27.0,156,,106.21096524880943,126.78000097432154,253.56000194864308,34.986808601010665,12.519891047386773,47.1131117277351,7.688044628354695
-32.91491474358974,117.04158461538461,6170.0,6195.0,1.556239316239326,38.90598290598315,25.0,158,,104.69924279426012,115.71806964364585,231.4361392872917,36.689626238108396,9.999783395941616,34.8877126041793,9.742617456703865
-32.913151449275354,117.04009782608696,6195.0,6217.0,1.8053359683794319,39.7173913043475,22.0,160,,106.2649633864519,103.35474233598,206.70948467196,40.67448703364989,6.639834361191294,19.837347234321385,7.870304290198512
-32.91158266666667,117.03880666666667,6217.0,6241.0,1.5938461538461264,38.252307692307035,24.0,162,,101.63571661771581,107.83884462931042,215.67768925862083,36.995502116798704,7.781698885934065,32.49751696017065,9.070865862614566
-32.910351923076924,117.0378205128205,6241.0,6266.0,1.5664957264957462,39.162393162393656,25.0,164,,104.44334947626623,115.43524543209783,230.87049086419566,36.62247535439775,9.006245352810353,37.37800459934094,9.2696677776131
-32.908872413793105,117.037091954023,6266.0,6294.0,0.9605911330049127,26.896551724137556,28.0,166,,106.53416964502897,131.87564216708708,263.75128433417416,34.0949739279438,8.825723161960289,32.86186019341652,10.65780059670096
-32.910930459770114,117.12530402298852,6676.0,6704.0,-0.3369458128078818,-9.434482758620689,28.0,168,,103.83772414244928,128.53778837420452,257.07557674840905,33.416414626843675,7.616676151715819,34.16306375448249,8.418636790818002
