lat,lon,t_start,t_end,climb_rate_ms,alt_gain_m,duration_s,circle_id,seg_id,avg_speed_kmh,turn_radius_m,circle_diameter_m,bank_angle_deg,bank_std_deg,bank_range_deg,bank_masd_deg
-32.13425572916667,116.96395729166666,1074.0,1105.0,1.34237536656895,41.61363636363745,31.0,0,,112.44052142097324,154.0998356742553,308.1996713485106,32.83462509544658,5.72022418708909,23.316477644543568,7.2192894089546265
-31.987152469135804,117.03506296296297,2090.0,2116.0,1.7350427350427418,45.111111111111285,26.0,2,,108.5984694942232,124.82876778825575,249.6575355765115,36.61676389688805,5.998348805191563,22.454829013493946,6.845199982710251
-31.986317676767673,117.03544444444445,2116.0,2148.0,1.0788770053475498,34.524064171121594,32.0,4,,112.48430298976538,159.13273636504553,318.26547273009106,32.021411646645916,7.4305140613484575,26.38685705904797,10.37338410227545
-31.985413440860224,117.03642688172046,2148.0,2178.0,1.3471774193548323,40.41532258064497,30.0,6,,110.98985735259909,147.20487025608742,294.40974051217484,33.35367109153001,4.941278241327777,20.125243747727552,6.9741739723544045
-31.984259677419352,117.03678118279569,2178.0,2208.0,0.724193548387087,21.725806451612613,30.0,8,,112.59733343658327,149.33685162832145,298.6737032566429,33.733097957810024,6.23764465987718,27.64211237292083,8.287898585385044
-31.939615656565653,117.07250101010102,2397.0,2429.0,2.7252673796791194,87.20855614973182,32.0,10,,112.42477688966423,159.0485241599426,318.0970483198852,32.007778656830695,8.90624463958483,40.64078264020603,8.620548121919636
-31.93935268817204,117.07411129032259,2429.0,2459.0,2.608870967741933,78.26612903225798,30.0,12,,116.9180588806073,155.0673917296494,310.1347834592988,34.73650410072137,8.22153771272806,34.6385919211681,9.108199044689476
-31.60466587301587,117.23661746031746,3620.0,3644.0,1.7418271876719646,41.80385250412715,24.0,14,,109.6576086004286,116.35033637596366,232.70067275192733,39.107581383804316,8.062962980836593,40.00619174172349,7.605876145958947
-31.603717777777778,117.23722666666667,3644.0,3673.0,1.7036707452725277,49.406451612903304,29.0,16,,106.17066715810088,136.1194467215853,272.2388934431706,33.07823926329578,6.461217572039134,27.80920153662313,8.548988741507781
-31.60115215053764,117.2400123655914,3706.0,3736.0,1.3479838709677392,40.43951612903218,30.0,18,,108.07285354547588,143.33607379840797,286.67214759681593,32.65661655731665,7.3913014672728385,31.432352514323618,8.731308982473246
-31.600017741935492,117.2412193548387,3736.0,3766.0,0.6334677419354604,19.004032258063813,30.0,20,,110.80988167436954,146.9661700991995,293.932340198399,33.31098230749761,5.170361283771985,18.093736047325528,7.771591656251314
-31.599126767676765,117.24233787878788,3766.0,3798.0,0.6747994652406052,21.593582887699366,32.0,22,,115.03402319608986,162.73985258138177,325.47970516276354,32.60155831667488,6.764538731058235,27.51153954935308,8.34978600847199
-31.59786833333333,117.24323777777778,3798.0,3827.0,1.404894327030014,40.74193548387041,29.0,24,,114.2454103662097,146.47192549305157,292.94385098610314,35.02618369613445,4.1478214294396505,15.358351586377328,5.293616518715848
-31.596505172413792,117.24379827586205,3827.0,3855.0,1.2068965517241328,33.793103448275716,28.0,26,,112.49464580736262,139.25394740144003,278.50789480288006,35.55703714303194,7.911876107737198,29.015972347608617,10.683466228211682
-31.595240123456787,117.24422345679011,3855.0,3881.0,1.333333333333338,34.666666666666785,26.0,28,,115.06687260453111,132.26388905265264,264.5277781053053,38.21624852875101,3.611857063085934,15.229309481932791,4.116274826262344
-31.594097222222224,117.24563277777777,3881.0,3910.0,1.209343715239164,35.07096774193575,29.0,30,,115.0943519604781,147.56033779377373,295.12067558754745,35.22580101477037,4.939671239771786,25.863175478897396,5.998334486453863
-31.592934946236557,117.24707096774195,3910.0,3940.0,1.5294354838709643,45.883064516128925,30.0,32,,115.00238045869969,152.5266443111404,305.0532886222808,34.29457498598596,6.534411823012843,22.936544904817854,8.728738096951748
-31.59222701149425,117.24804540229886,3940.0,3968.0,1.3187192118226727,36.924137931034835,28.0,34,,112.25134528685264,138.95277255313786,277.9055451062757,35.49837090451971,5.472054536185517,19.86137352732346,7.4079077377917955
-31.59124946236559,117.24933655913979,3968.0,3998.0,1.1875000000000284,35.62500000000085,30.0,36,,114.18649913957233,151.4445481035116,302.8890962070232,34.104933235247486,4.441616171877797,20.286215168919373,5.2599490871933385
-31.590000505050504,117.25051414141414,3998.0,4030.0,0.9077540106951444,29.04812834224462,32.0,38,,114.9398108295811,162.6065693473351,325.2131386946702,32.58025399030356,8.372793174898467,30.999117575417422,10.508559388344388
-31.424099462365593,117.33774569892472,4691.0,4721.0,1.3963709677419394,41.89112903225818,30.0,40,,113.16512386278289,150.08990706973748,300.17981413947496,33.866323070597666,8.740307222395913,33.71912919936068,8.755733773353326
-31.424338888888887,117.33994055555556,4721.0,4750.0,1.5570634037820046,45.15483870967813,29.0,42,,110.46180628069156,141.62103674458655,283.2420734891731,34.12457541913548,8.38314038378966,38.88793397074175,6.151615024339307
-31.423410752688174,117.34143279569894,4750.0,4780.0,1.2729838709677321,38.189516129031965,30.0,44,,110.06257431929478,145.97502293612388,291.95004587224776,33.13327926526776,5.752513469095228,23.419348110984576,7.213192982100591
-31.42275161290323,117.34315967741934,4780.0,4810.0,1.214919354838705,36.447580645161146,30.0,46,,112.26496111696353,148.89602914820145,297.7920582964029,33.65491830144682,6.593900566290069,36.47954355202264,7.865722471300508
-31.421819696969695,117.34697626262626,4845.0,4877.0,0.9769385026737882,31.262032085561223,32.0,48,,113.55987628226926,160.65436130868656,321.3087226173731,32.26704675777423,6.713479474705993,30.6736538176239,9.647281116048223
-31.394092929292928,117.35944393939394,5069.0,5101.0,1.7446524064170594,55.8288770053459,32.0,50,,117.9507239590636,166.8661400831344,333.7322801662688,33.25611111893446,17.122605605612307,61.39872816472123,8.133430197120443
-31.39349821428571,117.36169583333333,5101.0,5128.0,2.37082649151615,64.01231527093606,27.0,52,,111.99298284119362,133.68177608086336,267.3635521617267,36.42600482351772,7.169800299751457,27.8362083196387,7.242832710228791
-31.393095161290322,117.36349677419355,5128.0,5158.0,2.8915322580644998,86.74596774193499,30.0,54,,113.64812406773878,150.73050598751357,301.46101197502713,33.97932689605969,6.419807710282482,22.608012546310167,9.328681634344862
-31.39300344827586,117.36525977011495,5158.0,5186.0,3.232019704433501,90.49655172413803,28.0,56,,114.84954873323628,142.16901527708507,284.33803055417013,36.120445351096016,5.639017983748117,21.587543945168527,8.083339919045825
-31.392866666666666,117.36702055555556,5186.0,5215.0,3.593993325917668,104.22580645161237,29.0,58,,117.4843036047276,150.6244505493444,301.2489010986888,35.782525749942735,6.302930634296062,23.972270221624044,7.5304086402162795
-31.392536206896555,117.3689252873563,5215.0,5243.0,2.6857142857142926,75.20000000000019,28.0,60,,118.6987824106952,146.93387301951137,293.86774603902273,37.0242368252162,6.885489525042566,26.732103272175785,8.172615843568726
-31.392373563218396,117.37048678160922,5243.0,5271.0,3.2364532019704204,90.62068965517177,28.0,62,,120.6263969160462,149.32001261764,298.64002523528,37.46892432591993,5.8949554478080675,24.081855964326152,5.5653459800663185
-31.39194677419355,117.37238279569893,5271.0,5301.0,2.9495967741935556,88.48790322580666,30.0,64,,119.30665685687326,158.2353681878329,316.4707363756658,35.280982846443614,4.773003668964278,20.253367689040846,5.3273217138946185
-31.391241397849466,117.3743569892473,5301.0,5331.0,3.2237903225806366,96.7137096774191,30.0,66,,121.54267076578482,161.2009737413788,322.4019474827576,35.78413226628951,8.198714069442607,30.760138514500646,8.189273615681218
-31.390471212121213,117.37656767676769,5331.0,5363.0,2.6641042780748045,85.25133689839375,32.0,68,,122.70991905722464,173.5990238610104,347.1980477220208,34.30342594658504,6.660207473751211,33.07583459200726,6.615614313722289
-31.38963888888889,117.3788061111111,5363.0,5392.0,2.57196885428251,74.58709677419279,29.0,70,,121.19313083318708,155.37946927379193,310.75893854758385,36.63126970923108,6.755784067681051,26.498228730160484,7.107242855204329
-31.389205050505048,117.38045151515152,5392.0,5424.0,2.2145721925132893,70.86631016042526,32.0,72,,120.7302478858844,170.79836205998532,341.59672411997065,33.870887285192765,7.865957921090946,31.237543034309844,7.880509832585355
-31.32622083333333,117.38383333333334,5608.0,5639.0,2.3771994134897865,73.69318181818338,31.0,74,,118.69238402189409,162.6680189882845,325.336037976569,34.262376756848376,9.095454250775996,32.82384783896004,6.084909122401953
-31.325658928571432,117.38623273809526,5639.0,5666.0,3.960864805692398,106.94334975369475,27.0,76,,121.48961967751804,145.01755129523542,290.03510259047084,38.67871606353933,6.233506615910963,20.913835035766162,5.513572642266301
-31.32509277777778,117.38757722222222,5666.0,5695.0,3.5112347052280137,101.8258064516124,29.0,78,,117.65398188496144,150.8419919310116,301.6839838620232,35.82175823707854,6.830933864318667,30.110387750851793,7.716999957203624
-31.324987356321838,117.38920689655171,5695.0,5723.0,3.4399014778324735,96.31724137930925,28.0,80,,120.31134923518243,148.93002398426916,297.8600479685383,37.3966034676994,6.2926421797062115,27.0474993282498,7.027557499697227
-31.324683333333333,117.39080862068965,5723.0,5751.0,3.5433497536945446,99.21379310344724,28.0,82,,125.26326006488995,155.0598546554777,310.1197093109554,38.517280644763794,5.656008278431959,19.20652008189861,6.026990153932955
-31.30514333333333,117.57735777777776,6865.0,6894.0,2.1007786429365716,60.92258064516058,29.0,84,,121.7131883602406,156.04622540089156,312.0924508017831,36.748814177828116,7.332550224312679,22.92176082203818,8.72149907365895
-31.304816071428572,117.57888214285715,6894.0,6921.0,1.6995073891625934,45.88669950739002,27.0,86,,120.37503619777492,143.6871152680628,287.3742305361256,38.42134327958606,5.793773620163399,22.11492830059593,6.537492372158071
-31.304352380952384,117.58020119047619,6921.0,6948.0,1.5875752599890853,42.8645320197053,27.0,88,,117.4859828806231,140.2385618959572,280.4771237919144,37.74559858814732,5.694662374933557,23.56067055749445,7.609562621853117
-31.303930645161287,117.58224838709677,6948.0,6978.0,0.7919354838709318,23.758064516127956,30.0,90,,119.3421955792962,158.28250288237277,316.56500576474554,35.289029201751866,7.658166122391355,40.118709025090325,9.282652036490743
-31.303761309523804,117.58431607142856,6978.0,7005.0,0.2972085385878946,8.024630541873154,27.0,92,,121.84318516068524,145.43958900288095,290.8791780057619,38.759974825951545,7.2810996728510045,28.900754142612858,8.598564204900812
-31.35027171717172,117.63103282828283,7183.0,7215.0,1.9849598930480576,63.518716577537845,32.0,94,,133.09033331011804,188.28430599158415,376.5686119831683,36.49974892981543,15.004680719760119,52.7773250965153,7.280800582645533
-31.502561309523816,117.59442738095238,7722.0,7749.0,2.9551176792556335,79.7881773399021,27.0,96,,116.23732531021477,138.74808671176018,277.49617342352036,37.449658675439494,8.185792689799003,42.7740426450368,8.567487220196059
-31.502355208333334,117.59579166666667,7749.0,7780.0,1.9974340175953462,61.92045454545573,31.0,98,,111.50445184018473,152.81695147240143,305.63390294480286,32.616781220735355,5.643009784985098,22.20785532817855,7.1784460468918025
-31.501980208333332,117.59711927083333,7780.0,7811.0,1.2241568914956564,37.94886363636535,31.0,100,,114.10904110655528,156.3865434030892,312.7730868061784,33.220289241750436,5.491434110835649,23.429708498189942,5.8835356022153436
-31.50161388888889,117.59839944444442,7811.0,7840.0,0.721913236929956,20.935483870968724,29.0,102,,117.8024244145821,151.03230734997592,302.06461469995185,35.856048886181625,5.440660855845931,24.061225099368976,6.117272692319683
-31.50074294871795,117.59986987179488,7840.0,7865.0,1.9237606837606962,48.0940170940174,25.0,104,,118.5138906475231,130.98660778892807,261.97321557785614,40.14454426864968,7.878368856672989,26.284105181764858,7.30961696278622
-31.499829032258063,117.60073333333334,7865.0,7895.0,0.756854838709621,22.70564516128863,30.0,106,,115.55130419863384,153.25467703273213,306.50935406546427,34.421685939474564,6.650394209080124,25.02322583354664,7.097029573212675
-31.518061666666664,117.57644611111112,8046.0,8075.0,1.678976640711916,48.690322580645564,29.0,108,,127.41384788822215,163.35493543980908,326.70987087961817,38.013900075341844,8.878188781117034,34.43710794337196,9.528127293765076
-31.517725862068968,117.5782482758621,8075.0,8103.0,1.2566502463054032,35.18620689655129,28.0,110,,123.59025169125479,152.98888480271418,305.97776960542836,38.142479828364166,4.608230628004451,17.45926432436071,5.115480912495062
-31.517032183908047,117.57996264367817,8103.0,8131.0,1.9935960591132875,55.82068965517205,28.0,112,,122.30159023380381,151.3936871510727,302.7873743021454,37.851132347915986,5.000510097547699,18.529163069389984,6.3957772122297465
-31.516662777777775,117.58200777777778,8131.0,8160.0,1.5256952169076556,44.24516129032202,29.0,114,,121.42297462555307,155.67414774466053,311.34829548932106,36.683263790797405,7.932154528522462,25.996317386039287,12.300775403405387
-31.516360752688165,117.58413064516128,8160.0,8190.0,1.6991935483870673,50.975806451612016,30.0,116,,121.49596626521783,161.13902997362985,322.2780599472597,35.7736872523152,6.3892343272365375,27.052776678973537,8.761469573944149
-31.51627444444445,117.58595555555556,8190.0,8219.0,1.2200222469410256,35.38064516128974,29.0,118,,125.95517225416454,161.4847944152782,322.9695888305564,37.694248632665975,6.66299150053889,28.12010262749645,8.171190953702505
-31.516068888888892,117.58826277777777,8219.0,8248.0,0.9844271412680862,28.548387096774498,29.0,120,,124.56119026144636,159.69759591057166,319.3951918211433,37.386176470837164,6.136815777964189,27.532346751829404,7.206443366242056
-31.682108641975308,117.43890370370373,9111.0,9137.0,2.644688644688621,68.76190476190415,26.0,122,,125.04342572167734,143.7314616454109,287.4629232908218,40.55193198707628,7.331324294299832,23.116641315959257,4.957423899508406
-31.68203397435897,117.43981858974358,9137.0,9162.0,3.1815384615384503,79.53846153846126,25.0,124,,124.10572124903173,137.1669375192241,274.3338750384482,41.45101372344914,5.868337989807293,23.770556926801117,7.199493965806049
-31.68190308641975,117.4408598765432,9162.0,9188.0,2.343101343101396,60.920634920636296,26.0,126,,121.09272844923093,139.19032331518662,278.38064663037323,39.64567370756112,7.5229403420522685,33.95366715742894,9.062918816867864
-31.68153166666666,117.44208944444445,9188.0,9217.0,2.363959955506115,68.55483870967734,29.0,128,,122.56630446775699,157.1399897677621,314.2799795355242,36.94085998194186,5.260208613512632,21.27330033764874,5.55704460150132
-31.68088402777778,117.44346388888887,9217.0,9240.0,2.233913043478205,51.37999999999871,23.0,130,,131.47055541686376,133.6823171137525,267.364634227505,45.48211105098927,3.5932218732004726,12.766028768806642,4.34434690825046
-31.68062976190476,117.4448988095238,9240.0,9267.0,2.2058018609742662,59.55665024630519,27.0,132,,125.64566298111397,149.9784625612699,299.9569251225398,39.6222785306031,5.022232585760896,18.931351493433727,6.750841806728204
-31.680177160493827,117.44633765432098,9267.0,9293.0,2.464590964591001,64.07936507936603,26.0,134,,126.53657877290995,145.44776995410723,290.89553990821446,40.88820230100709,4.952183243514381,20.357653866039847,6.26562490388691
-31.679804938271605,117.44762962962962,9293.0,9319.0,2.4249084249084674,63.04761904762015,26.0,136,,124.77186408258201,143.4193144766275,286.838628953255,40.49040824285303,5.310217556800398,18.695742658344464,6.43897777081717
-31.679721428571423,117.44906607142859,9319.0,9346.0,2.504652435686936,67.62561576354727,27.0,138,,120.66887219972403,144.03785615932702,288.07571231865404,38.48937300456703,5.060991266016127,18.40438228989409,6.4164931372602
-31.67999191919192,117.45021818181817,9346.0,9378.0,2.0655080213903205,66.09625668449026,32.0,140,,120.86534320367973,170.98948283879153,341.97896567758306,33.90054487127832,7.512678406512941,29.385552107942374,10.215495898838428
-31.679940625,117.45180260416667,9378.0,9409.0,1.336326979472161,41.42613636363699,31.0,142,,122.13589466946007,167.38735342596246,334.7747068519249,35.028717337603524,6.4567597373475225,26.56739919972358,7.25888317040361
-31.6803375,117.45314166666667,9409.0,9440.0,0.8526392961877483,26.431818181820194,31.0,144,,121.64620241662867,166.71622975329868,333.43245950659735,34.92060130098445,7.488097686346836,29.554195342670553,8.493668942730837
-31.829647126436775,117.28313735632183,10090.0,10118.0,2.6261083743841978,73.53103448275753,28.0,146,,123.84300046500185,153.30175537706506,306.6035107541301,38.19935145268828,5.2733865260124535,22.819175476102455,6.449240578034144
-31.829544444444448,117.28419333333333,10118.0,10147.0,2.1087875417129975,61.15483870967693,29.0,148,,115.78958534692617,148.45168364700044,296.9033672940009,35.38854787807074,10.912771303171484,48.39688723402207,7.108353927805456
-31.828769354838713,117.28524462365593,10147.0,10177.0,2.099193548387068,62.97580645161204,30.0,150,,117.77781191012079,156.20767460036024,312.41534920072047,34.93331923207101,7.853865115251975,30.761436549860584,7.806354541865861
