lat,lon,t_start,t_end,climb_rate_ms,alt_gain_m,duration_s,circle_id,seg_id,avg_speed_kmh,turn_radius_m,circle_diameter_m,bank_angle_deg,bank_std_deg,bank_range_deg,bank_masd_deg
-31.61093080808081,117.231148989899,248.0,280.0,1.289104278074842,41.251336898394946,32.0,0,,115.97436026889199,164.0701574107953,328.1403148215906,32.81364277817709,9.953264183261265,40.39621507926152,6.634354432908913
-31.61094722222222,117.22958518518519,280.0,297.0,1.0970072239421973,18.649122807017353,17.0,2,,127.36424834392885,95.72251245862232,191.44502491724464,53.12175815869115,2.8929283255039073,8.59745595840166,3.5348745946558506
-31.61055873015873,117.22935079365081,297.0,317.0,2.2233766233765966,44.46753246753193,20.0,4,,127.7851919059648,112.98691636544862,225.97383273089724,48.66148510662399,2.9701478274141446,10.664143734809272,3.0738056072228006
-31.610381333333336,117.22928533333334,317.0,341.0,1.8476923076923022,44.34461538461525,24.0,6,,121.04068518713326,128.4281557517481,256.8563115034962,41.901027081897595,6.69010296610969,24.800829520212943,7.039561391001049
-31.609771666666667,117.22866916666665,341.0,360.0,2.1375939849623617,40.614285714284875,19.0,8,,116.59816716352326,97.9406440364075,195.881288072815,47.513073027330904,3.4025531945185223,12.44875071192115,4.272881465402926
-31.608882539682533,117.22826825396827,360.0,380.0,1.3883116883116853,27.766233766233704,20.0,10,,122.56364977600894,108.37005947353164,216.74011894706328,47.473221535484385,5.956812353918093,22.35603323317938,4.693163414499912
-31.608071739130438,117.22799782608696,380.0,402.0,1.2786561264821872,28.13043478260812,22.0,12,,116.7677805770051,113.56992455538992,227.13984911077983,43.35896374251259,4.724486982059386,19.57097768271219,5.774793483673109
-31.60760322580645,117.22668709677419,402.0,432.0,1.352419354838718,40.57258064516154,30.0,14,,119.59610072541463,158.6192550413829,317.2385100827658,35.34646958559154,7.393362813369079,33.249803528883305,5.301972641943482
-31.60612894736842,117.22642719298246,432.0,450.0,0.12807017543858773,2.3052631578945793,18.0,16,,117.10998133371105,93.19316207329854,186.38632414659708,49.17582411951001,6.519392103846773,25.538518802255886,6.338356009522956
-31.605926666666665,117.22567833333332,450.0,469.0,0.05037593984957099,0.9571428571418489,19.0,18,,115.04303297873055,96.63435554725808,193.26871109451616,47.12967438526879,5.695901851564619,19.489130224912948,4.2677035736295
-31.60290747126437,117.22658218390805,568.0,596.0,2.5541871921182087,71.51724137930984,28.0,20,,99.55546022844112,123.23689472223886,246.47378944447772,32.316624269566674,5.924834232221039,20.98013317441216,7.478834318596286
-31.602015432098764,117.22641913580247,596.0,622.0,2.871794871794867,74.66666666666654,26.0,22,,105.2526524491165,120.98291046696238,241.96582093392476,35.76236838484701,4.65178931826096,18.915725943327892,4.73105243111284
-31.6006119047619,117.2263898809524,622.0,649.0,3.195402298850575,86.27586206896552,27.0,24,,104.52008855528241,124.76166559481875,249.5233311896375,34.55606472416393,6.141501853999766,24.491807876655837,5.866079327459935
-31.599377976190475,117.22688392857144,649.0,676.0,3.231253420908616,87.24384236453264,27.0,26,,100.31913692931619,119.74714896760031,239.49429793520062,33.46633750335234,9.660625900677458,30.693014722171974,5.279151916984348
-31.59869230769231,117.22698012820514,676.0,701.0,3.35487179487183,83.87179487179574,25.0,28,,104.46792649083595,115.46240899706457,230.92481799412914,36.628929878589375,7.516848860656559,29.870281797559628,6.670762963824198
-31.597782692307696,117.22666025641026,701.0,726.0,3.6536752136752453,91.34188034188114,25.0,30,,107.79318983124789,119.13763189782033,238.27526379564065,37.492303456516986,4.365656087501705,17.253140372794746,6.357171176890183
-31.59647833333333,117.22577555555554,726.0,755.0,2.949054505005558,85.52258064516118,29.0,32,,106.12714454107842,136.06364718007777,272.12729436015553,33.06749658859252,6.110463965587953,22.87421381096307,8.159151841475786
-31.597979310344833,117.28589137931034,1073.0,1102.0,1.5374772689700513,44.58684080013149,29.0,34,,110.76098822605374,142.00461237768624,284.0092247553725,34.19658159103953,6.946164881250881,32.76140534078998,6.602039324674354
-31.595845977011496,117.28613390804598,1102.0,1131.0,2.029668354844004,58.86038229047612,29.0,36,,113.38088327499051,145.36353131523842,290.72706263047684,34.82189483324582,7.457471502988161,29.95817853738067,8.321646973121464
-31.5932811827957,117.2852688172043,1131.0,1161.0,1.8411290322580496,55.23387096774149,30.0,38,,112.00440262198356,148.55045271119607,297.10090542239215,33.593530985091554,7.494705519533518,25.138285735489866,7.078448546089335
-31.591552150537634,117.28438064516128,1161.0,1191.0,1.109274193548375,33.278225806451246,30.0,40,,107.1154608209731,142.06629226020098,284.13258452040196,32.425431147864444,5.909726462116164,25.690915236165736,6.519826597198854
-31.599511290322585,117.37473064516128,1598.0,1628.0,1.361693548387082,40.85080645161246,30.0,42,,115.8694628861518,153.67664809778307,307.35329619556614,34.495183604583346,11.493627176337196,35.68014263989122,8.293485637936481
-31.597430246913582,117.37430432098763,1628.0,1654.0,0.9505494505494497,24.714285714285694,26.0,44,,116.99138958189359,134.47602964718024,268.9520592943605,38.679047097558126,7.421713904221293,28.889694573538076,8.68513227879376
-31.596250000000005,117.37272722222222,1654.0,1683.0,0.9163515016685166,26.574193548386983,29.0,46,,118.30421537830591,151.6756442544174,303.3512885088348,35.9717446880386,10.248617092617307,34.91785482509675,7.704737478270391
-31.62578266666667,117.46626266666667,2039.0,2063.0,2.0507692307692453,49.21846153846189,24.0,48,,128.89962178428976,136.76674646430314,273.5334929286063,43.697574177081854,6.08416057370181,24.085267852762943,3.6734420234345215
-31.624961666666668,117.46643555555558,2063.0,2092.0,1.2929922135706102,37.496774193547694,29.0,50,,121.25877865161945,155.46363512640156,310.9272702528031,36.6461273865442,8.818444398190907,37.69350395904128,8.000689024028206
-31.62291818181819,117.46725151515152,2092.0,2113.0,0.4291360813099072,9.011857707508051,21.0,52,,122.21297952623921,113.46299884260583,226.92599768521166,45.99628061736114,10.996030249158466,40.58563998470966,3.664375378107988
-31.622265079365075,117.46761746031746,2113.0,2134.0,1.2121016111960543,25.45413383511714,21.0,54,,120.74321162662436,112.09846068848043,224.19692137696086,45.64980968106822,5.3813520124768655,25.283597154321463,4.572943555781708
-31.6165619047619,117.63697976190475,2699.0,2726.0,2.193212917350852,59.21674876847301,27.0,56,,112.48605179264635,134.27033378767965,268.5406675753593,36.546338445844796,11.552710058310243,40.06683536015998,10.518117206320694
-31.615446969696972,117.63582348484846,2726.0,2747.0,1.8977978543195593,39.85375494071074,21.0,58,,118.15760916954522,109.69797745231139,219.39595490462278,45.02973403551624,5.617100631931123,22.079583889266964,6.5664276051906825
-31.615052469135804,117.63432901234566,2747.0,2773.0,3.9468864468864604,102.61904761904798,26.0,60,,112.75480823651682,129.60628119270294,259.2125623854059,37.652365382427604,8.717683115988125,32.001055728078626,7.641536208319227
-31.61412280701754,117.63280877192983,2773.0,2791.0,3.3456140350876225,60.2210526315772,18.0,62,,116.94725102326906,93.06366540680993,186.12733081361986,49.13640720401715,5.5137945206662025,17.40614964484398,4.011934227567152
-31.613421527777785,117.63195902777778,2791.0,2814.0,2.8304347826086875,65.09999999999981,23.0,64,,107.14854504012463,108.95113153598047,217.90226307196093,39.65304504275247,6.204614922127242,23.46202068450815,8.101514228871807
-31.612424305555553,117.63106666666665,2814.0,2837.0,2.4039130434782328,55.28999999999935,23.0,66,,113.0998147830057,115.00252096287306,230.00504192574613,41.181633954977045,5.6091361893678915,21.785462481898335,4.927906917448155
-31.611667543859646,117.63047105263159,2837.0,2855.0,0.9192982456139279,16.547368421050702,18.0,68,,113.64127534547075,90.43285355249402,180.86570710498805,48.3218730429756,5.751548022992975,25.010967779216628,6.848204470245336
-31.61127986111111,117.62952569444444,2855.0,2878.0,1.6426086956521422,37.77999999999927,23.0,70,,108.64172871227566,110.46943540665816,220.93887081331633,40.043118522190326,9.014116995691673,33.94864585853655,7.610927479633272
-31.718104166666667,117.62153055555557,3799.0,3822.0,0.8930434782608273,20.53999999999903,23.0,72,,110.11377863394988,111.96624998854351,223.93249997708702,40.42335120932674,7.831625758550345,26.776316821067145,6.327701234708761
-31.748452083333333,117.57626388888889,4136.0,4161.0,2.9828847051501297,74.57211762875325,25.0,74,,104.34833723899148,115.33023385420549,230.66046770841098,36.59751265161159,6.827725067470803,23.9715931688137,8.567457640564697
-31.747013333333335,117.57531666666665,4161.0,4190.0,2.509899888765333,72.78709677419467,29.0,76,,105.03438124785065,134.66263559323033,269.32527118646067,32.79690975544055,6.733924848528626,30.94917296838851,7.748171269182366
-31.745291111111108,117.57421666666664,4190.0,4219.0,2.7352614015572776,79.32258064516105,29.0,78,,105.86047249131668,135.72175188223974,271.4435037644795,33.001616714544284,6.315222076942686,23.362913054011308,7.284073981353385
-31.74340892857143,117.57327738095238,4219.0,4247.0,2.627586206896543,73.57241379310321,28.0,80,,108.61981809578786,134.45740752645554,268.9148150529111,34.61247859529708,5.856307339170744,25.921402065889833,6.664220866037495
-31.741521666666664,117.5728872222222,4247.0,4278.0,2.034193773324192,63.06000697304995,31.0,82,,105.78117501607181,144.97319544060517,289.94639088121033,31.26163436495794,6.598765946750909,24.373567016823493,8.609879522901156
-31.790441919191917,117.5320196969697,4551.0,4583.0,1.2022058823529036,38.470588235292915,32.0,84,,111.21910068121254,157.34284124133475,314.6856824826695,31.730774664488646,10.54678905748178,38.305284722393345,7.929171832372751
-31.78835714285714,117.53020297619048,4583.0,4610.0,1.6330049261084052,44.09113300492694,27.0,86,,104.64466328399344,124.91036572375894,249.8207314475179,34.58795316681195,5.324228969221841,22.36528815970607,5.2778732912583015
-31.786874137931033,117.52961781609196,4610.0,4638.0,1.73004926108374,48.441379310344715,28.0,88,,103.91393155333964,128.63212337754237,257.26424675508474,33.43573982881134,5.236015418555336,21.782712865715062,6.3655706269014685
-31.783432291666667,117.52754947916668,4671.0,4702.0,1.2270894428153079,38.039772727274546,31.0,90,,104.14444874010442,142.73006060822559,285.46012121645117,30.86673397337426,10.075625059663158,44.09314050513899,5.975816319381251
-31.78259523809524,117.52673392857143,4702.0,4729.0,1.4693486590038376,39.672413793103615,27.0,92,,103.85323689311014,123.9656700572405,247.931340114481,34.384948874637075,8.802579861200867,33.26500279481118,6.841517141763186
-31.859815909090912,117.46429242424246,5086.0,5107.0,2.177300959909629,45.723320158102204,21.0,94,,120.72180935174596,112.07859073441196,224.15718146882392,45.64473256043286,5.322240853849274,20.79576487542358,4.407926713920871
-31.858963043478262,117.46424927536232,5107.0,5129.0,0.963438735177838,21.195652173912436,22.0,96,,114.24731469270814,111.11848530639892,222.23697061279785,42.73528372818943,5.449900628115752,18.311990321648928,5.789300144062774
-31.857942,117.46393,5129.0,5153.0,1.9723076923077054,47.33538461538493,24.0,98,,115.20059651752418,122.23162921932638,244.46325843865276,40.49693434338021,6.217557189539305,20.735768520282395,5.080854113786165
-31.85582424242424,117.46374040404041,5153.0,5185.0,1.1641042780748345,37.251336898394705,32.0,100,,114.45127689724788,161.91543521223326,323.8308704244665,32.469618902423,9.573349140670592,35.480585725548806,8.332802003093143
-31.987490322580644,117.40903548387098,5683.0,5713.0,1.333870967741924,40.01612903225772,30.0,102,,111.9784436038667,148.51602349410348,297.03204698820696,33.587410274617206,7.106239390516959,25.643921937165658,7.858538065397552
-31.98578103448276,117.40982988505746,5713.0,5741.0,1.032019704433482,28.896551724137495,28.0,104,,111.95389340068925,138.58456525746635,277.1691305149327,35.426530732785544,12.37358080580683,44.54673699022895,10.465027098319934
-31.985758602150543,117.40711612903226,5780.0,5810.0,1.4141129032257982,42.42338709677394,30.0,106,,114.76706536877055,152.21454797992092,304.42909595984185,34.23996637332402,10.96279255638075,38.47688731687322,6.662352594361931
-31.985348,117.40658133333332,5810.0,5834.0,2.187692307692331,52.504615384615946,24.0,108,,115.91133278735532,122.98574382318186,245.97148764636373,40.67104650098584,7.920793722840666,31.60761943485091,5.454551744523069
-31.984074603174598,117.40676587301587,5834.0,5855.0,2.29132966677454,48.11792300226534,21.0,110,,117.62991234426686,109.20806169616249,218.41612339232498,44.90150500870614,5.154876391864866,20.68235512956649,6.2292840718862434
-31.982760666666664,117.40688066666665,5855.0,5879.0,1.767692307692297,42.42461538461513,24.0,112,,111.11091703599443,117.89234451834668,235.78468903669335,39.47729835834152,5.553252072066725,24.031818530440336,7.224968971835798
-31.981511805555556,117.40702499999999,5879.0,5902.0,1.7308695652173893,39.80999999999995,23.0,114,,109.0263583532867,110.8605357673279,221.7210715346558,40.14288130075719,4.404795066011947,16.862014685688187,6.4627464813629585
-31.980766,117.40735799999999,5902.0,5926.0,1.0046153846153953,24.11076923076949,24.0,116,,109.38601705651874,116.06216879786223,232.12433759572446,39.0380555934046,6.087649362370003,23.27346146717145,3.9625331096688545
-31.980641071428572,117.40685238095237,5926.0,5953.0,0.8234811165845568,22.233990147783032,27.0,118,,113.25150590157445,135.18402732627396,270.3680546525479,36.73240803568823,8.91365962043682,32.690301315218534,9.468008537639642
-32.01279946236559,117.38259892473117,6241.0,6271.0,1.5548387096774297,46.64516129032289,30.0,120,,106.78005487269398,141.62144630510895,283.2428926102179,32.34415766158692,11.587224738622263,38.246464239549816,7.269065866898905
-32.01209285714286,117.38142797619045,6271.0,6298.0,1.3694581280788367,36.97536945812859,27.0,122,,104.20496741032007,124.38551743561723,248.77103487123446,34.475291274035705,6.222178376181862,21.409453110332684,8.249414530122209
-32.01100645161291,117.38146236559139,6298.0,6328.0,1.2165322580645186,36.49596774193556,30.0,124,,104.01614022690816,137.95569065376813,275.91138130753626,31.668848249600117,5.796912645174753,23.333786398844882,6.174786258681559
-32.009520555555554,117.38142722222223,6328.0,6357.0,1.519021134593997,44.051612903225916,29.0,126,,107.34763604688762,137.62841674351802,275.25683348703603,33.36775616435843,5.635255229238873,22.751519933665442,7.908463380745913
-32.00819702380952,117.3806,6357.0,6384.0,1.2104542966612337,32.68226600985331,27.0,128,,111.699962209777,133.33200846647938,266.66401693295876,36.35431584436455,6.985621003161863,22.30126085605795,9.156353976208605
-32.00769425287356,117.37652298850574,6422.0,6450.0,2.1256157635468234,59.51724137931105,28.0,130,,112.46081464356662,139.21206875850584,278.4241375170117,35.548884682229286,8.34166904169322,31.08949594400812,8.4729371654531
