lat,lon,t_start,t_end,climb_rate_ms,alt_gain_m,duration_s,circle_id,seg_id,avg_speed_kmh,turn_radius_m,circle_diameter_m,bank_angle_deg,bank_std_deg,bank_range_deg,bank_masd_deg
-32.125754629629625,116.95868703703702,423.0,454.0,0.37988422575976305,11.776410998552654,31.0,0,,119.20454472326296,163.36993568986458,326.73987137972915,34.377253908988806,7.688947982399989,31.13494076495749,7.7461749462109015
-32.12685229885057,116.95880057471264,454.0,482.0,0.6152709359605927,17.227586206896596,28.0,2,,120.6626915499805,149.3649407207383,298.7298814414766,37.477246975650296,5.432545456821985,20.230537337585314,7.581918320190886
-32.14673125,116.93542291666667,617.0,646.0,1.9228410832907668,55.76239141543223,29.0,4,,113.0156073657426,144.89521783470326,289.7904356694065,34.73527376550563,3.9440410712717906,11.373588394205527,3.720963113776623
-32.155796296296295,116.98954444444445,993.0,1025.0,0.9916666666666627,31.733333333333206,32.0,6,,116.85003700930724,165.3089865822414,330.6179731644828,33.010237633802284,3.116738557264744,8.677477432016161,1.586807974604979
-32.15686041666666,116.98995416666668,1025.0,1053.0,0.773809523809535,21.66666666666698,28.0,8,,120.68069235960938,149.38722341498791,298.77444682997583,37.48137401765508,2.8994408393235553,9.1900140317697,3.4009629406412736
-32.15805833333333,116.98990833333333,1053.0,1081.0,1.5416666666666754,43.16666666666691,28.0,10,,119.26752757016463,147.63790660220474,295.2758132044095,37.15598854231251,1.9876626228674992,5.507326573892101,1.7450014835641963
-32.15901458333333,116.99006666666666,1081.0,1109.0,1.407738095238108,39.41666666666703,28.0,12,,118.34722780361678,146.49869349241933,292.99738698483867,36.94256874748553,0.7699559102762588,1.8741719130497714,0.5883286575450638
-32.15949444444445,116.99013703703703,1109.0,1141.0,0.8583333333333344,27.4666666666667,32.0,14,,117.64781296649042,166.43760868949093,332.87521737898186,33.188583653806745,5.99861034799722,15.680657036096338,5.130170818498058
-32.160920833333336,116.98770208333333,1181.0,1209.0,2.4732142857143082,69.25000000000063,28.0,16,,120.40143389306063,149.04153724003183,298.08307448006366,37.417297144933045,2.6833555891786687,7.562911680892398,2.048257998627522
-32.1619125,116.98797083333334,1209.0,1238.0,2.0211365211364996,58.612959112958485,29.0,18,,124.8631963312037,160.08479230127264,320.1695846025453,37.453136414242266,2.94069952487726,9.08882208171974,2.2957485696149385
-32.16299444444444,116.98799074074074,1238.0,1270.0,2.4291666666666476,77.73333333333272,32.0,20,,123.94177869992421,175.34174876173088,350.68349752346177,34.57034807385935,1.4982036038326731,3.8058423243915414,0.8956997334790598
-32.165333333333336,116.98745625000001,1306.0,1334.0,3.1488095238095375,88.16666666666706,28.0,22,,128.66037901071044,159.26505233046572,318.53010466093144,39.26647653779288,2.940511186027874,8.036203854590063,2.1103059674526263
-32.1663375,116.98738125,1334.0,1362.0,2.880952380952404,80.66666666666731,28.0,24,,122.95315052472766,152.20023524791767,304.40047049583535,37.9987298824041,1.8160845612145626,5.729879900657778,1.9658455517529465
-32.16725,116.98749583333333,1362.0,1390.0,2.505952380952387,70.16666666666684,28.0,26,,123.93124250354036,153.4109877063466,306.8219754126932,38.219186115621575,1.3876739148861912,3.031163458240947,1.3218585415961606
-32.16984814814815,116.98748148148145,1426.0,1458.0,1.9333333333333125,61.866666666666,32.0,28,,123.12310874806693,174.18356769862962,348.36713539725923,34.39314691123707,2.4903160122194117,6.540514162479411,2.542378042905153
-32.17062222222222,116.98757962962961,1458.0,1490.0,1.6999999999999977,54.39999999999993,32.0,30,,122.6968609174295,173.58055037215723,347.16110074431447,34.30058734117053,3.262503109244092,10.59533097716536,2.132208189388922
-31.982119047619047,116.9103761904762,2084.0,2108.0,2.7500000000000195,66.00000000000047,24.0,32,,122.16048529719149,129.6163005703522,259.2326011407044,42.16342743563956,1.2086030584842393,3.2917437932832243,1.6495328691848243
-31.983058333333332,116.91012708333334,2108.0,2136.0,2.6011904761905,72.833333333334,28.0,34,,120.36647483330319,148.9982624065166,297.9965248130332,37.40926792837616,4.681150593562324,11.605854879768401,3.731429175999176
-31.83500238095238,116.87726666666667,2616.0,2640.0,4.196428571428571,100.71428571428571,24.0,36,,127.11663925454963,134.8749432439389,269.7498864878778,43.29909213720068,1.6606578479276979,3.9764568422439552,1.8352989026381437
-31.83615714285714,116.87741666666668,2640.0,2664.0,3.95535714285715,94.9285714285716,24.0,38,,123.76754175568863,131.32144043166937,262.64288086333875,42.53623769043521,1.7917695290757918,4.405070489550852,1.8268978976148902
-31.837354761904766,116.87765476190475,2664.0,2688.0,4.000000000000015,96.00000000000037,24.0,40,,122.52476237116934,130.00281055020972,260.00562110041943,42.24832161055582,1.3991567873343986,3.39452959012074,2.1534840059594713
-31.838497916666668,116.87810208333333,2688.0,2716.0,3.8571428571428954,108.00000000000107,28.0,42,,120.6812256878376,149.38788360695088,298.77576721390176,37.4814962867575,1.9277579151288846,5.557700827550811,2.520640039049168
-31.83933333333333,116.87873333333333,2716.0,2748.0,2.5874999999999826,82.79999999999944,32.0,44,,126.21742165973983,178.56112499077022,357.12224998154045,35.05896485517906,4.613048746017998,12.718886531656779,3.5884678859719616
-31.549725000000002,116.83084375,3514.0,3542.0,2.5982142857143073,72.75000000000061,28.0,46,,123.75653995734204,153.1947283545828,306.3894567091656,38.17990674756668,7.87873542054983,20.917159637051462,3.932518119055312
-31.551131249999997,116.82919791666666,3542.0,3570.0,2.651785714285734,74.25000000000055,28.0,48,,124.11053234316951,153.63292553919317,307.26585107838633,38.259452823902286,9.528283415750463,28.535693048606024,8.785231791609357
-31.552427083333335,116.82783125,3570.0,3598.0,2.9821428571428723,83.50000000000043,28.0,50,,122.88317839642693,152.11361872493538,304.22723744987076,37.982907530055655,1.9239303779744925,5.203477012194533,1.8409981311845474
-31.553547916666666,116.82764791666668,3598.0,3626.0,2.8630952380952777,80.16666666666778,28.0,52,,123.56580990259422,152.9586290022882,305.9172580045764,38.136975413960506,2.4481010844126367,6.934044182619296,1.9101077161771904
-31.55610925925926,116.82786666666668,3659.0,3691.0,2.358333333333312,75.46666666666599,32.0,54,,124.21695963358131,175.73105014694127,351.46210029388254,34.62974204580042,1.1773084604049697,3.5030938304993384,0.782134892805389
-31.25727291666667,116.78392916666667,4484.0,4512.0,3.96428571428572,111.00000000000017,28.0,56,,117.7116799069879,145.711966686596,291.423933373192,36.79448200723837,2.0633365829514694,6.603283654261297,2.063854990675839
-31.257772916666667,116.78297708333332,4512.0,4540.0,4.187499999999986,117.2499999999996,28.0,58,,117.04945198424272,144.89221342936423,289.78442685872847,36.639567164633974,2.24799217146018,6.02975464593964,1.9770689487061475
-31.25827380952381,116.78215952380951,4540.0,4564.0,4.357142857142856,104.57142857142854,24.0,60,,119.85135673248794,127.16623906830378,254.33247813660756,41.61995280568966,2.768805347038918,7.256019222655077,2.6500187960189208
-31.258691666666664,116.78132083333334,4564.0,4592.0,4.684523809523838,131.16666666666745,28.0,62,,119.18075736478396,147.5304962136536,295.0609924273072,37.135917539932,2.3373665540457482,6.426717641216847,1.967323656790671
-31.259341666666664,116.78049583333333,4592.0,4620.0,4.69642857142856,131.49999999999966,28.0,64,,123.00930170792986,152.26974321299505,304.5394864259901,38.01142205679969,1.8482158020720787,4.378372302694174,2.0357433713838695
-31.26017619047619,116.7795523809524,4620.0,4644.0,4.866071428571447,116.78571428571472,24.0,66,,127.51545562221256,135.2981005526023,270.5962011052046,43.388681520890486,1.9712818837725483,4.840447643209366,1.7719143740289525
-31.2609125,116.77865208333333,4644.0,4672.0,5.017857142857198,140.50000000000156,28.0,68,,127.73463607601884,158.11910127644356,316.2382025528871,39.06387932117781,1.9958914242511885,5.502005310658909,1.6267017444294265
-31.261860416666664,116.77751041666667,4672.0,4700.0,4.800595238095307,134.41666666666862,28.0,70,,130.41925767152833,161.4423185884392,322.8846371768784,39.648199960057276,2.029606653236597,4.966297685437581,1.6067437729407577
-31.262597916666664,116.77625,4700.0,4728.0,4.443452380952436,124.41666666666822,28.0,72,,133.43515037964158,165.17560706212495,330.3512141242499,40.29304599056696,2.4858570689580133,6.857803719337106,2.0449808151375515
-31.263158333333333,116.775175,4728.0,4756.0,4.449404761904803,124.58333333333448,28.0,74,,133.2424257318552,164.93703865939617,329.87407731879233,40.25220150992876,1.4346619458439118,4.41838136578059,1.2128634212703215
-31.26345416666667,116.77445,4756.0,4784.0,4.517857142857163,126.50000000000055,28.0,76,,132.060907283454,163.4744703150392,326.9489406300784,40.000719476042974,1.4185576256719195,3.5908411517043746,1.5528920065206162
-30.8916,116.71243333333334,5694.0,5722.0,1.8392857142857248,51.5000000000003,28.0,78,,126.65600648402724,156.78389614387174,313.5677922877435,38.82634751308978,2.095017635776284,5.827893567858354,1.3650726564637605
-30.900970833333332,116.73001041666666,5795.0,5823.0,2.601190476190509,72.83333333333425,28.0,80,,123.51527999130323,152.8960794510752,305.7921589021504,38.12559318906086,3.9503691560370924,11.607392550410069,3.371940838706968
-30.900588095238096,116.72971904761904,5823.0,5847.0,2.4285714285714497,58.28571428571479,24.0,82,,122.7269258516274,130.21731266506012,260.43462533012024,42.29533711461147,3.3614022139442814,9.127001901216431,2.3245316287652047
-30.900427083333334,116.72867708333334,5847.0,5875.0,2.755952380952443,77.1666666666684,28.0,84,,125.96102024119095,155.92359228665197,311.84718457330393,38.672455441905896,9.125552616376316,21.781240326005403,7.04977513731092
-30.8990462962963,116.7271925925926,5875.0,5907.0,2.441666666666667,78.13333333333334,32.0,86,,120.70878391755421,170.7679967563576,341.5359935127152,33.86617338413836,8.42082094361255,23.47514491553058,6.2589178248760495
-30.89834259259259,116.72671666666666,5907.0,5939.0,0.8541666666666587,27.33333333333308,32.0,88,,132.5504286353319,187.52049712233406,375.0409942446681,36.38845240464096,9.991354930483348,27.347082367531286,4.22787284493085
-31.01753125,117.01893749999999,6689.0,6717.0,3.2023809523809743,89.66666666666728,28.0,90,,124.52519712604084,154.14622737190504,308.2924547438101,38.352411653165376,3.0983884539377406,8.851790322726863,2.5049221925377574
-31.017410416666664,117.01745833333334,6717.0,6746.0,3.2279293739967896,93.60995184590689,29.0,92,,123.07519204724179,157.7924251118841,315.5848502237682,37.05495733799077,6.116334528991658,18.321964463309175,6.509622812993179
-31.017533333333333,117.0164875,6746.0,6774.0,3.053571428571445,85.50000000000045,28.0,94,,124.45997468318683,154.06549035049926,308.1309807009985,38.33780598761579,2.5537154460221383,6.381516039305154,1.7580309645854737
-31.01775,117.01533541666666,6774.0,6802.0,2.505952380952426,70.16666666666792,28.0,96,,126.51964853323025,156.61510248465558,313.23020496931116,38.796205823850954,1.656199420845643,4.979131911774637,1.4656327933610598
-31.01642037037037,117.01360185185185,6802.0,6834.0,2.150000000000004,68.80000000000013,32.0,98,,131.26874347040712,185.7072835269089,371.4145670538178,36.122963749995755,10.338191206335063,29.752702474622353,8.298587292470016
-31.175785185185184,117.37341851851852,7778.0,7810.0,2.7791666666666672,88.93333333333335,32.0,100,,123.27118671705983,174.39305517176945,348.7861103435389,34.425254175382086,10.105750816073776,30.844317606357656,7.867989339719428
-31.17505,117.37228125,7810.0,7838.0,2.413690476190515,67.58333333333442,28.0,102,,120.70081700299991,149.41213514311565,298.8242702862313,37.485987450898456,2.2778822887575068,5.344998465858524,1.9376489418926492
-31.174416666666666,117.37065370370371,7838.0,7870.0,1.9291666666666527,61.73333333333289,32.0,104,,119.84206477322552,169.54183999109281,339.08367998218563,33.675389960144514,1.992468926395683,4.354650832855917,1.3266001481804395
-31.173770370370374,117.36908333333334,7870.0,7902.0,2.129166666666641,68.13333333333252,32.0,106,,119.87874108013874,169.59372635144476,339.1874527028895,33.68348041990321,2.8538282924961234,7.596345766586765,2.790615233361915
-31.322483333333334,117.32079523809524,8373.0,8397.0,3.0357142857143185,72.85714285714364,24.0,108,,120.08098362866326,127.40988077225813,254.81976154451627,41.67441254027213,1.9206561694379227,5.199660650648198,2.1933755724453134
-31.322706250000003,117.31970208333333,8397.0,8425.0,2.824404761904804,79.08333333333451,28.0,110,,121.09981594000028,149.90604466732026,299.8120893346405,37.57733759357269,2.0154500470356287,6.138047717375123,2.1819874654818605
-31.32260625,117.31878958333334,8425.0,8453.0,2.270833333333361,63.58333333333411,28.0,112,,120.80209546232435,149.5375048897951,299.0750097795902,37.509196179613085,7.789414268102274,21.31387695742275,6.936426236830015
-31.438495833333334,117.26553333333334,8742.0,8770.0,1.3392857142857477,37.50000000000094,28.0,114,,123.32957663838114,152.6662025111152,305.3324050222304,38.08373167104542,1.8586340794625142,5.188461016262451,1.5077603140358395
-31.68683958333333,117.15784375,9473.0,9501.0,3.5238095238095357,98.666666666667,28.0,116,,120.48773052393773,149.14836140406948,298.29672280813895,37.43710994190069,2.321002379204379,6.083302760964536,2.0631114488329843
-31.68751041666667,117.15700416666667,9501.0,9529.0,3.43750000000001,96.25000000000028,28.0,118,,121.02109300849231,149.80859577199885,299.6171915439977,37.5593318262076,1.843533121916249,5.149222108969731,1.5976534324141671
-31.688291666666665,117.15683958333334,9529.0,9557.0,3.6101190476190608,101.0833333333337,28.0,120,,121.03461110324245,149.82532944000405,299.6506588800081,37.562424348323134,5.115352874131323,14.533039684403132,4.514623634077327
-31.689133333333334,117.15584791666666,9557.0,9585.0,3.321428571428579,93.00000000000021,28.0,122,,122.36167015733682,151.46805839293495,302.9361167858699,37.86476702251425,2.797867985349861,7.8918549596304075,2.1275724800743667
-31.689814285714284,117.15500952380953,9585.0,9609.0,3.580357142857144,85.92857142857146,24.0,124,,125.39119532383157,133.044190373261,266.088380746522,42.908431266479774,2.355806361931322,5.916181511311059,2.121349100578165
-31.69064791666667,117.15421666666666,9609.0,9637.0,3.782738095238121,105.9166666666674,28.0,126,,126.64052951749171,156.76473764376357,313.52947528752713,38.822927639625554,2.2190816688984865,5.7767746631517625,1.8949302773553083
-31.69165,117.153325,9637.0,9665.0,3.672619047619046,102.83333333333329,28.0,128,,126.04659568000118,156.02952370738234,312.0590474147647,38.69144039921089,0.9804716987143546,2.6758906594539695,0.9002091626754188
