lat,lon,t_start,t_end,climb_rate_ms,alt_gain_m,duration_s,circle_id,seg_id,avg_speed_kmh,turn_radius_m,circle_diameter_m,bank_angle_deg,bank_std_deg,bank_range_deg,bank_masd_deg
-32.12483854166667,116.99087395833334,481.0,512.0,2.054435483870984,63.687500000000504,31.0,0,,98.15369973625283,134.51973371368092,269.03946742736184,29.39332779685798,7.329026582475992,29.23082106537248,9.369326804528294
-32.102761111111114,116.99289595959597,1013.0,1045.0,0.5444518716577316,17.42245989304741,32.0,2,,103.628719502753,146.60464849019235,293.2092969803847,29.948563627785713,10.842025482741818,37.02907850364805,7.849885058624774
-32.12299871794872,116.98698846153846,1348.0,1373.0,1.8400000000000167,46.00000000000042,25.0,4,,101.4992371377914,112.18128687872206,224.36257375744412,35.841427874171956,5.377982255066384,22.027398718539573,6.174089653618995
-32.122036904761906,116.98691309523808,1373.0,1400.0,1.4168035030104014,38.25369458128084,27.0,6,,102.58382346229493,122.45041938967941,244.90083877935882,34.05727218022309,5.573375848457898,23.828508271131245,5.47608423686446
-32.12092222222222,116.98684166666666,1400.0,1429.0,1.5737486095661806,45.638709677419236,29.0,8,,105.31156625944669,135.0180093647993,270.0360187295986,32.86570221638956,5.38495686212813,20.221014236693318,6.925124473507878
-32.11991845238095,116.98674166666669,1429.0,1456.0,0.4250136836344215,11.47536945812938,27.0,10,,104.03277600143645,124.17997908150383,248.35995816300766,34.43108810805218,6.224138460165191,27.345877779644113,5.628262501326092
-32.119304487179484,116.98601089743592,1456.0,1481.0,0.03008547008548713,0.7521367521371782,25.0,12,,102.79678800547731,113.61539545167618,227.23079090335236,36.18758036159813,6.217918721611605,28.789136640960113,7.113121193443033
-32.005207812500004,116.92217291666667,1870.0,1901.0,1.1458944281525318,35.52272727272849,31.0,14,,99.0555368649962,135.75570230923722,271.51140461847444,29.61794422963079,10.670823448868774,42.96521508574246,7.651807120789344
-32.004127777777775,116.92068833333333,1901.0,1930.0,0.8745272525027642,25.36129032258016,29.0,16,,97.93572742974753,125.56158295738899,251.12316591477799,30.99870555959957,8.161608342325396,28.799634043652627,7.649464469671983
-31.89989516129032,116.87888494623655,2245.0,2275.0,1.3879032258064727,41.637096774194184,30.0,18,,101.15316191244835,134.15854773117496,268.3170954623499,30.958827945352358,6.052485417224364,26.732453739874728,7.199295268463961
-31.898389102564103,116.87818910256411,2275.0,2300.0,1.173675213675218,29.34188034188045,25.0,20,,99.09834406579668,109.52771743258981,219.05543486517962,35.192885186913905,6.863053661479901,27.542177334535566,8.548785020883837
-31.896869230769234,116.87753846153848,2300.0,2325.0,1.1774358974359178,29.435897435897946,25.0,22,,102.76495860568292,113.58021624116975,227.1604324823395,36.179125462480066,6.53686648977184,23.044709853732936,7.751152003100348
-31.8951630952381,116.87756428571427,2325.0,2352.0,0.799671592775056,21.59113300492651,27.0,24,,99.37512676090655,118.62031983286477,237.24063966572953,33.21760276635894,6.870788814400009,35.28466120202725,8.462727884558749
-31.785464285714284,116.85101845238098,2687.0,2714.0,0.8171866447728608,22.06403940886724,27.0,26,,99.72286216715486,119.0353983988084,238.0707967976168,33.30939196031652,11.862633236772144,52.900701362678326,7.748983800555014
-31.784495333333336,116.85062399999998,2714.0,2738.0,1.690769230769235,40.57846153846164,24.0,28,,100.32805242704937,106.45136983031824,212.90273966063648,36.63955368980973,8.473325521906222,36.811575870406976,9.150020742273302
-31.78299358974359,116.85065320512822,2738.0,2763.0,0.9610256410256587,24.025641025641466,25.0,30,,103.9875148274921,114.93143753220228,229.86287506440456,36.50256596005913,5.143918425491958,17.08960578674747,5.805205551921095
-31.781804347826085,116.85082681159423,2763.0,2785.0,1.2480237154149845,27.45652173912966,22.0,32,,100.60239943431506,97.84725595868994,195.69451191737988,39.13070909215242,6.403443704003588,23.051946000066717,8.921075051830067
-31.780306172839506,116.85118580246915,2785.0,2811.0,0.7222222222222141,18.777777777777565,26.0,34,,102.04809978668696,117.29942982467827,234.59885964935654,34.92646643511649,5.922201791309264,21.952379821124577,8.322574743591002
-31.719272435897437,116.81429871794873,3022.0,3047.0,1.6974358974359223,42.435897435898056,25.0,36,,107.75615337792112,119.09669762961514,238.19339525923027,37.482795252738676,7.842177674904016,31.720420002617256,7.894077459159905
-31.717275,116.81428680555557,3047.0,3070.0,1.8234782608695357,41.93999999999932,23.0,38,,107.14251657088337,108.94500164830893,217.89000329661786,39.65146119113047,5.27229857217954,20.666524776997473,7.197257011240648
-31.715674305555552,116.81485694444444,3070.0,3093.0,1.6513043478260787,37.97999999999981,23.0,40,,108.24047038215471,110.06142660832549,220.12285321665098,39.93873061201207,4.049825937146763,14.971171099515072,5.314189286049383
-31.656228846153848,116.79452115384615,3315.0,3340.0,1.185982905982898,29.64957264957245,25.0,42,,105.8028750311058,116.93785107315664,233.87570214631327,36.97789889866504,4.520260500027711,18.9651015925929,6.02872924348756
-31.645573333333335,116.78793466666667,3423.0,3447.0,1.670769230769227,40.09846153846145,24.0,44,,104.09094790297821,110.44392593253295,220.8878518650659,37.65491760677899,5.911961309418555,30.133456102943168,7.37125466407369
-31.60845064102564,116.95165064102564,3961.0,3987.0,1.6766169154229165,43.59203980099583,26.0,46,,107.58166790603872,123.66000279617671,247.32000559235343,36.35908145857829,7.778023925915059,31.117222789785085,7.918808920569737
-31.606413580246915,116.95156111111113,3987.0,4013.0,1.434065934065925,37.28571428571405,26.0,48,,102.19550450151226,117.46886452300797,234.93772904601593,34.965296838720874,7.015399312183852,30.671599588784588,7.926641983896904
-31.604889080459774,116.95137758620689,4013.0,4041.0,1.0990147783251427,30.772413793103997,28.0,50,,101.78139421242632,125.99231558427482,251.98463116854964,32.891703244282326,8.659679843217019,35.18379096156103,8.474806839279207
-31.602763888888887,116.95040722222221,4041.0,4070.0,1.4589543937708533,42.30967741935475,29.0,52,,109.45740347060428,140.3333104972691,280.6666209945382,33.88193983507687,10.299114722578457,45.56740209852511,7.8889926276998255
-31.598452150537636,117.0888510752688,4607.0,4637.0,2.613709677419356,78.41129032258067,30.0,54,,106.57395732844782,141.3481009473933,282.6962018947866,32.29414483419588,12.622868120948791,64.33024206800417,7.772462951239625
-31.59669345238095,117.08855416666667,4637.0,4664.0,2.485221674876876,67.10098522167564,27.0,56,,103.45747837770735,123.49326812726252,246.98653625452505,34.283064219922665,4.728600232179219,18.843691162722415,4.8168883995623855
-31.595154166666667,117.08795714285715,4664.0,4691.0,1.7665571975916994,47.697044334975885,27.0,58,,103.3733472924814,123.39284404165208,246.78568808330417,34.26137348330145,5.2505709259006945,20.40575161720912,5.324737704898344
-31.533965217391305,117.33682971014493,5487.0,5509.0,2.220355731225284,48.847826086956246,22.0,60,,102.1567351763143,99.35902394880075,198.7180478976015,39.561411768306385,6.855376596068642,27.48846539042347,8.007757284228555
-31.532417391304346,117.33682246376809,5509.0,5531.0,1.2173913043478113,26.78260869565185,22.0,62,,102.02151563143458,99.22750758842704,198.4550151768541,39.524153317115264,6.097984735828073,23.448018336408996,7.8626478783920835
-31.530713333333335,117.33698933333334,5531.0,5555.0,1.730000000000005,41.520000000000124,24.0,64,,105.2115236202948,111.63289369599748,223.26578739199496,37.95204445075753,6.114103044661931,25.57680810041373,8.372877958709651
-31.529021014492752,117.33695144927536,5555.0,5577.0,1.236166007905139,27.19565217391306,22.0,66,,103.91104551591228,101.06528994041557,202.13057988083114,40.041182298909,4.6721076212701655,14.712956705326814,6.510505796292786
-31.527172023809523,117.33690535714287,5577.0,5604.0,1.2706622879036713,34.307881773399124,27.0,68,,102.5732585843863,122.43780849561199,244.87561699122398,34.054534341230706,7.0281976498118075,25.27826931613952,10.104098576551495
-31.52497023809524,117.33704583333335,5604.0,5631.0,1.522988505747131,41.12068965517254,27.0,70,,104.77924839651212,125.07101486818839,250.14202973637677,34.622376568149036,4.856216992727617,20.085523388667124,6.021035483876706
-31.52296666666667,117.33693333333332,5631.0,5657.0,1.8046398046398187,46.92063492063529,26.0,72,,106.71617141448652,122.66515580552677,245.33031161105353,36.13839042691043,5.010415561530959,21.100675360396373,6.3300515555960954
-31.520861494252873,117.33671321839083,5657.0,5685.0,1.733990147783259,48.55172413793125,28.0,74,,107.7653294795479,133.39966018241952,266.79932036483905,34.40122988809814,4.476296224216468,16.112424933506578,6.597511540965121
-31.538148275862067,117.32399942528734,5852.0,5880.0,0.90985221674877,25.47586206896556,28.0,76,,111.25510024435205,137.71954892945638,275.43909785891276,35.25725388367088,6.19056520795778,27.521585073359233,8.165500175636097
-31.597052777777776,117.2870013888889,6186.0,6209.0,1.7069565217391187,39.25999999999973,23.0,78,,104.40713550366857,106.16360258830724,212.32720517661448,38.925270940123745,7.230674848181268,27.956459976827784,9.629991733649861
-31.59538630952381,117.28658511904761,6209.0,6236.0,1.5410509031198754,41.60837438423663,27.0,80,,101.5669177852902,121.23657765102806,242.4731553020561,33.79293437530622,6.919681244210154,28.659559774686638,8.890049378145857
-31.593567857142858,117.2861107142857,6236.0,6263.0,2.0637657361795503,55.72167487684786,27.0,82,,102.2040261779342,121.99706977583773,243.99413955167546,33.958738344738734,9.724285711910168,37.57567347945249,10.355179725984073
-31.591989285714284,117.28570773809524,6263.0,6291.0,1.9138219834805945,53.587015537456644,28.0,84,,102.83687320743573,127.29886324616136,254.59772649232272,33.161812815320886,10.340913420681268,36.862163807288454,11.865287762306291
-31.590074404761907,117.28536607142856,6291.0,6318.0,1.5686918445538989,42.35467980295527,27.0,86,,102.23584843656134,122.03505479904418,244.07010959808835,33.967003024886175,7.774804445558414,33.49174048361681,8.554589018397861
-31.58821728395062,117.28496419753084,6318.0,6344.0,0.7362637362637574,19.142857142857693,26.0,88,,103.43906943534321,118.8982831794381,237.7965663588762,35.291423606545024,8.685596439482586,34.129621246792496,9.11332203607161
-31.663433333333334,117.24529814814814,6741.0,6767.0,1.9224664224664072,49.98412698412659,26.0,90,,104.30670887987202,119.8955933924589,239.7911867849178,35.517418843211644,7.979306952639842,27.464724116822882,10.424857096964724
-31.661779166666662,117.24529047619049,6767.0,6794.0,2.1570881226053746,58.24137931034512,27.0,92,,102.68151005333539,122.56702416846355,245.1340483369271,34.08257882896739,8.557422433951974,36.59799804274833,7.894214605315087
-31.659588095238096,117.24458749999998,6794.0,6821.0,1.804597701149444,48.72413793103499,27.0,94,,104.04385629692712,124.1932052099908,248.3864104199816,34.43393393365176,6.554399455532694,27.183605152475344,6.763069015268345
-31.658127419354837,117.24464677419357,6821.0,6851.0,1.24032258064517,37.2096774193551,30.0,96,,100.073609886076,132.72674738682468,265.45349477364937,30.688317339906977,12.976369797797341,52.77961055439503,9.526496986806078
-31.656516049382716,117.24444814814815,6851.0,6877.0,1.8656898656898835,48.50793650793697,26.0,98,,104.37487735292979,119.97394980515458,239.94789961030915,35.53512111745244,6.999615387129676,28.899380266350526,10.045114939363565
-31.654676111111105,117.2437277777778,6877.0,6906.0,1.6342602892102303,47.39354838709668,29.0,100,,103.76205185074271,133.03140562908172,266.06281125816344,32.47977135181686,6.7353697276952955,28.83583642423185,9.82783620984921
-31.70480757575757,117.2182712121212,7147.0,7168.0,1.6798418972331486,35.27667984189612,21.0,102,,102.56014251712837,95.21722960055973,190.43445920111947,40.98723821262112,5.125093796008826,21.745351583046517,5.129856436566633
-31.70273928571429,117.21774702380954,7168.0,7195.0,1.681718664477297,45.40640394088702,27.0,104,,100.64558324374498,120.13681555206635,240.2736311041327,33.55202152993948,8.412763703894154,31.642664045717787,8.032566893906345
-31.78727333333333,117.16803333333333,7585.0,7609.0,1.2323076923076899,29.575384615384557,24.0,106,,99.95465700412221,106.05518498173993,212.11036996347985,36.53730628242347,6.794231618875685,24.72721939643673,8.476739957886956
-31.785671333333333,117.167492,7609.0,7633.0,1.2723076923076924,30.535384615384615,24.0,108,,100.87205153140373,107.0285708069553,214.0571416139106,36.7880333973849,7.970018299171688,32.9433252494662,8.686434616356705
-31.78398478260869,117.1669333333333,7633.0,7655.0,1.5345849802371172,33.76086956521658,22.0,110,,104.04983649244524,101.20027992357639,202.40055984715278,40.07885381974693,4.793448537705163,20.23792904378656,5.717643808797392
-31.78199770114943,117.1659603448276,7655.0,7683.0,1.2128078817733958,33.958620689655085,28.0,112,,102.56393468067826,126.9610003463217,253.9220006926434,33.09212329573981,6.877059316858945,23.508830101687487,8.864711277332157
-31.780208333333334,117.16511602564104,7683.0,7708.0,1.298461538461554,32.46153846153885,25.0,114,,105.47173586516591,116.57186194044371,233.14372388088742,36.89163225897966,6.8453115160176115,27.662797487478446,8.681504446493502
-31.778280246913575,117.16393580246914,7708.0,7734.0,1.5604395604395718,40.57142857142887,26.0,116,,105.09865136965566,120.80589356169024,241.61178712338048,35.7225925183533,6.320810142901336,25.28509506060161,7.698891711188126
-31.776473214285716,117.16275892857144,7734.0,7761.0,1.2268746579091594,33.1256157635473,27.0,118,,101.23846375611461,120.84451453361497,241.68902906722994,33.70720420347263,4.85427626311547,19.731950854883472,5.456252866115983
-31.854818750000003,117.1113111111111,8167.0,8190.0,0.8708695652173774,20.029999999999678,23.0,120,,100.25100960758975,101.93755715750639,203.87511431501278,37.7927778480575,5.884628577591315,21.641974396757334,7.056014092390388
-31.853563440860217,117.11100752688174,8190.0,8220.0,0.5600806451612859,16.802419354838577,30.0,122,,98.1589709483928,130.1873786270872,260.3747572541744,30.20480356977043,11.624714500220259,47.03964445630078,6.5183685987028195
-31.851671111111113,117.11081666666668,8220.0,8249.0,0.7563959955506173,21.935483870967904,29.0,124,,104.65150095406938,134.1717518572122,268.3435037144244,32.701710227040536,10.25079104743061,44.290402047520516,9.607991830491107
-31.84949294871795,117.10985064102564,8249.0,8274.0,1.4328205128205247,35.820512820513116,25.0,126,,100.8368600308224,111.44919944285382,222.89839888570765,35.66354895597745,7.536486391984698,25.498000246433815,10.614023674719599
-31.847350000000002,117.10880444444446,8274.0,8303.0,1.1853170189098965,34.374193548387,29.0,128,,101.85257492693826,130.58330061709336,261.1666012341867,31.999593929716482,8.497326828734098,39.93742497668676,8.494661585868268
-31.84506034482759,117.10822643678164,8303.0,8331.0,1.0014778325122937,28.041379310344226,28.0,130,,101.98895097844556,126.24924424759583,252.49848849519165,32.944950275330086,7.105605766141345,23.864549685988322,8.59605356545184
-31.842966071428574,117.10772559523811,8331.0,8358.0,0.7761357416529703,20.955665024630196,27.0,132,,99.73718535048886,119.05249543952154,238.10499087904307,33.313168610924905,6.388389138051808,26.732586259959724,8.16586981656201
-31.840618452380948,117.10454880952382,8422.0,8449.0,1.106185002736738,29.866995073891925,27.0,134,,99.77427687108894,119.09677018089879,238.19354036179757,33.3229471587472,8.399430290304535,40.0766682772903,8.597372232443655
-31.838525287356326,117.10516551724136,8449.0,8477.0,0.969950738916254,27.158620689655113,28.0,136,,102.8125035309128,127.26869671131557,254.53739342263114,33.15559499209932,10.68411160085999,44.798259357410565,8.907236412508462
-31.883952873563217,117.08484425287357,8731.0,8759.0,1.8798029556650344,52.63448275862096,28.0,138,,100.47244873391303,124.37200891538345,248.7440178307669,32.554426415661865,5.996766339445858,26.537817677758017,6.409535560123682
-31.882163793103445,117.08456034482757,8759.0,8787.0,1.4512315270935876,40.63448275862045,28.0,140,,97.24843815079436,120.38109719739738,240.76219439479476,31.712790238292996,7.384566906927175,27.721231836847757,5.959679465876808
-31.880659333333334,117.08429,8787.0,8811.0,1.0130769230769405,24.313846153846573,24.0,142,,101.2968888427223,107.4793371943301,214.9586743886602,36.90359025209818,8.631110820099074,33.83580543331466,11.983224879246789
-31.879156250000005,117.08361874999999,8811.0,8834.0,0.1430434782608491,3.2899999999995293,23.0,144,,105.46032113420748,107.23450622140537,214.46901244281074,39.20665529582277,6.143345104254702,28.30103771811557,7.632422233863462
-31.877498550724642,117.08281956521739,8834.0,8856.0,1.142292490118544,25.13043478260797,22.0,146,,105.4566016137171,102.5685187296967,205.1370374593934,40.45834335787662,4.644131208791193,17.023827494311977,5.56105677260923
-31.94794733333333,117.04583133333334,9225.0,9249.0,1.267692307692336,30.424615384616068,24.0,148,,102.35957574409812,108.60688301641659,217.21376603283318,37.19111711328011,4.201510858490104,17.32485502959932,3.716580864832443
-31.945849358974353,117.04481153846156,9249.0,9274.0,1.4666666666667114,36.66666666666779,25.0,150,,100.44619411985546,111.01741881210464,222.03483762420927,35.5582639488684,6.136340500664807,23.89503451734352,8.859509608613385
-31.944182692307695,117.04388141025642,9274.0,9299.0,1.6830769230769338,42.07692307692334,25.0,152,,96.44023777327311,106.58986496232039,213.17972992464078,34.46258622293102,6.2360832651460445,20.609447708749574,7.977333305895307
-31.942506172839508,117.0427413580247,9299.0,9325.0,1.1874236874236976,30.87301587301614,26.0,154,,97.42718245764677,111.98790546414232,223.97581092828463,33.6904581038697,6.151758623843794,24.017573554774433,7.868899411513802
-31.941054166666664,117.04128928571431,9325.0,9352.0,1.0547345374931592,28.477832512315295,27.0,156,,96.65998667042555,115.37936008346206,230.75872016692412,32.494260704933055,8.530007128499735,35.821410673071895,11.274886829431932
