lat,lon,t_start,t_end,climb_rate_ms,alt_gain_m,duration_s,circle_id,seg_id,avg_speed_kmh,turn_radius_m,circle_diameter_m,bank_angle_deg,bank_std_deg,bank_range_deg,bank_masd_deg
-32.941997435897434,117.03087948717949,739.0,764.0,2.061196581196581,51.52991452991452,25.0,0,,98.82401245691277,109.22451443536602,218.44902887073204,35.11811295748091,6.163741684923201,24.991669265483086,6.420192415143944
-32.941065053763445,117.03248602150536,764.0,794.0,1.9943548387096823,59.83064516129047,30.0,2,,98.89744598365859,131.16681156219147,262.33362312438294,30.391862804348325,9.501306282872795,42.67137431269106,9.533897252389536
-32.940401149425284,117.03407701149428,794.0,822.0,0.798029556650261,22.34482758620731,28.0,4,,103.49842915879667,128.1177846889799,256.2355693779598,33.330269397766806,7.153704931800586,24.019202192590903,8.017771938590034
-32.93876927083333,117.0361015625,822.0,853.0,1.182551319648122,36.65909090909179,31.0,6,,100.78321001533223,138.12347991468636,276.2469598293727,30.045463956738875,8.44767221230929,31.19426607058338,7.405926455752714
-32.93717916666667,117.03765476190473,853.0,880.0,0.038861521620132095,1.0492610837435665,27.0,8,,101.88022770141795,121.61056381506386,243.2211276301277,33.8745520743882,8.71774269411469,36.60792335112936,8.606267417741895
-32.934876562499994,117.04034739583332,917.0,948.0,0.5681818181818746,17.613636363638115,31.0,10,,90.06571760467186,123.43514693249173,246.87029386498347,27.334423517741435,8.211074776349214,30.853625758057085,10.093932777426286
-32.93353655913978,117.04191397849463,948.0,978.0,-0.4346774193548392,-13.040322580645176,30.0,12,,90.96798334886698,120.65003510894506,241.30007021789012,28.34599176040837,8.104297041604395,38.336776753479256,8.706547661585178
-32.92234111111111,117.04253666666666,1202.0,1231.0,0.8607341490545015,24.961290322580545,29.0,14,,88.6991463673889,113.71953338323411,227.43906676646822,28.55344073657989,8.5184593087177,29.121607325418474,8.883858891264637
-32.92082738095238,117.04447678571428,1231.0,1258.0,1.4562123700054839,39.317733990148064,27.0,16,,94.11548570990841,112.34208579169922,224.68417158339844,31.805648441656732,8.223834175372312,25.32409829562781,10.919869328750098
-32.919343678160914,117.04613908045977,1258.0,1286.0,0.9709359605911364,27.18620689655182,28.0,18,,90.11680157068558,111.5530455324918,223.1060910649836,29.795722829103013,6.281692900244156,28.127009231026985,8.094142842954696
-32.917611309523814,117.04825595238096,1286.0,1313.0,0.290640394088696,7.847290640394792,27.0,20,,95.5416743581666,114.044473090338,228.088946180676,32.19289581089204,12.79589677406106,49.66173921350262,8.142191553096508
-32.916220114942526,117.05056781609194,1313.0,1341.0,0.017241379310338242,0.4827586206894708,28.0,22,,87.29890248806765,108.06484778034812,216.12969556069623,29.017185013285385,8.862697443845239,38.5584373829351,10.604692648830857
-32.91447070707071,117.05198838383838,1341.0,1373.0,0.5491310160427277,17.572192513367288,32.0,24,,86.84221228675614,122.85659870642637,245.71319741285274,25.772386708606934,7.983662600129713,34.61617461376442,6.492868247293759
-32.91249722222222,117.05344027777778,1373.0,1396.0,0.11956521739128367,2.7499999999995244,23.0,26,,92.27719906068488,93.82960122200123,187.65920244400246,35.51914519855407,4.187514205563213,16.978462405367495,3.477994217483503
-32.9118078125,117.05482135416668,1396.0,1427.0,-0.371151026392936,-11.505681818181017,31.0,28,,84.40588858371896,115.67834617195615,231.3566923439123,25.846338553823948,10.73386939530885,43.36712531371562,10.607440190653437
-32.92048846153846,117.04342884615386,1585.0,1610.0,1.5487179487179388,38.71794871794847,25.0,30,,94.76218320738347,104.73520746968663,209.47041493937326,33.99486092779853,6.366538329035407,24.182586004997585,7.092379773730836
-32.92046987179488,117.04468910256409,1610.0,1635.0,2.0020512820513465,50.051282051283664,25.0,32,,95.40561625340497,105.44635712123522,210.89271424247045,34.17481969750285,6.60537121100358,24.36251222755762,8.229802556495676
-32.92003888888889,117.04552222222222,1635.0,1664.0,1.7939933259176717,52.02580645161248,29.0,34,,97.17131049730729,124.58153816070865,249.1630763214173,30.800869886935878,8.968936290765678,37.478966092344145,7.022274733983303
-32.91971379310345,117.04603965517244,1664.0,1692.0,1.3039408866994473,36.510344827584525,28.0,36,,105.48623271989166,130.578430620655,261.15686124131,33.83253690622379,5.914383845199767,23.288810200957027,8.323950388257245
-32.91971666666667,117.04715677083333,1692.0,1723.0,0.5130131964809632,15.903409090909859,31.0,38,,98.94567663118767,135.6051387600551,271.2102775201102,29.590635156320822,6.613725013201969,28.208153450932222,8.808832361230351
-32.919871666666666,117.04873666666666,1723.0,1752.0,0.7641824249165852,22.16129032258097,29.0,40,,95.19467973925758,122.0473364611193,244.0946729222386,30.285513920667814,7.9081041331387905,33.04278485387291,6.476894803924037
-32.91929012345679,117.05037037037036,1752.0,1778.0,-0.4389499389498765,-11.41269841269679,26.0,42,,100.45185222776794,115.4646192901203,230.9292385802406,34.50361189717316,9.555185782803028,36.86788762038766,5.501071305420896
-32.918413020833334,117.05185260416667,1778.0,1809.0,0.25458211143698095,7.89204545454641,31.0,44,,101.99247725168325,139.7807817490515,279.561563498103,30.3425254133331,6.588468865405167,31.1250182972116,7.580537722588459
-32.91044545454545,117.04725303030301,1985.0,2017.0,1.1497326203207878,36.79144385026521,32.0,46,,88.26423628353271,124.86835113560224,249.73670227120448,26.138600365316826,7.333041495430482,34.26572244133391,7.370728899290225
-32.909400505050506,117.04898282828282,2017.0,2049.0,1.1935160427807217,38.19251336898309,32.0,48,,91.6479959155004,129.65539177260197,259.31078354520395,27.000825781021785,7.523509091259999,37.35515717918631,8.650893344328344
-32.88680333333333,117.09196444444443,2681.0,2710.0,1.531256952169064,44.406451612902856,29.0,50,,102.80263294369531,131.8013524110206,263.6027048220412,32.23914015854501,9.661028945564437,39.344016142337004,10.365244280147985
-32.907862121212126,117.02006212121212,3210.0,3242.0,1.1430481283421903,36.57754010695009,32.0,52,,88.74943172182775,125.55476226778264,251.10952453556527,26.263030732092552,12.36955413016433,46.80028052009417,8.76570870463293
-32.907196354166665,117.0227796875,3284.0,3315.0,1.5993401759531423,49.57954545454741,31.0,54,,94.31601555024062,129.26018408726077,258.52036817452154,28.426356650357867,11.698754783411754,45.475999604992886,12.846082931603707
-32.90689320987654,117.02449135802469,3315.0,3341.0,0.9017094017094027,23.44444444444447,26.0,56,,90.22006711961004,103.70366968121705,207.4073393624341,31.689503263990275,7.095213781209382,23.926653543953385,8.658920177291918
-32.995538,116.95963666666667,4263.0,4287.0,-0.27846153846154004,-6.68307692307696,24.0,58,,93.80859752412947,99.5340133365556,199.0680266731112,34.81506522359013,5.468142132494344,20.395783932392483,5.412138117800754
-32.994447916666665,116.96100000000001,4287.0,4310.0,0.2939130434782661,6.76000000000012,23.0,60,,85.88387554669274,87.32872124398389,174.65744248796778,33.597784891998096,6.829688856006599,21.961549353505674,4.507597474202874
-32.9938857142857,116.96230357142859,4310.0,4337.0,1.7996715927750968,48.59113300492761,27.0,62,,82.23859725765307,98.16509449874306,196.33018899748612,28.45332687199224,8.781105180781735,28.639719524287248,9.40500969581254
-32.99289111111111,116.96269888888892,4337.0,4366.0,0.627808676306998,18.206451612902942,29.0,64,,87.7114436838347,112.45321805895894,224.90643611791788,28.284894566576636,8.117334564114103,29.115587890626692,8.079084861212351
-32.99210860215054,116.96381129032258,4366.0,4396.0,1.1229838709677178,33.68951612903153,30.0,66,,87.4552204500732,115.99108861517135,231.9821772303427,27.41342927746994,11.644452439046097,42.85839809291188,7.769980598559966
-32.991131770833334,116.96573958333335,4396.0,4427.0,0.6414956011730371,19.88636363636415,31.0,68,,94.57814471325032,129.61943234077953,259.23886468155905,28.49297797446431,8.935108211361033,32.386460475311836,7.858287660572869
-32.98941543209877,116.96759999999998,4427.0,4453.0,0.9835164835164971,25.571428571428925,26.0,70,,91.32138606643211,104.96958335121562,209.93916670243124,32.001083948439465,8.758530872171992,37.698772121996136,11.786318344342812
-32.987472,116.96938933333332,4453.0,4477.0,1.2869230769231244,30.886153846154983,24.0,72,,90.22833191610148,95.7352335425585,191.470467085117,33.77727492465183,11.509942575231252,51.62607441803152,8.34401436469886
-32.98592096774194,116.97130376344084,4477.0,4507.0,1.4483870967741928,43.45161290322578,30.0,74,,97.8231877352996,129.74203230899502,259.48406461799004,30.11951204186871,10.891531530037254,44.57113725135818,12.59813545502437
-32.98363,116.97262333333333,4507.0,4536.0,2.0669632925473236,59.941935483872385,29.0,76,,90.90322932288186,116.54534733411957,233.09069466823914,29.14779235327991,7.133539383137462,26.156896769106964,9.552430850282994
-32.98152444444444,116.9743172222222,4536.0,4565.0,1.1152391546162355,32.34193548387083,29.0,78,,91.28399076666562,117.03351453178422,234.06702906356844,29.24977986050845,8.331277680548721,33.74757761476441,10.29850936491905
-32.97967701149425,116.97565344827585,4565.0,4593.0,1.067487684729103,29.889655172414884,28.0,80,,94.80502244820755,117.35646185332482,234.71292370664963,31.064567895655834,7.93990781580511,36.558645422414855,9.006634436916928
-32.97786888888889,116.976785,4593.0,4622.0,1.3036707452725504,37.80645161290396,29.0,82,,100.11707308889436,128.35824584158698,256.71649168317396,31.55875766855646,6.933142052674166,28.541018734219474,7.87835736664467
-32.97551979166666,116.97819739583333,4622.0,4653.0,0.8766495601173558,27.17613636363803,31.0,84,,89.58419449241865,122.77521907433317,245.55043814866633,27.20932979776398,6.227304778878101,26.553350332146504,8.434207467475742
