lat,lon,t_start,t_end,climb_rate_ms,alt_gain_m,duration_s,circle_id,seg_id,avg_speed_kmh,turn_radius_m,circle_diameter_m,bank_angle_deg,bank_std_deg,bank_range_deg,bank_masd_deg
-32.13837586206897,116.97169942528737,753.0,781.0,4.796551724137932,134.30344827586208,28.0,0,,112.35693409136144,139.0834779544814,278.1669559089628,35.52384171482526,15.761025717256743,69.01184935904077,16.085735233484215
-32.13681979166667,116.96903125,781.0,812.0,2.059017595307965,63.82954545454692,31.0,2,,127.77861166891633,175.12070214565583,350.24140429131165,36.25405198638104,22.383036718502577,102.35157124676306,21.200834801519804
-32.135145679012346,116.9670549382716,812.0,838.0,4.282661782661828,111.34920634920752,26.0,4,,121.51255447045993,139.67289332892196,279.3457866578439,39.74312800641223,28.809407130166235,107.27648819603073,37.00500126538557
-32.13340308641975,116.96523209876543,838.0,864.0,2.3571428571428585,61.28571428571432,26.0,6,,130.18365684639028,149.63991247748166,299.2798249549633,41.69538801650916,24.370973197867016,97.05617633402986,26.876027024529662
-32.132285555555555,116.96296499999998,864.0,893.0,2.641824249165723,76.61290322580597,29.0,8,,132.64753421568054,170.0649477838693,340.1298955677386,39.138170443932324,29.569708807241973,126.24531086413594,35.89437209794723
-32.13137258064516,116.96141774193548,893.0,923.0,2.9322580645160845,87.96774193548254,30.0,10,,124.47882458865429,165.09516869627748,330.19033739255497,36.43528208434268,25.604247897076604,101.58391739964134,32.75244526468382
-32.12963387096775,116.95930591397847,923.0,953.0,2.782661290322552,83.47983870967656,30.0,12,,127.87523400103396,169.59979658581133,339.19959317162267,37.175106024161316,28.379312983756382,114.71315780348183,37.24196932825815
-32.12839761904762,116.95741845238094,953.0,980.0,1.1305418719212112,30.524630541872703,27.0,14,,133.26437691020928,159.07263242490936,318.1452648498187,41.28732895938043,28.669146766974087,118.39648767806692,31.900269889281482
-32.126725,116.95585769230769,980.0,1005.0,1.7805128205128404,44.51282051282101,25.0,16,,122.88819019679016,135.82127025997323,271.64254051994646,41.17091740348708,28.861126399983004,138.70861948921794,37.494883722697644
-32.1255953125,116.95367604166667,1005.0,1036.0,0.602822580645172,18.687500000000334,31.0,18,,138.8077227523974,190.2361087990487,380.4722175980974,38.54211264782243,31.40761806279429,134.03873043554685,33.848468764988056
-32.12437222222222,116.95059040404041,1036.0,1067.0,2.4047633950925933,74.5476652478704,31.0,20,,130.06690681309652,178.25681269758172,356.51362539516344,36.7403063779962,30.116157515761486,118.32241787406632,34.3718841507607
-32.12286666666667,116.94786296296296,1067.0,1093.0,1.4902319902320402,38.74603174603305,26.0,22,,125.58159588867711,144.35006261759636,288.70012523519273,40.67352407042796,28.599950483373178,111.34067683655675,35.36496027752846
-32.1221376344086,116.94532795698926,1093.0,1123.0,0.733064516129007,21.99193548387021,30.0,24,,132.78230409978246,176.10800043843017,352.21600087686033,38.21894072431217,29.026910447915316,120.78346168481812,36.73651465616676
-32.12007552083333,116.94264947916668,1123.0,1154.0,0.39846041055723846,12.352272727274393,31.0,26,,127.49761229271826,174.73559224800096,349.4711844960019,36.19391901559016,22.680072828610317,108.24784817619086,28.878550885041115
-32.029408333333336,116.81045256410258,1602.0,1627.0,0.12136752136755384,3.034188034188846,25.0,28,,140.753386100551,155.5666469085053,311.1332938170106,45.047969344483754,34.529717832474255,136.74580101909186,39.21037821808165
-32.027185555555555,116.80939111111113,1627.0,1656.0,0.1835372636262705,5.322580645161845,29.0,30,,130.33977746566492,167.10621558044107,334.21243116088215,38.64676734830411,34.90614062542744,135.11124761117796,43.19948525409054
-32.024444252873565,116.80750632183909,1656.0,1684.0,0.7142857142856825,19.999999999999112,28.0,32,,136.27030806592714,168.6851687527042,337.3703375054084,40.88823274336779,24.880072037655417,123.3429813071414,26.667135096308975
-32.024751960784315,116.80009509803921,1770.0,1796.0,1.4070053256861637,36.58213846784025,26.0,34,,138.9677022128799,159.7367542138504,319.4735084277008,43.559216614544894,31.703397315476447,137.96627708727476,37.09513803358574
-32.04120256410256,116.83708910256411,2199.0,2224.0,2.148376068376116,53.709401709402904,25.0,36,,158.71262363653435,175.4159623808196,350.8319247616392,48.47958816834113,29.162514529384207,116.85537062695353,37.20155558420288
-32.038853333333336,116.83276,2253.0,2278.0,1.4699915469145888,36.74978867286472,25.0,38,,153.01802396744426,169.12204789286713,338.24409578573426,47.43844745730729,37.36034217776439,135.45527948962138,44.33827127025354
-32.03707651515152,116.8313696969697,2278.0,2299.0,3.561829474872922,74.79841897233136,21.0,40,,144.3498125977906,134.01491955440818,268.02983910881636,50.72708734352509,34.71639675067268,132.01720111991563,37.90231536253309
-32.0363191919192,116.82901060606059,2299.0,2331.0,1.7640374331550417,56.449197860961334,32.0,42,,128.57444020691653,181.8956241262587,363.7912482525174,35.55896213942985,26.956759388847907,124.5512200799349,28.397813502223826
-32.0347967948718,116.82302948717948,2362.0,2387.0,1.899145299145349,47.47863247863373,25.0,44,,131.5494029065718,145.39401203727948,290.78802407455896,43.11197089714779,28.17750038884201,136.84316271232873,31.5541350137339
-32.033413095238096,116.82195059523808,2387.0,2414.0,1.6513409961686085,44.58620689655243,27.0,46,,106.86799266938327,127.56426968730587,255.12853937461173,35.15297230312259,32.04685991045711,127.07899617659984,30.094775571908407
-32.03251145833333,116.81897604166667,2414.0,2445.0,2.1790689149560745,67.5511363636383,31.0,48,,140.89202600765432,193.09264828384775,386.1852965676955,38.95896150224323,26.047823977006196,91.16685951873711,32.63625528986627
-32.02517283950617,116.89076234567901,2772.0,2798.0,2.110500610500631,54.873015873016406,26.0,50,,113.16799515987604,130.0812198796786,260.1624397593572,37.75377200789767,22.652593323551955,99.94456433711225,26.760629964998866
-32.02373024691358,116.8889611111111,2798.0,2824.0,1.6562881562881633,43.06349206349225,26.0,52,,108.91610850720635,125.19387870350924,250.38775740701848,36.6969103593402,25.7901765054188,108.93422465154458,30.03846431690363
-32.02204848484848,116.88694318181818,2824.0,2845.0,1.9333709768491563,40.60079051383228,21.0,54,,125.31379225986778,116.34180527520162,232.68361055040324,46.71325151102988,31.764032185059886,130.96821809804925,37.43109144698049
-32.02051474358974,116.88537115384614,2845.0,2870.0,1.633162393162392,40.8290598290598,25.0,56,,129.4047167764367,143.02361343317094,286.0472268663419,42.64236488623901,29.216164504580565,117.25379580586787,35.669971965286415
-32.01866733333334,116.88360866666665,2870.0,2894.0,0.9584615384615193,23.003076923076463,24.0,58,,119.72881356268947,127.0362167268666,254.0724334537332,41.59085201342202,23.320798428982847,82.85568076417181,35.22154531323155
-32.01714133333333,116.88129666666667,2894.0,2918.0,0.7776923076922945,18.664615384615068,24.0,60,,117.82417588040101,125.01533338063128,250.03066676126255,41.1351617448214,25.52658597288044,95.13871684445516,36.67081939395172
-32.03391666666666,116.9212017857143,3096.0,3123.0,1.882320744389708,50.82266009852212,27.0,62,,137.94402373723113,164.6585493582456,329.3170987164912,42.26976032610202,26.927673035362524,114.52270154796634,30.949462758501404
-32.033315591397844,116.91892365591399,3123.0,3153.0,1.6032258064516298,48.096774193548896,30.0,64,,128.72974860915934,170.73313178437292,341.46626356874583,37.35899678301084,27.765372471773425,128.02917842054185,33.52413534449063
-32.03272678571429,116.91587440476191,3153.0,3180.0,2.042419266557223,55.145320197045024,27.0,66,,133.08681201816862,158.8606799477505,317.721359895501,41.24945590695507,29.238181528978988,141.510537086944,31.59322221072705
-32.20581488095238,116.95906845238093,4360.0,4387.0,2.3152709359606227,62.51231527093681,27.0,68,,135.34605200194196,161.55744903061336,323.1148980612267,41.728068500351796,33.52041702835529,135.340831501028,40.763544719428175
-32.20562345679012,116.95641543209875,4387.0,4413.0,3.2148962148962323,83.58730158730204,26.0,70,,138.88262597955853,159.63896313610283,319.27792627220566,43.54169541659035,35.12815408623948,139.50745762420925,44.338770071882536
-32.20445083333333,116.95373416666669,4413.0,4432.0,2.594736842105224,49.29999999999926,19.0,72,,135.811176905266,114.07927291678273,228.15854583356546,51.82065476771488,44.442947407594446,141.82296776130278,47.80638200912937
-32.20340757575757,116.9524659090909,4432.0,4453.0,2.8328627893845186,59.49011857707489,21.0,74,,137.93372106933415,128.05819557558556,256.1163911511711,49.44516094510669,39.031842830046436,132.14668518477774,47.05189033290512
