lat,lon,t_start,t_end,climb_rate_ms,alt_gain_m,duration_s,circle_id,seg_id,avg_speed_kmh,turn_radius_m,circle_diameter_m,bank_angle_deg,bank_std_deg,bank_range_deg,bank_masd_deg
-32.94229404761905,117.11230595238096,587.0,614.0,0.8481116584564888,22.8990147783252,27.0,0,,98.54529617105574,117.6297825305876,235.2595650611752,32.997778374483474,11.78216000280726,41.678884017159305,14.104662884732969
-32.94205808080808,117.11373383838384,614.0,646.0,0.661430481283393,21.165775401068576,32.0,2,,99.1055782971815,140.205712657576,280.411425315152,28.855036545277112,12.220003899193035,45.67432793337511,14.437059812510808
-32.94103395061728,117.11510246913582,646.0,673.0,0.2647580545357052,7.148467472464041,27.0,4,,97.26639423646773,116.10320579594159,232.20641159188318,32.65683761793835,10.457876176405918,38.089047889103576,12.520420222042388
-32.94003630952381,117.11575059523807,673.0,700.0,1.0038314176245198,27.103448275862036,27.0,6,,101.02190232116976,120.58601336220586,241.17202672441172,33.65058544831771,10.786270155597826,47.188364535764904,12.588553405817642
-32.939162878787876,117.11594999999998,700.0,721.0,2.062111801242204,43.304347826086286,21.0,8,,106.5388491720347,98.91107611613202,197.82215223226405,42.06952351938821,6.801539833926697,26.33356261249954,8.405714053430646
-32.93831212121212,117.11649545454547,721.0,742.0,1.9728966685488099,41.430830039525006,21.0,10,,99.59210922862522,92.46169611398807,184.92339222797614,40.15601327247927,9.911838219433264,35.186799528455815,10.210475656586784
-32.93763166666666,117.11702083333333,742.0,761.0,1.2180451127818799,23.142857142855718,19.0,12,,103.19698298015228,86.68385808771309,173.36771617542618,44.018760654382,10.413950762954476,42.24623886466777,13.350620717111099
-32.9371856060606,117.11746515151518,761.0,782.0,-1.9147374364766239,-40.2094861660091,21.0,14,,106.88461716763476,99.23208844916458,198.46417689832916,42.1618785517888,7.500426965842715,28.262942386077945,9.225122302713226
-32.936492666666666,117.11808866666667,782.0,806.0,1.8646153846153928,44.75076923076943,24.0,16,,101.9924352377039,108.21733484040391,216.43466968080781,37.09202763269256,6.317866518949961,26.54312618338364,7.045816347813757
-32.935626,117.118766,806.0,830.0,1.3007692307692456,31.218461538461895,24.0,18,,102.22591031935848,108.46505959596465,216.9301191919293,37.15507149913456,8.06207092725091,29.765226820801583,11.30046751498328
-32.934328846153846,117.11943846153846,830.0,855.0,0.2700854700855005,6.752136752137512,25.0,20,,111.95944395876435,123.74235369345405,247.4847073869081,38.54653551651053,12.24399329305437,49.91595399366263,14.495099668642693
-32.93312291666666,117.1200609375,855.0,886.0,0.6081378299120793,18.85227272727446,31.0,22,,97.19106883271058,133.2004471951185,266.400894390237,29.15247025389928,11.047870572325285,49.2902557147662,12.780834818680535
-32.93154464285715,117.12111011904763,886.0,913.0,0.12233169129721831,3.3029556650248946,27.0,24,,103.70418717924504,123.78775506678005,247.5755101335601,34.34660634835615,10.979472908182847,44.71205906473895,13.163807631372983
-32.92372756410256,117.13576153846154,1068.0,1093.0,0.9552136752136627,23.880341880341568,25.0,26,,116.03657341925816,128.24857110500392,256.49714221000784,39.54914070473685,10.37647184372693,46.148064709958504,9.613967861232164
-32.92180333333334,117.13494133333332,1093.0,1117.0,1.6876923076923178,40.504615384615626,24.0,28,,113.23914391882313,120.15046337450163,240.30092674900325,40.01170436040567,9.327891138491939,43.01580329549469,8.199803407938363
-32.91986262626263,117.13465252525252,1117.0,1149.0,0.16410427807486017,5.251336898395525,32.0,30,,97.37194660264369,137.75312551369626,275.5062510273925,28.429677317201133,11.765746087800443,48.13123216926808,14.267433429843475
-32.92229166666666,117.12008402777776,1233.0,1256.0,1.7391304347825793,39.999999999999325,23.0,32,,105.4309694281836,107.2046607243656,214.4093214487312,39.198843629291645,8.751825314587443,33.493423585021745,8.272885799173647
-32.921430303030306,117.12069696969698,1256.0,1277.0,0.8893280632410703,18.675889328062475,21.0,34,,105.99973813101337,98.41056335831725,196.8211267166345,41.924988360426745,9.191025570793801,33.57169321587426,11.52265169404038
-32.92064565217392,117.12139927536231,1277.0,1299.0,0.4624505928853593,10.173913043477905,22.0,36,,103.06923503249199,100.24653366518663,200.49306733037326,39.811798553737546,11.216808546564817,51.3545526642647,10.828974738688116
-32.92045,117.12181458333335,1299.0,1322.0,1.3352173913043073,30.709999999999066,23.0,38,,101.6149624641192,103.32445613056261,206.64891226112522,38.16834926466462,12.001475006042565,49.5949944307218,10.726249012503741
-32.92048409090909,117.12185984848485,1322.0,1343.0,1.3980801806888532,29.359683794465916,21.0,40,,99.45563349963099,92.33499152384599,184.66998304769197,40.11729352798437,6.443434360094748,29.090181621062786,6.781227811267399
-32.92660357142857,117.0499517857143,1590.0,1617.0,0.08456486042695449,2.283251231527771,27.0,42,,100.04780338277412,119.4232684039091,238.8465368078182,33.39499003350192,4.523026165679021,17.9313748595693,5.943922227509317
-32.94254696969698,117.00051060606062,1906.0,1927.0,1.059853190287982,22.25691699604762,21.0,44,,106.2393952830463,98.63306197727856,197.26612395455712,41.98932127752252,9.127231384163233,37.461461330621205,10.704770349837284
-32.94188833333334,117.00057999999999,1927.0,1946.0,2.3616541353383407,44.871428571428474,19.0,46,,114.78694696581414,96.4192472857485,192.838494571497,47.066004153793145,12.037138611768798,57.39803864208851,12.701524612937469
-32.94142083333333,117.00048666666666,1946.0,1965.0,1.3142857142856932,24.97142857142817,19.0,48,,105.10592288692854,88.28733787169855,176.5746757433971,44.54367558211642,9.024417338172716,38.99004759848201,10.021924548264753
-32.94067936507937,117.00044444444445,1965.0,1985.0,2.650649350649366,53.012987012987324,20.0,50,,103.20607651467485,91.25420685794928,182.50841371589857,42.55462342311889,8.278083440956275,35.907247170796026,9.87296323978319
-32.939852173913046,117.00032681159419,1985.0,2007.0,0.916996047430802,20.173913043477643,22.0,52,,96.93699403512872,94.28223303375744,188.56446606751487,38.09383029888847,8.698398217862486,31.999655757856665,10.388313921062046
-32.968611728395054,116.95275123456788,2274.0,2300.0,0.4194139194139409,10.904761904762463,26.0,54,,100.30688759246975,115.29798934697814,230.59597869395628,34.46499560304549,7.145012432569691,28.951303600337905,8.513982758192405
-32.968909848484856,116.95129621212119,2348.0,2369.0,0.8142292490118359,17.098814229248553,21.0,56,,103.80554598157194,96.37346695270121,192.74693390540241,41.32991260326113,15.05756310480411,60.1189379685075,12.956760075465894
-32.98481984126984,116.93229523809521,2518.0,2538.0,0.6805194805194775,13.61038961038955,20.0,58,,107.04553942765725,94.64903742138904,189.29807484277808,43.598618021240505,4.3271075046411855,14.904278722931885,5.423917152152186
-32.983850000000004,116.93312976190477,2538.0,2565.0,1.7542419266557223,47.364532019704505,27.0,60,,104.18875610536627,124.36616661573699,248.73233323147397,34.47113167370964,7.939761274298173,28.090472391200844,9.46129083002089
-32.98301153846155,116.93267692307691,2565.0,2590.0,1.4933333333333427,37.33333333333357,25.0,62,,98.00292500379267,108.31701355429102,216.63402710858205,34.89349397598279,8.993571830173781,34.337717939932475,8.873631819253577
-32.98217115384615,116.93330064102565,2590.0,2615.0,1.3921367521367856,34.80341880341964,25.0,64,,94.77643586320407,104.750960112923,209.501920225846,33.998855472931616,7.793771977356834,32.91600446935546,11.465896554205111
-32.98121533333333,116.93361333333334,2615.0,2639.0,1.4953846153846175,35.88923076923082,24.0,66,,94.4146982532274,100.1771061835392,200.3542123670784,34.98822018352647,7.110896923532823,36.51536776476973,7.8805639459073005
-33.02345933333333,116.88884333333334,2935.0,2959.0,1.537692307692318,36.90461538461563,24.0,68,,101.62355515574642,107.82594091739273,215.65188183478546,36.99220698367027,9.97295856496585,41.58854663500543,7.683296580849406
-33.02295942028986,116.8894913043478,2959.0,2981.0,0.7885375494070902,17.347826086955983,22.0,70,,105.43268807807343,102.54526010111367,205.09052020222734,40.451927960534796,5.869078376515658,19.325513938549214,7.0923246524122545
-33.02233916666667,116.88967249999999,2981.0,3000.0,1.8127819548871493,34.442857142855836,19.0,72,,108.38021093327447,91.03768882335703,182.07537764671406,45.42246899896666,4.981992074175977,18.647716223745526,7.725809789990608
-33.0217373015873,116.88968492063493,3000.0,3020.0,0.23766233766230682,4.753246753246136,20.0,74,,103.11942530390336,91.17759036617606,182.35518073235212,42.53064919349655,3.307640204922258,13.217218344564742,4.221002201453981
-33.020973188405804,116.8985,3181.0,3203.0,1.9950592885375047,43.891304347825105,22.0,76,,102.57233831648387,99.76324519066048,199.52649038132097,39.67567704106552,14.819695792268858,51.80102440212532,14.561751209258846
-33.0199856060606,116.89932954545453,3203.0,3224.0,1.9034443817052105,39.97233201580942,21.0,78,,103.88058058840681,96.44312936942211,192.88625873884422,41.35044421882033,10.931194462611776,42.71834045435148,10.338556271057431
-33.01903947368421,116.90008859649123,3224.0,3242.0,0.6526315789473167,11.7473684210517,18.0,80,,105.39899586399487,83.87385594338508,167.74771188677016,46.172010430477066,13.593965045892698,45.45243256535187,17.799400931127323
-33.018215789473686,116.90055438596492,3242.0,3260.0,2.273684210526252,40.92631578947253,18.0,82,,100.00123219392013,79.57845209471385,159.1569041894277,44.66630825508385,4.433519526319931,16.289393006112974,3.907373122062338
-33.017478070175436,116.90045000000002,3260.0,3278.0,2.1789473684209733,39.22105263157752,18.0,84,,106.7454080010622,84.94529667865102,169.89059335730204,46.53524484881164,16.128957104235656,66.74023761363637,19.871992529376488
-33.016742592592585,116.90056666666666,3278.0,3295.0,0.9091847265221744,15.456140350876964,17.0,86,,98.52045756751455,74.04452858285265,148.0890571657053,45.87625445001754,8.893823118880821,30.253165708495388,9.806433054085325
-33.01575,116.90050303030306,3295.0,3316.0,2.7735742518350697,58.24505928853646,21.0,88,,113.0307313958586,104.93816446716856,209.87632893433712,43.759311321640716,16.08245166625145,69.7850557449908,20.418258678089426
-33.01487954545454,116.90050757575759,3316.0,3337.0,3.887634105025371,81.64031620553278,21.0,90,,105.87464690234987,98.29442818193836,196.58885636387672,41.89135758813309,8.648510614848863,39.87394321047725,9.766004587111269
-33.01397536231884,116.90056304347827,3337.0,3359.0,0.4515810276679628,9.934782608695182,22.0,92,,110.96982448144152,107.93075394604212,215.86150789208423,41.905098663318846,10.640587611261381,37.039370841642665,9.980331408728578
-33.012978985507246,116.90094927536231,3359.0,3381.0,1.1541501976284634,25.391304347826193,22.0,94,,101.86723450234886,99.07745167313945,198.1549033462789,39.481593744405096,8.423039857010687,34.126367185642906,11.354770807131924
-33.047294166666674,117.03171333333334,3790.0,3812.0,1.2530969817260729,27.568133597973603,22.0,96,,104.2687570316063,101.4132050043931,202.8264100087862,40.138189990878665,14.053283378455266,55.30184619396138,16.296948895976016
-33.04616266666667,117.03182733333331,3812.0,3836.0,1.2876923076923308,30.904615384615937,24.0,98,,104.37669845704693,110.74711668700816,221.49423337401632,37.73091313610996,8.62772618169336,29.273394852019315,11.159780995023272
-33.04486419753087,117.03234320987654,3836.0,3862.0,1.300976800976803,33.82539682539688,26.0,100,,102.40216302765032,117.70640865499155,235.4128173099831,35.01967439474037,10.905402975400708,47.67844719108161,12.801446565803731
-33.045339999999996,117.12291499999999,4172.0,4191.0,2.50977443609018,47.68571428571342,19.0,102,,111.86053559485283,93.96110732214639,187.92221464429278,46.32749318015762,9.992272285332067,38.84558652420978,10.762418750089953
-33.0449201754386,117.12321228070176,4191.0,4209.0,1.92456140350874,34.64210526315732,18.0,104,,109.33865223701991,87.0089348726372,174.0178697452744,47.221395604620696,9.925266226353417,43.07912818307538,12.91327883041185
-33.04445964912281,117.12347631578947,4209.0,4227.0,2.7245614035087518,49.04210526315753,18.0,106,,105.92747949925868,84.29440985786212,168.58881971572424,46.31516044755423,3.840290398008144,16.37023283574613,5.504568713259344
-33.04379907407407,117.12378796296295,4227.0,4244.0,0.7884416924664185,13.403508771929115,17.0,108,,112.81928826751641,84.79102940723335,169.5820588144667,49.73710573686157,16.861429481914,69.03157534643373,13.834668142949567
-33.04321574074074,117.12399259259259,4244.0,4261.0,2.081527347781225,35.385964912280826,17.0,110,,106.85450028623004,80.30810347412599,160.61620694825197,48.196060319779136,9.120627884242614,39.22400534939892,8.972095663820204
-33.0426325,117.12424083333333,4261.0,4280.0,2.113533834586431,40.15714285714219,19.0,112,,105.5879621045288,88.69224330521504,177.3844866104301,44.67474852340392,7.681118602268123,26.765033045423653,8.19103106242547
-33.042029166666666,117.12464583333333,4280.0,4299.0,0.2338345864661381,4.442857142856624,19.0,114,,101.73503826996206,85.45584730551238,170.91169461102476,43.6103702628333,5.4593222141785915,19.590606333870618,8.548976942639976
-33.04155614035087,117.12473947368419,4299.0,4317.0,2.9280701754385703,52.705263157894265,18.0,116,,103.3268162677598,82.22486781481018,164.44973562962036,45.60345547813171,5.278563938332562,20.338946756751653,5.565640857507558
-33.04109083333334,117.12483166666667,4317.0,4336.0,1.341353383458598,25.485714285713364,19.0,118,,103.00551200090764,86.52302544790666,173.04605089581332,43.96559111009032,11.776347301702272,58.408247236256244,11.590844082066207
-33.04038055555555,117.12500555555556,4336.0,4353.0,0.9453044375644846,16.070175438596237,17.0,120,,103.96140471919145,78.1337540781164,156.2675081562328,47.413512753992855,5.267241517134652,19.30480554286857,5.867604315049581
-33.03953333333333,117.12522681159422,4353.0,4375.0,0.5484189723319786,12.065217391303529,22.0,122,,99.90878238885325,97.17263462792414,194.34526925584828,38.9367913907722,8.205909851935958,32.69683674359816,8.266065184675675
-33.00106805555556,117.14780138888891,4532.0,4555.0,0.33695652173910606,7.74999999999944,23.0,124,,107.39160852394596,109.198284136956,218.396568273912,39.71684436015712,17.389776382646698,82.85034971249706,20.690908255807635
-32.97923141025641,117.15513846153847,4633.0,4658.0,0.36239316239322145,9.059829059830536,25.0,126,,119.73106369943747,132.3318793709449,264.6637587418898,40.43331563580517,20.954344718582288,84.45688428263946,12.133166904135654
-32.96007063492064,117.1589261904762,4740.0,4760.0,2.0584415584415336,41.16883116883067,20.0,128,,109.1567009983855,96.51571408609489,193.03142817218978,44.15767712411572,7.171882741259704,25.206943673135203,7.696389623454107
-32.959575287356316,117.15906724137932,4760.0,4788.0,1.6349753694580968,45.77931034482671,28.0,130,,94.7997356352499,117.3499174567605,234.699834913521,31.063155632422276,10.281569136481117,35.25827812774792,10.947336528730032
-32.95875069444444,117.15959097222223,4788.0,4811.0,3.0308695652173694,69.7099999999995,23.0,132,,99.11583726774417,100.7832875323966,201.5665750647932,37.47726230614329,4.499221915502077,16.7239766528115,4.5786610257551095
-32.95783333333333,117.15975399999999,4811.0,4835.0,1.836153846153853,44.06769230769247,24.0,134,,101.41323683172585,107.60278624478822,215.20557248957644,36.93517631007059,5.84050788632186,25.91231198157282,6.443088772226316
-32.956376262626264,117.15992373737373,4835.0,4867.0,1.7583556149732107,56.26737967914274,32.0,136,,103.32138348394116,146.16985696500043,292.33971393000087,29.875006231407188,10.18726493382924,37.985879048644705,12.153931195880498
-32.95484022988506,117.15916264367816,4867.0,4895.0,0.6970443349753754,19.517241379310512,28.0,138,,102.59052754607269,126.99391890393227,253.98783780786454,33.09891812887036,6.819591557145309,30.439265048304875,8.140586043213371
