lat,lon,t_start,t_end,climb_rate_ms,alt_gain_m,duration_s,circle_id,seg_id,avg_speed_kmh,turn_radius_m,circle_diameter_m,bank_angle_deg
-31.618820098039215,117.26504852941174,268.0,310.0,0.8941629865320573,37.554845434346404,42.0,0,,145.22098485275419,269.647438433206,539.294876866412,31.59818792253698
-31.619308854166665,117.26145,310.0,342.0,2.286013730078652,73.15243936251686,32.0,1,,148.63312426629383,210.27285719264535,420.5457143852907,39.56926996249601
-31.61925909090909,117.2595590909091,342.0,377.0,2.274399241146704,79.60397344013465,35.0,2,,145.0820705904329,224.49125113794835,448.9825022758967,36.408272698814905
-31.61904494949495,117.2571196969697,377.0,409.0,2.5491310160427534,81.57219251336811,32.0,3,,149.41470696429036,211.37857052438977,422.75714104877954,39.71689998244693
-31.618199549549544,117.25564099099097,409.0,447.0,1.6900164822227333,64.22062632446386,38.0,4,,147.9343834818403,248.52515516852856,497.0503103370571,34.70717775599272
-31.617032666666663,117.25400333333333,447.0,483.0,2.3504102096627153,84.61476754785775,36.0,5,,142.61794117451862,226.9835031151379,453.9670062302758,35.177058890990395
-31.61658888888889,117.25049444444443,483.0,515.0,3.066666666666663,98.13333333333321,32.0,6,,142.54685826270608,201.6625521309285,403.325104261857,38.3979009605509
-31.616627777777776,117.24887037037037,515.0,547.0,2.8041666666666423,89.73333333333255,32.0,7,,142.60511048040163,201.74496216108238,403.48992432216477,38.40929670421746
-31.617980769230766,117.24617307692309,547.0,584.0,1.818249174518821,67.27521945719637,37.0,8,,145.07249617287403,237.30366119053886,474.6073223810777,34.89871435701873
-31.61716064814814,117.2446962962963,584.0,628.0,1.6041324575807159,70.5818281335515,44.0,9,,145.24372926059914,282.5320356824204,565.0640713648409,30.425317180997514
-31.615888333333327,117.24429750000002,628.0,677.0,0.38967183922666876,19.09392012210677,49.0,10,,138.8395987280942,300.76483702474985,601.5296740494997,26.75314665367768
-31.61808284313726,117.2381455882353,677.0,734.0,0.6850581624791127,39.04831526130942,57.0,11,,144.30059104979043,363.6307456470574,727.2614912941148,24.246961043075
-31.617956666666668,117.22497666666666,804.0,840.0,1.02272727272727,36.81818181818172,36.0,12,,148.32716371066866,236.07001299353712,472.14002598707424,36.24283638621423
-31.618156060606058,117.2227712121212,840.0,880.0,0.5863636363636451,23.4545454545458,40.0,13,,149.74571699648706,264.8085674092329,529.6171348184658,33.66535290483241
-31.618165277777777,117.21600000000001,943.0,987.0,0.194055944055925,8.5384615384607,44.0,14,,154.18131592020663,299.91767130250474,599.8353426050095,31.940635552325517
-31.62083555555556,117.21344444444442,987.0,1043.0,0.7491071428571445,41.950000000000095,56.0,15,,143.65031654877697,355.6413459737187,711.2826919474375,24.53102345535219
-31.640713333333338,117.21165,1138.0,1174.0,1.7181818181818116,61.85454545454522,36.0,16,,143.688605133934,228.68751773045088,457.37503546090176,35.37910128161553
-31.641200000000005,117.20839848484847,1174.0,1214.0,1.6681818181818175,66.7272727272727,40.0,17,,145.5468386853946,257.38332031310273,514.7666406262055,32.917722779427116
-31.64124358974359,117.20580000000001,1214.0,1262.0,0.6868131868132036,32.967032967033774,48.0,18,,139.32968866731994,295.66678227811735,591.3335645562347,27.313151127770602
-31.64267380952381,117.20582380952384,1262.0,1314.0,0.3467032967032889,18.028571428571023,52.0,19,,134.63167198652602,309.5053880155217,619.0107760310434,24.732217224125556
-31.693925925925928,117.16572407407408,1554.0,1586.0,2.42499999999998,77.59999999999935,32.0,20,,138.77200286064314,196.3222241603022,392.6444483206044,37.65173723253019
-31.694444999999995,117.16299666666666,1586.0,1622.0,1.698484848484833,61.14545454545399,36.0,21,,139.96722631841,222.7647593943698,445.5295187887396,34.672501033253454
-31.695818181818183,117.16009545454548,1622.0,1662.0,0.32727272727273726,13.090909090909491,40.0,22,,142.5678320045694,252.1152798824682,504.2305597649364,32.37950961651342
-31.697265277777774,117.15864722222223,1662.0,1706.0,0.4020979020978878,17.692307692307065,44.0,23,,139.93575000569388,272.206810683841,544.413621367682,29.502392690444527
-31.69730606060606,117.15563333333334,1706.0,1746.0,0.6159090909090976,24.636363636363903,40.0,24,,141.91119976358462,250.9540991386211,501.9081982772422,32.260004648483985
-31.696853030303032,117.15358181818182,1746.0,1786.0,-0.2999999999999754,-11.999999999999016,40.0,25,,146.585422697309,259.21994008324043,518.4398801664809,33.10384079194821
-31.697228571428575,117.14993809523808,1786.0,1838.0,0.5263736263736232,27.371428571428403,52.0,26,,145.01558786671535,333.37702138526976,666.7540427705395,26.38866091874319
-31.697152222222222,117.14728,1838.0,1894.0,0.018750000000013586,1.0500000000007608,56.0,27,,138.79564930401426,343.62243481040304,687.2448696208061,23.79541398729071
-31.696576388888886,117.14521805555556,1894.0,1938.0,0.7430069930069624,32.69230769230634,44.0,28,,136.96848161699032,266.43479985387717,532.8695997077543,28.978990913348685
-31.709538461538465,117.17245384615384,2082.0,2130.0,0.6181318681318834,29.670329670330403,48.0,29,,143.19016756785837,303.8589729410861,607.7179458821722,27.95659848416864
-31.711145833333333,117.17114305555555,2130.0,2174.0,1.2176573426573198,53.57692307692207,44.0,30,,144.48549219557097,281.0570924087738,562.1141848175477,30.294528221301622
-31.707933333333333,117.24083076923078,2590.0,2638.0,0.8420329670329632,40.41758241758223,48.0,31,,135.3632320131504,287.249699837173,574.499399674346,26.644175646787154
-31.705989743589743,117.24069743589745,2638.0,2686.0,1.0467032967032934,50.241758241758085,48.0,32,,138.2129456639927,293.2969800228798,586.5939600457596,27.125607854858426
-31.70502166666667,117.239025,2686.0,2722.0,2.07272727272729,74.61818181818245,36.0,33,,146.42402856146154,233.0410793298547,466.0821586597094,35.890730405213425
-31.704733333333333,117.23702407407407,2722.0,2754.0,2.2083333333333206,70.66666666666626,32.0,34,,146.77351609333337,207.64204978872763,415.28409957745527,39.21547403785419
-31.704378787878785,117.23515606060604,2754.0,2794.0,1.7318181818181735,69.27272727272694,40.0,35,,145.05676977045678,256.51668819901346,513.0333763980269,32.82962774725944
-31.702835897435897,117.23169487179487,2794.0,2842.0,0.5604395604395639,26.90109890109907,48.0,36,,151.09517480451203,320.6339192996279,641.2678385992558,29.2504962726837
-31.701659090909093,117.22683484848486,2842.0,2882.0,1.231818181818172,49.272727272726875,40.0,37,,146.458783626438,258.99599303748835,517.9919860749767,33.08118865888407
-31.70145757575758,117.22494999999999,2882.0,2922.0,1.197727272727292,47.90909090909168,40.0,38,,145.94416131089338,258.085940978107,516.171881956214,32.989017214535146
-31.701907575757573,117.2226909090909,2922.0,2962.0,1.7204545454545586,68.81818181818234,40.0,39,,145.02263455482435,256.4563238845534,512.9126477691068,32.82348506104723
-31.701275,117.21975277777777,2962.0,3006.0,1.21765734265734,53.57692307692296,44.0,40,,141.1586499262316,274.5856287281331,549.1712574562662,29.716544026589393
-31.67155333333334,117.21584499999999,3178.0,3214.0,2.024242424242434,72.87272727272763,36.0,41,,141.63331774809146,225.41642626113824,450.8328525222765,34.99036213332742
-31.67216666666667,117.2135111111111,3214.0,3246.0,1.0708333333332865,34.26666666666517,32.0,42,,138.4923570810584,195.9266063102071,391.8532126204142,37.59585429576746
-31.671480769230772,117.21082051282052,3246.0,3294.0,0.17170329670330983,8.241758241758872,48.0,43,,135.89404154977063,288.3761126584188,576.7522253168376,26.734161649154316
-31.669710000000002,117.21126833333332,3294.0,3330.0,1.8787878787879078,67.63636363636468,36.0,44,,139.77691875485993,222.4618754999021,444.9237509998042,34.636037398012995
-31.669929629629628,117.20919999999998,3330.0,3362.0,1.5500000000000065,49.60000000000021,32.0,45,,142.45041250538137,201.52610929520878,403.05221859041757,38.37902560404397
-31.67023888888889,117.20718333333333,3362.0,3394.0,1.5541666666666663,49.73333333333332,32.0,46,,143.46524578362184,202.96180469650767,405.92360939301534,38.57714516532758
-31.670201666666664,117.20530333333333,3394.0,3430.0,1.022727272727297,36.81818181818269,36.0,47,,144.1269307653714,229.38513463972225,458.7702692794445,35.46152603289217
-31.299990740740743,117.1837462962963,4293.0,4325.0,1.6916666666666542,54.133333333332935,32.0,48,,142.01190529293928,200.9057484912834,401.8114969825668,38.293081234435675
-31.12988055555556,117.1653597222222,4809.0,4853.0,0.40734265734263553,17.923076923075964,44.0,49,,146.35251722697166,284.6888800630638,569.3777601261276,30.61594333225543
-31.13041875,117.16065833333333,4853.0,4881.0,2.8392857142857184,79.50000000000011,28.0,50,,149.36983590347253,184.9007045889338,369.8014091778676,43.50416561794727
-31.130066666666668,117.15895624999999,4881.0,4909.0,3.520833333333343,98.5833333333336,28.0,51,,149.7278061530457,185.34382585881806,370.68765171763613,43.57264994782387
-31.130170370370372,117.15708148148148,4909.0,4941.0,3.45833333333332,110.66666666666625,32.0,52,,147.38031457565577,208.50049403692557,417.00098807385115,39.331313788794645
-31.129952083333333,117.15468541666667,4941.0,4969.0,3.5744047619047796,100.08333333333383,28.0,53,,146.83666212928912,181.76496026104013,363.52992052208026,43.015067043412415
-31.12976666666667,117.15312916666667,4969.0,4997.0,3.4940476190476297,97.83333333333363,28.0,54,,143.65702395997073,177.82897590189035,355.6579518037807,42.389931594041514
-31.129652083333333,117.15130416666668,4997.0,5025.0,3.6904761904762107,103.3333333333339,28.0,55,,141.76522119001154,175.4871666403819,350.9743332807638,42.01197879594199
-31.129659523809522,117.1496285714286,5025.0,5049.0,4.098214285714294,98.35714285714305,24.0,56,,141.91286135655375,150.57422248806898,301.14844497613797,46.45183571133403
-31.129829166666667,117.1481625,5049.0,5077.0,4.407738095238126,123.41666666666752,28.0,57,,142.92063502388953,176.91742081910309,353.83484163820617,42.243349777717626
-31.12997380952381,117.14669047619047,5077.0,5101.0,4.428571428571434,106.28571428571442,24.0,58,,146.04595932148467,154.9595756307477,309.9191512614954,47.27249832283959
-31.130225,117.14521041666667,5101.0,5129.0,4.431547619047628,124.0833333333336,28.0,59,,147.68809682041837,182.81892723736456,365.6378544747291,43.18033725771276
-31.13061428571428,117.1435142857143,5129.0,5153.0,4.732142857142886,113.57142857142927,24.0,60,,145.97445405254265,154.88370618401947,309.76741236803895,47.25851249900482
-31.13072619047619,117.14219761904762,5153.0,5177.0,4.58035714285716,109.92857142857184,24.0,61,,147.89466987457206,156.9211184498811,313.8422368997622,47.63153765435244
-31.131397916666664,117.14045625,5177.0,5205.0,4.744047619047679,132.83333333333502,28.0,62,,148.61529580024126,183.9666806885646,367.9333613771292,43.35930185562821
-31.131837500000003,117.13880625,5205.0,5233.0,4.449404761904803,124.58333333333448,28.0,63,,140.86348151297807,174.37092854163328,348.74185708326655,41.83022844892137
-31.132316666666668,117.1372875,5233.0,5261.0,3.7916666666667083,106.16666666666784,28.0,64,,139.00356109638503,172.0685855456241,344.1371710912482,41.45206767306752
-31.1327625,117.13556666666668,5261.0,5289.0,-0.5952380952380417,-16.66666666666517,28.0,65,,154.1578319864099,190.82762982085467,381.65525964170934,44.407414764027436
-30.831603125,117.09716979166666,5957.0,6017.0,1.3602941176470698,81.61764705882419,60.0,66,,147.83960087478025,392.1567210659029,784.3134421318058,23.671546203261705
-30.831977777777777,117.09271555555557,6017.0,6073.0,0.9044642857142776,50.649999999999544,56.0,67,,158.95797166275105,393.53917452870616,787.0783490574123,26.79437377802355
-30.83000625,117.08421979166667,6073.0,6133.0,2.064338235294135,123.86029411764811,60.0,68,,152.72896667060024,405.1261666490561,810.2523332981121,24.364592323356543
-30.83187962962963,117.08175555555555,6133.0,6165.0,3.0416666666666643,97.33333333333326,32.0,69,,136.0721501318431,192.50271387222514,385.0054277444503,37.10869220566303
-30.833318333333334,117.08052166666667,6165.0,6201.0,2.1636363636363707,77.89090909090935,36.0,70,,137.5541778793163,218.92427352435038,437.84854704870077,34.20777260613393
-30.811533333333333,117.31843125,6790.0,6818.0,2.5833333333333544,72.33333333333393,28.0,71,,131.68531476268123,163.00953493294443,326.01906986588887,39.920385539067766
-30.811902083333333,117.31730625,6818.0,6846.0,2.910714285714281,81.49999999999987,28.0,72,,138.76431738387637,171.77243250546204,343.54486501092407,41.403101551668485
-30.81219375,117.31584791666667,6846.0,6874.0,3.232142857142871,90.50000000000038,28.0,73,,135.54810566822135,167.79117478542213,335.58234957084426,40.73762477672319
-30.812429166666668,117.31465833333334,6874.0,6902.0,3.2202380952381104,90.1666666666671,28.0,74,,140.8162588720913,174.31247296712118,348.62494593424236,41.82068192252585
-30.812525,117.31332291666666,6902.0,6930.0,3.8363095238095477,107.41666666666734,28.0,75,,147.1271398239548,182.1245344018711,364.2490688037422,43.07155135477588
-30.813079166666668,117.31198333333333,6930.0,6958.0,3.7619047619048023,105.33333333333447,28.0,76,,146.43075490810315,181.2624991667967,362.5249983335934,42.93596268576595
-30.813727083333333,117.31012708333333,6958.0,6986.0,4.113095238095289,115.16666666666808,28.0,77,,147.0255383011471,181.99876474402268,363.99752948804536,43.05180644225378
-30.813741666666665,117.30813541666666,6986.0,7014.0,4.0803571428571415,114.24999999999996,28.0,78,,150.75423709393613,186.61441575425835,373.2288315085167,43.768158956894794
-30.813787499999997,117.30623958333334,7014.0,7042.0,4.32142857142861,121.00000000000108,28.0,79,,147.59129830246695,182.69910308368503,365.39820616737006,43.161592818090305
-30.81391875,117.30451666666667,7042.0,7070.0,4.720238095238081,132.16666666666626,28.0,80,,146.53441440320836,181.3908163304754,362.7816326609508,42.956183497733214
-30.8148375,117.30294375,7070.0,7098.0,4.729166666666649,132.41666666666617,28.0,81,,148.18636977545006,183.435725266938,366.871450533876,43.27664291377578
-30.710966666666668,117.61063666666666,7776.0,7812.0,3.7954545454545507,136.63636363636382,36.0,82,,146.4848952135979,233.13795161542424,466.2759032308485,35.902040396109705
-30.710626666666666,117.60990333333332,7812.0,7848.0,4.715151515151533,169.74545454545517,36.0,83,,145.54456049264869,231.6413624254242,463.2827248508484,35.72695028150513
-30.710681666666666,117.60784333333334,7848.0,7884.0,4.289393939393938,154.41818181818178,36.0,84,,143.8088513268891,228.87889549041873,457.75779098083746,35.40172971347161
-30.711266666666667,117.60649333333333,7884.0,7920.0,4.125757575757561,148.5272727272722,36.0,85,,150.29737249696367,239.2056976661565,478.411395332313,36.60403996336097
-30.711766666666666,117.60478636363636,7920.0,7960.0,4.527272727272728,181.09090909090912,40.0,86,,147.7356061103369,261.25391092374815,522.5078218474963,33.30904177345714
-30.71204666666667,117.60319999999999,7960.0,7996.0,4.8151515151514985,173.34545454545395,36.0,87,,145.80891903671392,232.0621021157898,464.1242042315796,35.7762518268696
-30.712078333333334,117.60158000000001,7996.0,8032.0,4.7893939393939435,172.41818181818198,36.0,88,,139.33068559931343,221.7516733751349,443.5033467502698,34.550411613913504
-30.71202727272727,117.5994,8032.0,8072.0,3.897727272727244,155.90909090908977,40.0,89,,144.18701464563748,254.97862345018567,509.95724690037133,32.672848852403334
-30.66714,117.83077,8524.0,8560.0,3.575757575757559,128.72727272727212,36.0,90,,139.68804378847517,222.32042659772952,444.64085319545904,34.61899763350692
-30.668562962962962,117.82962962962964,8560.0,8592.0,3.8874999999999718,124.3999999999991,32.0,91,,149.79310887147213,211.91389971553093,423.82779943106186,39.78814858333498
-30.668647916666668,117.82839375,8592.0,8620.0,3.1636904761904816,88.58333333333348,28.0,92,,153.6664165781686,190.2193205549304,380.4386411098608,44.31596955713555
-30.611512962962966,118.14117962962963,9248.0,9280.0,2.8333333333333086,90.66666666666588,32.0,93,,141.69772291073994,200.46127134319974,400.9225426863995,38.23137820964981
-30.612276666666663,118.13929333333333,9280.0,9316.0,2.1227272727272593,76.41818181818134,36.0,94,,146.76175078587667,233.57858094393129,467.15716188786257,35.95344378867709
-30.577860256410254,118.27365384615383,9648.0,9696.0,1.6332417582417424,78.39560439560364,48.0,95,,137.7477188020689,292.3097379597557,584.6194759195114,27.047292454064895
-30.578533333333336,118.27269305555556,9760.0,9804.0,0.6232517482517074,27.423076923075126,44.0,96,,148.2453839103212,288.37093559857425,576.7418711971485,30.93964305670156
-30.791864814814815,118.02271296296297,10420.0,10452.0,2.8458333333333194,91.06666666666622,32.0,97,,139.03891364326603,196.69982567513736,393.3996513502747,37.70499694364638
-30.792070370370375,118.02144629629629,10452.0,10484.0,3.324999999999976,106.39999999999924,32.0,98,,136.9582974065087,193.75635581951795,387.5127116390359,37.287798287043486
-30.792375925925924,118.01896851851853,10484.0,10516.0,3.5791666666666693,114.53333333333342,32.0,99,,143.76415885243907,203.3846801850146,406.7693603700292,38.63529269356809
-30.792241666666666,118.01648125,10516.0,10544.0,3.9583333333333544,110.83333333333393,28.0,100,,140.94265973231012,174.46894102490367,348.93788204980734,41.84622872594263
-30.7923125,118.01417291666667,10544.0,10572.0,4.20535714285715,117.75000000000021,28.0,101,,144.65717028171974,179.06702880905783,358.13405761811566,42.5879249074577
-30.792494444444444,118.0115425925926,10572.0,10604.0,3.920833333333298,125.46666666666553,32.0,102,,143.68725075734238,203.27587748725085,406.5517549745017,38.62034077310449
-30.79217962962963,118.00906666666667,10604.0,10636.0,3.566666666666658,114.13333333333306,32.0,103,,138.69779358061587,196.2172395048388,392.4344790096776,37.636915830892534
-30.79256296296296,118.00679074074075,10636.0,10668.0,3.033333333333313,97.06666666666601,32.0,104,,135.3177154335867,191.4354071036247,382.8708142072494,36.95553687357614
-30.7933125,118.00484375,10668.0,10696.0,3.1190476190476417,87.33333333333397,28.0,105,,137.20035291242044,169.836445021944,339.672890043888,41.0811791660398
-30.793972916666668,118.003275,10696.0,10724.0,2.125000000000053,59.50000000000148,28.0,106,,142.33237383208322,176.18922889073005,352.3784577814601,42.12576199378751
-31.0123625,117.79306041666666,11272.0,11300.0,3.4672619047619064,97.08333333333339,28.0,107,,140.99743122227989,174.53674110666407,349.07348221332813,41.85729222811422
-31.01225,117.79078333333334,11300.0,11332.0,2.700000000000004,86.40000000000013,32.0,108,,139.47917347742745,197.3226659315961,394.6453318631922,37.79267996392101
-31.294885416666666,117.49220625,12120.0,12148.0,2.791666666666686,78.16666666666721,28.0,109,,138.83360243705545,171.85819851754073,343.71639703508146,41.417289753805335
-31.29507291666667,117.49004166666667,12148.0,12176.0,2.672619047619043,74.8333333333332,28.0,110,,133.47288365704105,165.22231602136972,330.44463204273944,40.30103709755648
-31.295506250000003,117.48761875,12176.0,12204.0,1.6309523809523836,45.66666666666674,28.0,111,,138.0860403004435,170.93281244512863,341.86562489025727,41.26387616464793
