lat,lon,t_start,t_end,climb_rate_ms,alt_gain_m,duration_s,circle_id,seg_id,avg_speed_kmh,turn_radius_m,circle_diameter_m,bank_angle_deg,bank_std_deg,bank_range_deg,bank_masd_deg
-32.13067954545455,116.97914545454547,4912.0,4935.0,1.4258390767097533,32.794298764324324,23.0,0,,115.20024328064179,117.13828548904722,234.27657097809444,41.70472179023415,10.209941167070697,38.06489987047401,9.389241442847558
-32.1321438271605,116.9791740740741,4935.0,4963.0,1.6448151021464128,46.054822860099556,28.0,2,,109.0726630648562,135.0179715342007,270.0359430684014,34.72399819675177,13.726494214551012,59.70661982278556,12.860306544359306
-32.13298717948717,116.9797608974359,4963.0,4991.0,1.5249363089779067,42.69821665138139,28.0,4,,107.16667718597492,132.65860540241056,265.3172108048211,34.25259113635567,24.819594288742906,103.7783533315499,25.880499687786994
-32.13411833333334,116.98039499999999,4991.0,5020.0,1.6829810901000797,48.80645161290231,29.0,6,,112.46546217973234,144.18988687709756,288.3797737541951,34.604469543594256,8.209307017048442,35.463175520768104,10.90142383020176
-32.13524358974359,116.98137564102565,5020.0,5045.0,2.272478632478642,56.81196581196605,25.0,8,,112.43191750740854,124.26455161530748,248.52910323061496,38.66418333866758,7.651620684682511,30.08190346675259,9.957541244854477
-32.13639623655914,116.98275161290321,5045.0,5075.0,1.9637096774193408,58.91129032258022,30.0,10,,106.57055575581707,141.34358947157273,282.68717894314545,32.29331892544261,14.508507110325462,63.28986176072107,12.011689138112809
-32.13739135802469,116.98309876543209,5075.0,5101.0,2.268620268620243,58.98412698412631,26.0,12,,116.37149047352753,133.76348514990727,267.52697029981454,38.53062446161717,8.227676803824673,33.97472712389904,8.516802258363821
-32.13906419753086,116.98468580246914,5135.0,5161.0,2.942002442002502,76.49206349206506,26.0,14,,110.96284570538627,127.54650562012317,255.09301124024634,37.20935164409129,17.907242457965793,74.89911851000419,13.342639134333151
-32.13914861111111,116.98569652777779,5161.0,5184.0,3.7452173913044113,86.14000000000146,23.0,16,,107.55515575263809,109.36458276115951,218.72916552231902,39.75970593187173,9.161306941729798,35.857556472007666,9.884412895008218
-32.13995802469136,116.98660493827161,5184.0,5210.0,3.020757020757046,78.5396825396832,26.0,18,,110.69705360756944,127.24099026421759,254.48198052843517,37.14319451224237,8.126055644826984,29.393874762505565,9.094531502204825
-32.14068456790123,116.98787777777778,5210.0,5241.0,3.8023808539660227,117.8738064729467,31.0,20,,109.5870919408303,150.18920800692322,300.37841601384645,32.167242435778455,8.946900268145102,36.53109411935382,9.486079758339708
-32.14168402777778,116.98872708333333,5241.0,5268.0,2.438029020556191,65.82678355501716,27.0,22,,116.98059131424115,139.63529515105736,279.2705903021147,37.6261010595769,22.52707178817294,87.1737701661902,26.899558142318753
-32.14104736842105,116.99061403508772,5268.0,5298.0,3.1045300702942558,93.13590210882768,30.0,24,,108.54330260906083,143.96002624792877,287.92005249585753,32.76978176068168,25.591673842514293,122.53482317235131,28.58477340227985
-32.14046785714286,116.99168035714285,5298.0,5328.0,2.193476802394608,65.80430407183825,30.0,26,,113.2790382944931,150.2409907772057,300.4819815544114,33.893001767079895,18.273089299020914,71.0259342931734,17.51514124380317
-32.052447435897435,116.93356858974357,5897.0,5922.0,3.6341880341880723,90.8547008547018,25.0,28,,109.76996248888067,121.32244536887004,242.64489073774007,37.99628987977244,6.0162673898215955,23.605487654274597,7.372533794105244
-32.05291730769231,116.93382051282052,5922.0,5947.0,3.791794871794916,94.7948717948729,25.0,30,,111.80166228700959,123.56796665880772,247.13593331761544,38.50716126436928,15.413173112519935,59.16133163174553,8.553296094498663
-32.05312333333334,116.93486933333334,5947.0,5971.0,3.170769230769215,76.09846153846115,24.0,32,,116.8836835409052,124.01744001549247,248.03488003098494,40.90778303310889,5.445759498836111,23.067402647881124,6.43933678436361
-32.05359615384616,116.93542307692307,5971.0,5998.0,3.2811141404466353,88.59008179205915,27.0,34,,119.70371903426746,142.885789430903,285.771578861806,38.26543608401457,9.822285824931729,44.105481420840476,8.35903892140428
-32.053893055555555,116.93648055555555,5998.0,6025.0,3.0179775280898093,81.48539325842485,27.0,36,,124.629367746429,148.7653494844635,297.530698968927,39.3938783136222,24.102411334641992,93.06744744918997,20.541464486985504
-32.05450833333333,116.93713958333333,6025.0,6044.0,2.056832694763618,39.079821200508746,19.0,38,,91.43229912968576,76.80170692504987,153.60341385009974,40.568780967622324,25.010712881602117,60.875105371451326,33.14312432253302
-32.05439117647058,116.93779705882353,6044.0,6064.0,0.22355769230774092,4.471153846154818,20.0,40,,119.11218061570014,105.31829070801841,210.63658141603682,46.657055142680925,32.25581190420255,137.1011338670267,34.68794549950773
-32.054761111111105,116.938475,6064.0,6084.0,1.322432962720701,26.448659254414018,20.0,42,,118.01808393932136,104.35089685098454,208.70179370196908,46.39307138348935,17.651890207166957,72.60657410456835,20.353036364969256
-32.05423333333333,116.9386380952381,6084.0,6114.0,1.1271332186797416,33.81399656039225,30.0,44,,112.25054097054664,148.87690383501516,297.7538076700303,33.651523216093864,23.190072730882044,86.84259429663257,22.86496102313891
-31.998696212121217,117.06293257575759,6495.0,6519.0,4.619609797232573,110.87063513358174,24.0,46,,122.0927456376782,129.54442655931953,259.08885311863907,42.14761564658018,20.406870587998547,105.02894899315338,20.51731602647996
-31.999558333333336,117.0641111111111,6519.0,6542.0,3.9665217391304144,91.22999999999954,23.0,48,,115.4571376924837,117.39950169916902,234.79900339833804,41.76812128547637,10.927235720763935,47.37776567654146,12.577434815934657
-31.99978157894737,117.06558596491227,6542.0,6568.0,4.4936431193482,116.83472110305321,26.0,50,,121.99424313740883,140.22657150719493,280.45314301438987,39.85460391306197,13.328717709486364,49.9999400316043,15.658790609744969
-32.001,117.06714722222222,6568.0,6589.0,4.091728331746035,85.92629496666673,21.0,52,,108.74021199554103,100.9548298030473,201.9096596060946,42.65293505530705,25.033092368670374,99.94401587842815,27.414050784003805
-32.000311403508775,117.0692552631579,6589.0,6616.0,2.8533176470588946,77.03957647059015,27.0,54,,124.78350744537052,148.9493401970628,297.8986803941256,39.42861602291789,28.538783549342686,113.46462692039432,34.88708937170304
-32.00109523809523,117.07107222222224,6616.0,6636.0,1.8493506493505798,36.987012987011596,20.0,56,,112.13162065491987,99.14612057853205,198.2922411570641,44.92786582259263,24.511394379055098,119.01075772396075,19.736922414684187
