Cadence: 3.00 s/fix
Circles count: 204
Circle clusters (raw): 77
Circle clusters (n≥5): 12
Altitude clusters: 16

[Top raw clusters by n]
 cluster_id  n          start_time            end_time  mean_radius_m  center_lat  center_lon
         75 20 2020-11-08 08:37:47 2020-11-08 08:52:35      93.583203  -31.512562  118.111165
          3 14 2020-11-08 03:03:53 2020-11-08 03:13:26      69.186826  -31.807065  117.290219
         70 13 2020-11-08 07:49:59 2020-11-08 07:58:38      87.310962  -31.309265  118.967742
         63 12 2020-11-08 07:15:23 2020-11-08 07:31:38     274.512910  -31.252321  119.393037
         31  9 2020-11-08 05:08:53 2020-11-08 05:13:23      65.447148  -33.141783  117.799052
         12  8 2020-11-08 03:48:23 2020-11-08 03:54:59     130.281267  -32.555717  117.297890
         67  6 2020-11-08 07:37:02 2020-11-08 07:40:23      75.657594  -31.280003  119.223875
         33  6 2020-11-08 05:21:23 2020-11-08 05:26:50     198.704732  -32.937306  117.852214
         55  5 2020-11-08 06:47:32 2020-11-08 06:51:29      93.229435  -31.685270  119.017323
         21  5 2020-11-08 04:36:53 2020-11-08 04:39:44      70.540711  -33.486310  117.415883
         26  5 2020-11-08 04:53:35 2020-11-08 04:56:26     138.425637  -33.378217  117.531027
         43  5 2020-11-08 05:55:38 2020-11-08 06:02:35     224.945265  -32.442463  118.334713

[Filtered clusters (n≥5)]
 cluster_id  n          start_time            end_time  mean_radius_m  center_lat  center_lon
         75 20 2020-11-08 08:37:47 2020-11-08 08:52:35      93.583203  -31.512562  118.111165
          3 14 2020-11-08 03:03:53 2020-11-08 03:13:26      69.186826  -31.807065  117.290219
         70 13 2020-11-08 07:49:59 2020-11-08 07:58:38      87.310962  -31.309265  118.967742
         63 12 2020-11-08 07:15:23 2020-11-08 07:31:38     274.512910  -31.252321  119.393037
         31  9 2020-11-08 05:08:53 2020-11-08 05:13:23      65.447148  -33.141783  117.799052
         12  8 2020-11-08 03:48:23 2020-11-08 03:54:59     130.281267  -32.555717  117.297890
         33  6 2020-11-08 05:21:23 2020-11-08 05:26:50     198.704732  -32.937306  117.852214
         67  6 2020-11-08 07:37:02 2020-11-08 07:40:23      75.657594  -31.280003  119.223875
         21  5 2020-11-08 04:36:53 2020-11-08 04:39:44      70.540711  -33.486310  117.415883
         26  5 2020-11-08 04:53:35 2020-11-08 04:56:26     138.425637  -33.378217  117.531027
         43  5 2020-11-08 05:55:38 2020-11-08 06:02:35     224.945265  -32.442463  118.334713
         55  5 2020-11-08 06:47:32 2020-11-08 06:51:29      93.229435  -31.685270  119.017323
