lat,lon,t_start,t_end,climb_rate_ms,alt_gain_m,duration_s,circle_id,seg_id,avg_speed_kmh,turn_radius_m,circle_diameter_m,bank_angle_deg,bank_std_deg,bank_range_deg,bank_masd_deg
-32.140339743589735,116.95061474358974,556.0,581.0,2.5511111111111346,63.77777777777837,25.0,0,,131.09646169796605,144.8934020908932,289.7868041817864,43.013388288878566,8.058392017795306,28.519910167408778,7.248386169032592
-32.14198571428572,116.95139345238094,581.0,608.0,2.559934318555016,69.11822660098542,27.0,2,,128.20348288665858,153.03163517256692,306.06327034513384,40.19050682682464,11.642221901320884,35.13854526830295,5.086626336194616
-32.14303409090909,116.95243030303031,608.0,629.0,3.123658949745875,65.59683794466338,21.0,4,,128.60986299941368,119.40188998924746,238.80377997849493,47.45503615072436,6.413557058704665,21.399739831950335,5.511217304232748
-32.143509615384616,116.95479935897434,629.0,654.0,2.641025641025648,66.0256410256412,25.0,6,,123.29788867080545,136.2740864913395,272.548172982679,41.265438438190834,6.740357860147593,28.92118069261383,6.022253251817737
-32.14964666666667,116.95295,708.0,732.0,2.3646153846153797,56.75076923076911,24.0,8,,121.57829076846122,128.99857298976235,257.9971459795247,42.02727344365456,9.889716087648967,35.51255877762971,7.668517850973505
-32.150965432098765,116.95349135802469,732.0,758.0,1.3687423687423772,35.58730158730181,26.0,10,,121.0786583342973,139.17415038827536,278.34830077655073,39.642402841370725,6.1074919778886425,23.734422011279587,5.960753159769727
-32.15425320512821,116.96011987179487,796.0,821.0,1.2940170940171054,32.35042735042764,25.0,12,,121.75823018349664,134.57239024877984,269.1447804975597,40.908806171679814,5.473699690203878,21.935540585164198,5.61591945175595
-32.11310666666667,116.94043133333332,1075.0,1099.0,3.108461538461558,74.6030769230774,24.0,14,,128.6083455910586,136.45769282458494,272.9153856491699,43.63283525502242,10.403605038764322,41.49210514927975,7.855019980535582
-32.114363690476196,116.94282976190478,1099.0,1126.0,2.594964422550647,70.06403940886747,27.0,16,,122.44927119368546,146.163050913563,292.326101827126,38.89884018328936,6.284047701554982,25.211276635749048,6.4967053672523605
-32.11591611111111,116.94440444444444,1126.0,1155.0,2.0273637374860716,58.793548387096074,29.0,18,,124.1049975880908,159.1127197300054,318.2254394600108,37.284803475815174,9.214741180264813,38.17686728077536,8.914885752373502
-32.11469866666666,116.94407799999999,1225.0,1249.0,4.404615384615382,105.71076923076916,24.0,20,,123.75096906302723,131.30385625862002,262.60771251724003,42.53241563074494,6.1175701948967625,24.457465433813695,4.991224010447385
-32.11526277777778,116.94505666666666,1249.0,1278.0,4.4794215795328105,129.9032258064515,29.0,22,,118.21656536256496,151.56326979198673,303.12653958397345,35.951559986030844,9.74611769880266,36.68182735359301,7.718140083669454
-32.11633333333333,116.946287654321,1278.0,1304.0,2.0402930402930304,53.04761904761879,26.0,24,,132.80108849701537,152.64852548316395,305.2970509663279,42.26248218559169,8.21738318478308,27.04798201585104,7.439166245005198
-32.11750897435897,116.94805448717949,1304.0,1329.0,4.442393162393228,111.05982905983069,25.0,26,,132.159668370428,146.06850346207796,292.1370069241559,43.244294687141604,9.346564253216423,35.35681970945896,6.516556099761755
-32.11909137931035,116.94955459770114,1329.0,1357.0,2.3935960591133214,67.020689655173,28.0,28,,126.46586635427307,156.5485270430789,313.0970540861578,38.78431035025356,10.386612817507192,45.92531538001392,8.213524313268083
-32.119563793103445,116.9515396551724,1357.0,1385.0,2.7610837438423808,77.31034482758666,28.0,30,,133.02549921279902,164.66851144320884,329.3370228864177,40.2061688316973,10.694914602941152,39.38556816766433,6.249349148779589
-32.12711597222222,116.9585861111111,1451.0,1474.0,0.9726086956521793,22.370000000000125,23.0,32,,131.54007696945826,133.75300824463505,267.5060164892701,45.49725382169469,5.946075137644276,22.536600020885437,6.238244956613101
-32.12804444444444,116.96038580246913,1474.0,1500.0,2.20879120879118,57.428571428570685,26.0,34,,127.94211417430405,147.06336594782545,294.1267318956509,41.201648573297355,6.068926185096281,21.28673888790289,5.292297904487924
-32.03022222222222,116.98072098765432,1859.0,1885.0,5.602564102564147,145.66666666666782,26.0,36,,132.48461508654532,152.28475437247783,304.56950874495567,42.19445060886624,6.475421537373234,25.30298539626267,4.892486449914242
-32.030609523809524,116.98204821428571,1885.0,1912.0,4.370552818828719,118.0049261083754,27.0,38,,128.10518464201976,152.91430028608048,305.82860057216095,40.168843355195364,6.584352755840254,30.16683835817626,6.29508400295224
-32.0315408045977,116.98364080459771,1912.0,1940.0,3.9236453201970343,109.86206896551695,28.0,40,,122.04900817197158,151.08102294469649,302.16204588939297,37.79375559925837,6.058372353623032,26.331582594591673,4.977001803593906
-32.03324462365591,116.9853623655914,1940.0,1970.0,3.344758064516114,100.34274193548342,30.0,42,,125.81652456726704,166.86934839602864,333.7386967920573,36.72837417786575,10.035654294997906,45.47932936265409,6.272006058511361
-32.03528,116.98746133333333,1970.0,1994.0,3.753076923076982,90.07384615384757,24.0,44,,125.271039892994,132.91670150154675,265.8334030030935,42.881040549429564,6.3004324023466225,21.10007423295685,7.408271585388136
-32.03545172413793,116.98954827586206,1994.0,2022.0,3.9201970443350285,109.76551724138079,28.0,46,,128.36124276753765,158.89476001678545,317.7895200335709,39.20113869455999,10.469566257393637,37.95072993363074,4.114499512253212
-32.035563218390806,116.99148850574711,2022.0,2050.0,4.229064039408855,118.41379310344794,28.0,48,,128.85214644156488,159.5024358213675,319.004871642735,39.308298730473375,6.781961062109581,26.31738392504242,5.880491353887597
-32.035937179487185,116.99196602564103,2050.0,2075.0,2.122051282051267,53.05128205128168,25.0,50,,135.15497423908425,149.37904328894467,298.75808657788934,43.88551161704459,9.404793172376213,34.80357414606198,7.710982074290686
-32.03714375,116.99307916666666,2075.0,2106.0,3.5943914956012235,111.42613636363792,31.0,52,,129.47031164233906,177.4391784798109,354.8783569596218,36.61412023672253,13.470993134586257,52.19958316019057,10.37406701499665
-32.03952365591398,116.99407849462366,2106.0,2136.0,1.8834677419354666,56.504032258064,30.0,54,,128.8769719127951,170.92839275530585,341.8567855106117,37.390588465514995,10.977551736250192,38.169097799122504,9.042439691249488
-31.711044444444443,117.01901666666666,2929.0,2955.0,3.4090354090354653,88.6349206349221,26.0,56,,130.93255389546886,150.5007339630157,301.0014679260314,41.85867714895339,8.628321282159535,32.814926937855574,4.9245072177335985
-31.71165266666667,117.02085000000001,2955.0,2979.0,2.5615384615384493,61.47692307692279,24.0,58,,130.8434660397967,138.82922927673457,277.65845855346913,44.126054379892594,9.789794484364384,36.054650440641396,8.960414617656001
-31.71175266666667,117.02279266666666,2979.0,3003.0,2.4561538461538346,58.94769230769203,24.0,60,,134.81542787147777,143.0436116719638,286.0872233439276,44.982632476775755,7.430106133368099,23.254024304210503,5.634863698321473
-31.71421510416667,117.02331666666666,3040.0,3071.0,2.5203445747801356,78.1306818181842,31.0,62,,128.2603589307205,175.78093720097547,351.56187440195094,36.35692936540268,15.363506326497086,51.788761988015416,8.444319252265798
-31.716411111111107,117.0254088888889,3071.0,3100.0,2.616462736373757,75.87741935483895,29.0,64,,132.93381587629216,170.43198420072594,340.86396840145187,39.19865686702678,12.37722220527474,47.806168889772046,6.930678149283406
-31.718171153846153,117.02729551282052,3100.0,3125.0,2.178461538461554,54.46153846153885,25.0,66,,123.69371126344848,136.71156650666302,273.42313301332604,41.356499028058586,6.241855181638673,25.26858314769886,5.71753221889098
-31.7198591954023,117.02808793103449,3125.0,3153.0,2.6886699507389396,75.2827586206903,28.0,68,,128.17205501506677,158.66056983695515,317.3211396739103,39.15975313870307,9.05611943135589,45.12301791219562,7.208564643572729
-31.720877222222217,117.03080333333334,3153.0,3182.0,2.1156840934371335,61.35483870967687,29.0,70,,132.30258334072826,169.62269265350722,339.24538530701443,39.065149910463425,13.604406361838645,50.27804347161657,8.409666060463131
-31.72082469135803,117.03357283950618,3182.0,3208.0,1.122710622710651,29.190476190476925,26.0,72,,132.20812741967674,151.9669449694117,303.9338899388234,42.134894554200656,12.88319314040829,39.95349026547353,4.917275679406594
-31.721034027777776,117.0352097222222,3208.0,3231.0,2.532173913043453,58.23999999999942,23.0,74,,129.24555095145567,131.41988084746404,262.8397616949281,44.99314806075908,6.196993143197936,23.813584074349627,4.8162877245438995
-31.57828188405797,117.01357173913043,3621.0,3643.0,3.4278656126481404,75.41304347825908,22.0,76,,137.42021524425692,133.65676216979605,267.3135243395921,48.01795758711142,4.283703674253127,19.031362221089445,4.761954844845777
-31.57989938271605,117.01452345679012,3643.0,3669.0,4.838217338217372,125.79365079365166,26.0,78,,130.12997342466159,149.57820594131906,299.1564118826381,41.68365094494343,11.144595077690303,39.17409559426557,6.530449834721051
-31.58141419753086,117.01582222222221,3669.0,3695.0,4.594627594627591,119.46031746031736,26.0,80,,129.52783840988295,148.88608042346374,297.7721608469275,41.55170940599596,7.508501687021035,27.250756403021246,6.665884922366623
-31.58266604938272,117.01690987654322,3695.0,3721.0,5.150793650793682,133.92063492063573,26.0,82,,130.4621678353523,149.96004759291682,299.92009518583365,41.75621154372301,6.268850266770425,25.490356143420424,5.496934066087593
-31.583231060606064,117.01809696969698,3721.0,3742.0,4.04065499717665,84.85375494070965,21.0,84,,137.12135059311132,127.30398771026101,254.60797542052202,49.27789600007861,4.097834442471676,13.99602567925902,4.3130174175131994
-31.583837681159427,117.01872826086955,3742.0,3764.0,3.031620553359638,66.69565217391204,22.0,86,,133.4652270032545,129.81008705163805,259.6201741032761,47.18484352924466,5.678959649603245,19.904484917387258,7.014584697933001
-31.5847,117.02056533333332,3764.0,3788.0,3.6007692307691674,86.41846153846002,24.0,88,,136.57596416165975,144.91159869246465,289.8231973849293,45.354310670309,6.881683898001457,27.973244030332932,4.331240680592891
-31.585841666666667,117.02226282051281,3788.0,3813.0,3.471111111111186,86.77777777777965,25.0,90,,136.07934419083503,150.4006963935749,300.8013927871498,44.080653719714675,9.331522820252093,37.24205661139137,8.18847288971637
-31.58778611111111,117.02318111111113,3813.0,3842.0,3.934816462736333,114.10967741935366,29.0,92,,132.0802367374077,169.33762618991094,338.67525237982187,39.0180025007886,9.886278130585191,40.0564606093103,7.38187840998353
-31.13460625,117.02220277777776,4980.0,5003.0,3.5043478260869687,80.60000000000028,23.0,94,,125.81595076149323,127.93258364457158,255.86516728914316,44.2227882206945,10.527915672551854,39.06933789733141,7.3975486467661
-31.13454710144928,117.02265217391303,5003.0,5025.0,3.7173913043477826,81.78260869565122,22.0,96,,134.25787052130292,130.58102287057068,261.16204574114136,47.353946501580104,6.897490342571216,26.111883796031222,7.328616721869126
-31.13462727272727,117.02319318181816,5025.0,5046.0,4.1287408243929224,86.70355731225138,21.0,98,,134.70841008536877,125.0638044899633,250.1276089799266,48.77430864738478,7.266859807905196,27.220941566950728,6.758898706077916
-31.13510773809524,117.02370654761906,5046.0,5073.0,3.5062944718117084,94.66995073891613,27.0,100,,128.32995053821938,153.18259481172035,306.3651896234407,40.21835807473026,7.198447144988155,33.6569643185596,7.393997452703659
-31.135308641975303,117.02521543209878,5073.0,5099.0,2.99145299145305,77.7777777777793,26.0,102,,134.33842284912348,154.41561809271883,308.83123618543766,42.590880382832445,10.511484717713742,43.682484647405204,7.704979984184183
-31.136232098765436,117.02727160493829,5099.0,5125.0,3.298534798534806,85.76190476190496,26.0,104,,131.408375559994,151.04766830146684,302.0953366029337,41.961993808822534,11.451785773046007,46.34296689518596,8.24886369281965
-31.135583333333333,117.03182580645164,5164.0,5194.0,3.2411290322579953,97.23387096773986,30.0,106,,129.5889712332176,171.87271118300006,343.7454223660001,37.542996538715265,10.521167252366398,39.846949587735686,6.158870822309565
-31.13504597701149,117.0333948275862,5194.0,5222.0,3.2719211822660204,91.61379310344857,28.0,108,,133.49163515841602,165.245527975747,330.491055951494,40.305007564396156,11.13775887576962,36.48802310130243,5.456678057078659
-31.134956,117.03440666666665,5222.0,5246.0,3.993846153846191,95.85230769230859,24.0,110,,135.6486157712676,143.92765149046983,287.85530298093965,45.15913682436613,5.100717072801374,17.871555520016507,5.900250106920626
-31.135742929292924,117.03387828282827,5246.0,5278.0,2.3723262032084405,75.9144385026701,32.0,112,,127.12512830059276,179.84526720205096,359.6905344041019,35.25224978566865,12.625974005705825,48.182457422343155,8.310457920379188
