lat,lon,t_start,t_end,climb_rate_ms,alt_gain_m,duration_s,circle_id,seg_id,avg_speed_kmh,turn_radius_m,circle_diameter_m,bank_angle_deg,bank_std_deg,bank_range_deg,bank_masd_deg
-32.941067241379315,117.10132298850576,374.0,402.0,1.0231527093595922,28.648275862068584,28.0,0,,99.98550731682667,123.76923787685205,247.5384757537041,32.428304357550594,8.239422221749573,34.85341768076715,8.594000620258825
-32.941444,117.09966,402.0,426.0,1.7030769230769431,40.873846153846635,24.0,2,,99.23037430295902,105.28669716783278,210.57339433566557,36.33820153425011,6.597096809564916,23.670205530983523,8.13603632391614
-32.94184038461538,117.09882371794873,426.0,451.0,0.6136752136752359,15.341880341880898,25.0,4,,102.33850255574917,113.10887882201419,226.21775764402838,36.06566905023351,6.932763461056278,28.801093828822744,9.630870840620949
-32.94156133333334,117.09821266666665,451.0,475.0,1.9600000000000104,47.04000000000025,24.0,6,,114.8755662675032,121.88676141302483,243.77352282604966,40.417007798556355,5.617211571768657,18.028237959844933,6.713139960163918
-32.94135277777778,117.09752222222222,475.0,498.0,2.540434782608698,58.43000000000006,23.0,8,,99.01328779930432,100.67901284886497,201.35802569772994,37.448627080421616,8.098179261926049,31.152900187684274,11.291091251443813
-32.94160434782609,117.0966768115942,498.0,520.0,1.443675889328032,31.7608695652167,22.0,10,,117.10159742213956,113.89459933922069,227.78919867844138,43.440618180501914,6.662148978753037,23.785746831288293,8.62319009016699
-32.9416304347826,117.09563478260871,520.0,542.0,2.0721343873517584,45.586956521738685,22.0,12,,110.34143641794519,107.31957520640921,214.63915041281842,41.74341219197554,6.349904249942895,25.641911884983017,7.435816743190054
-32.94170208333333,117.0947701388889,542.0,565.0,2.4830434782608655,57.10999999999991,23.0,14,,102.13098821688331,103.84916311229811,207.69832622459623,38.3094393587149,7.940922582340668,30.480109189346244,11.972034318947586
-32.941718055555555,117.0939076388889,565.0,588.0,2.0595652173912913,47.3699999999997,23.0,16,,101.11413783137,102.81520600104676,205.63041200209352,38.03089111060338,5.66705336845812,22.067357719652055,7.431323364149559
-32.94175555555555,117.09336458333333,588.0,611.0,2.5752173913043066,59.22999999999905,23.0,18,,102.36679526678942,104.08893720257448,208.17787440514897,38.37373083524677,7.583724104549316,27.937617975614952,8.741312832427809
-32.941870138888895,117.09242986111111,611.0,634.0,0.679130434782577,15.61999999999927,23.0,20,,109.67124307623925,111.516269545604,223.032539091208,40.30949221252253,5.140659795391153,19.416012641603533,6.0048613033324765
-32.942905333333336,117.09059133333332,634.0,658.0,2.9346153846153875,70.4307692307693,24.0,22,,118.86195700083587,126.11645334839562,252.23290669679125,41.384245187276385,7.1923651734357135,23.764423441796122,7.697343731681119
-32.94353650793651,117.08960555555556,658.0,678.0,3.746753246753233,74.93506493506466,20.0,24,,105.55733187274544,93.33317303966172,186.66634607932343,43.198174297368126,5.035650999061783,20.362605190362245,5.285486338806241
-32.943728030303035,117.08863333333333,678.0,699.0,3.308300395256868,69.47430830039423,21.0,26,,94.45894440612265,87.69604620861557,175.39209241723114,38.668957749666866,8.925508646609785,43.48570250879415,8.8812739672171
-32.943999999999996,117.08764305555557,699.0,722.0,2.5082608695651962,57.689999999999515,23.0,28,,91.06698068661254,92.59902304465463,185.19804608930926,35.1622398728001,6.981527129832667,27.660815309422897,8.323360076866553
-32.94417847222223,117.08639444444445,722.0,745.0,2.3599999999999826,54.279999999999596,23.0,30,,100.46904130071076,102.1592568517705,204.318513703541,37.853072331726395,5.386638118802781,15.60321780326299,6.73145661817586
-32.944420289855074,117.0849739130435,745.0,767.0,3.1689723320157897,69.71739130434737,22.0,32,,95.14583513787049,92.54012763599165,185.0802552719833,37.57616755568746,5.896327123210227,21.937613728871295,7.773501128766699
-32.944690151515154,117.08374166666667,767.0,788.0,2.6708074534160997,56.086956521738095,21.0,34,,101.62002644637117,94.3444222354031,188.6888444708062,40.726182021080305,5.209120406032117,19.73096345745609,5.917393501837613
-32.945154545454535,117.08260303030302,788.0,809.0,2.7289666854883965,57.308300395256325,21.0,36,,94.21110778391579,87.46595373817895,174.9319074763579,38.59554572651404,7.214176447173142,32.522902395013936,9.020566161626618
-32.94544015151516,117.08154393939391,809.0,830.0,2.9045736871823276,60.99604743082888,21.0,38,,98.55274460857214,91.49674601507645,182.9934920301529,39.8600195054315,7.367975635462791,23.09234983256644,11.101166215315214
-32.94585416666666,117.08049583333333,830.0,853.0,2.2313043478260846,51.31999999999994,23.0,40,,93.01427620375836,94.57907839630248,189.15815679260496,35.734974148254864,5.759318229244852,26.675541129150954,6.140177488604067
-32.946518115942034,117.07949202898553,853.0,875.0,1.690711462450552,37.195652173912144,22.0,42,,99.2912790932367,96.57204256092301,193.14408512184602,38.763256019887386,6.072621600483191,22.673850777619258,7.359597262993702
-32.94692083333333,117.07857916666666,875.0,898.0,1.959130434782591,45.0599999999996,23.0,44,,101.09900885313608,102.79982250426713,205.59964500853425,38.02673070544024,5.6530141418421875,22.84970254719344,7.5604960909115455
-32.94749807692308,117.07770769230768,898.0,923.0,1.7172649572650136,42.93162393162534,25.0,46,,92.72217549798535,102.48050392179576,204.96100784359152,33.41923312578905,8.115276167355283,30.849516798064478,11.807193763229227
-32.94810402298851,117.07706379310345,923.0,951.0,1.4527093596058596,40.675862068964065,28.0,48,,95.1148999506385,117.74005046871815,235.4801009374363,31.147272027295372,6.613678759360468,24.166784460406387,9.432624254764287
-32.948817741935486,117.07664623655914,951.0,981.0,0.7205645161290152,21.616935483870456,30.0,50,,91.78002157188693,121.72703425205493,243.45406850410987,28.559282372303326,7.9503807689271335,30.96570498668123,8.968820632323872
-32.87534666666667,117.180215,1419.0,1438.0,2.033834586466172,38.642857142857274,19.0,52,,104.49581057338455,87.77485303272816,175.54970606545632,44.37692740553799,15.015448515646241,59.657148707285074,16.209135437925173
-32.80691507936507,117.28483095238096,1866.0,1886.0,2.153246753246718,43.06493506493436,20.0,54,,99.65023377424197,88.11015158574193,176.22030317148386,41.55554410196329,7.473689179683461,31.550951292178173,10.340130178931277
-32.80700625,117.28488541666665,1886.0,1909.0,2.1817391304347784,50.1799999999999,23.0,56,,100.48159944197236,102.17202626175109,204.34405252350217,37.856542160135334,7.544965310950688,28.844410578455733,10.390845997666904
-32.80705416666667,117.28441666666666,1909.0,1936.0,1.2651888341543736,34.160098522168084,27.0,58,,103.34501518658774,123.35902508139323,246.71805016278645,34.25406636030129,7.278237650645883,36.135244830297474,6.698865900182391
-32.80795773809524,117.28374166666667,1936.0,1963.0,0.7457580733442926,20.1354679802959,27.0,60,,105.72564559579615,126.20069331114624,252.40138662229248,34.86363535179103,10.790518274501014,35.36043582617132,8.651749914576705
-32.77778148148148,117.3237712962963,2146.0,2163.0,3.5376676986583493,60.140350877191935,17.0,62,,109.35813565958972,82.18974821615059,164.37949643230118,48.854514664932324,9.308512418437747,33.72262801072456,11.195484619322606
-32.77786851851852,117.32303240740741,2163.0,2180.0,2.3694530443756023,40.28070175438524,17.0,64,,100.20191413253251,75.30825250134926,150.61650500269852,46.360689570281046,6.2698302300342315,18.994695584908996,7.0595787661027725
-32.777946666666665,117.32223166666668,2180.0,2199.0,1.5060150375939554,28.614285714285153,19.0,66,,95.23273812613922,79.99401647835282,159.98803295670564,41.724847008968744,7.190751028096579,26.63585796005044,9.255058197748001
-32.77801228070175,117.32161842105265,2199.0,2217.0,2.1473684210525468,38.652631578945844,18.0,68,,99.60013676408678,79.25927049316613,158.51854098633225,44.55118405689164,5.08558749644128,15.358852231595428,7.394670860911303
-32.77782543859649,117.32091666666668,2217.0,2235.0,1.3614035087718355,24.50526315789304,18.0,70,,105.63504543297302,84.061698221973,168.123396443946,46.236041350105936,12.707269281908555,53.04158386780743,16.7502539528669
-32.777609166666664,117.32025916666666,2235.0,2254.0,1.7383458646616385,33.028571428571134,19.0,72,,108.46496739462926,91.10888293054822,182.21776586109644,45.444861155855996,6.220584324640852,22.1182890115979,5.505995435110778
-32.77739,117.31970583333332,2254.0,2273.0,2.2218045112781595,42.21428571428503,19.0,74,,105.67261428774074,88.7633498203907,177.5266996407814,44.697705584859236,5.622104181151592,21.12443956091115,6.064436859571675
-32.77723245614035,117.31903070175437,2273.0,2291.0,2.4105263157893924,43.389473684209065,18.0,76,,101.17579693180711,80.51314101479461,161.02628202958923,45.00082382652973,10.824126023272795,45.472000738566834,15.487322387008282
-32.77696439393939,117.31837424242426,2291.0,2312.0,1.7628458498023232,37.01976284584879,21.0,78,,97.48488440590404,90.50534050799297,181.01068101598594,39.55322794981605,14.2742842345501,62.19300658392305,16.370646729983
-32.77670579710146,117.31804202898553,2312.0,2334.0,1.6363636363635996,35.99999999999919,22.0,80,,102.35705513844731,99.5538578565274,199.1077157130548,39.616534523511525,10.706445096497076,55.40201598570988,11.635607032453041
-32.77654057971015,117.3177652173913,2334.0,2356.0,2.0088932806323814,44.19565217391239,22.0,82,,102.12752557118637,99.33061429132265,198.6612285826453,39.553366728508514,7.483607533851465,31.841075049126587,7.932954388880527
-32.6807420289855,117.44745869565219,2884.0,2906.0,5.30731225296445,116.7608695652179,22.0,84,,94.69447897171676,92.10113251692383,184.20226503384765,37.444572424530016,5.319074851484769,21.356858870605134,7.502852422538477
-32.680730952380955,117.44705396825397,2906.0,2926.0,4.558441558441479,91.16883116882958,20.0,86,,100.99474420471444,89.29895981378806,178.59791962757612,41.937008989204564,6.287275770210841,18.000126352980278,9.30376751273291
-32.68079999999999,117.44667583333334,2926.0,2945.0,3.581954887217986,68.05714285714173,19.0,88,,101.86816280403777,85.56766984030517,171.13533968061034,43.64778982496821,4.35242003453104,14.483487433387218,5.067232884935269
-32.68090238095239,117.44625793650792,2945.0,2965.0,3.633766233766206,72.67532467532412,20.0,90,,106.43263489036714,94.10711082831587,188.21422165663174,43.4343397929648,5.012324063796008,22.018666409810074,5.919853508932479
-32.681016666666665,117.44597608695652,2965.0,2987.0,4.165019762845817,91.63043478260796,22.0,92,,106.13444888704498,103.22780216654473,206.45560433308947,40.63968388621967,7.7680936470169835,32.74045499204804,8.703098453059052
-32.68094090909091,117.44548484848487,2987.0,3008.0,3.848108413325716,80.81027667984004,21.0,94,,102.79234619236142,95.43280838307815,190.8656167661563,41.05140136288887,5.357117007055103,18.65185740101884,6.680655077363726
-32.68102435897436,117.44501987179487,3008.0,3033.0,2.691965811965863,67.29914529914657,25.0,96,,102.69128886838377,113.49879330472918,226.99758660945835,36.159549439621166,6.243807493705013,27.278658383743014,7.620282219168229
-32.68106866666667,117.4443,3033.0,3057.0,3.7746153846153896,90.59076923076935,24.0,98,,106.6824617529932,113.19360752800623,226.38721505601245,38.338454936852514,7.629501821401861,28.730550295032483,8.763232462401447
-32.6812987654321,117.44396296296297,3057.0,3083.0,1.8986568986569192,49.3650793650799,26.0,100,,105.32833648037688,121.06990565582169,242.13981131164337,35.78190172232312,7.825808476555056,36.62719711842501,9.026548242866856
-32.59510144927537,117.61871666666666,3677.0,3699.0,2.466403162055289,54.26086956521635,22.0,102,,100.02172329885228,97.28248248633528,194.56496497267057,38.96843936804825,4.1481912912504315,17.87671754852898,4.994066322355136
-32.595636666666664,117.61830583333332,3699.0,3718.0,2.6368421052630997,50.09999999999889,19.0,104,,104.25037046801899,87.568687167718,175.137374335436,44.30957771707747,5.928962604327181,24.99645690720502,7.105794425327897
-32.596374637681166,117.61853768115941,3718.0,3740.0,1.4871541501975878,32.71739130434693,22.0,106,,109.56188910066913,106.561376929685,213.12275385937,41.54169411753686,8.692787908716166,36.9757516202521,9.55165967969691
-32.562752777777774,117.65849791666665,3915.0,3938.0,3.668695652173885,84.37999999999936,23.0,108,,102.11985431551824,103.8378419025544,207.6756838051088,38.306400940681456,7.574959304844672,30.406327813289252,7.465594857842854
-32.49416893939394,117.73843181818182,4264.0,4285.0,3.133822699040041,65.81027667984085,21.0,110,,101.74374738999236,94.45928523389405,188.9185704677881,40.7606551437299,8.58733638542826,35.50060910006995,9.126742279067875
-32.49338066666667,117.73815266666666,4285.0,4309.0,1.5123076923076948,36.29538461538468,24.0,112,,97.27904721700263,103.2162748257057,206.4325496514114,35.796683417457004,6.256445143568162,26.817369581371498,7.488977160016612
-32.49279791666667,117.73774374999999,4309.0,4332.0,1.6739130434782754,38.500000000000334,23.0,114,,96.3613075246883,97.98241765364028,195.96483530728057,36.7004554280964,8.299282419360784,36.48623501657619,10.802856358884172
-32.492323333333324,117.7359411111111,4332.0,4361.0,0.32658509454947693,9.470967741934832,29.0,116,,109.20902072726793,140.01486358059122,280.02972716118245,33.82172359947127,15.613356140555204,57.24924481871763,10.466083199520705
-32.53825869565218,117.81002826086957,4751.0,4773.0,2.7391304347826195,60.26086956521763,22.0,118,,90.94030384487591,88.44977095283325,176.8995419056665,36.33192547653651,7.198545058441776,29.74330170135755,9.112529580810198
-32.536539784946235,117.80594569892473,4863.0,4893.0,0.8866935483870931,26.600806451612794,30.0,120,,101.46396692647757,134.57076568384574,269.14153136769147,31.03642592630417,10.264655004072006,45.63206507083882,11.952672821782055
-32.53766666666666,117.80540591397852,4893.0,4923.0,1.9907258064516198,59.72177419354859,30.0,122,,103.3625531360701,137.08884385170205,274.1776877034041,31.507701079158128,9.952860025004634,40.72164586775763,9.741248013142592
-32.53868409090909,117.80508787878789,4923.0,4944.0,2.2586109542630832,47.43083003952475,21.0,124,,109.08796843573323,101.27768821566431,202.55537643132863,42.744111144126045,21.79298689223699,83.21639567687473,29.497874900044103
-32.5387782051282,117.80428012820514,4944.0,4969.0,1.8061538461538666,45.153846153846665,25.0,126,,99.31563846794651,109.76788047570332,219.53576095140664,35.252013759981324,7.656223369123756,32.36619539163155,11.106236711787647
-32.53872345679013,117.80346975308642,4969.0,4995.0,1.6391941391941387,42.619047619047606,26.0,128,,97.6383391605237,112.23062003602459,224.46124007204918,33.74773349376725,9.772872654890676,43.31086820271252,12.441451208524027
-32.67591136363635,118.13673257575759,6339.0,6360.0,2.783173348390699,58.44664031620468,21.0,130,,98.9369360547544,91.85343082697204,183.7068616539441,39.96972998591771,8.548858546840158,30.406734320129626,9.972034296987385
-32.67569420289855,118.13601521739129,6360.0,6382.0,2.71541501976284,59.73913043478248,22.0,132,,100.23501195572503,97.4899299221764,194.9798598443528,39.02812945392679,8.329698955603417,36.68224774592849,9.171302972820548
-32.67559206349206,118.13555000000001,6382.0,6402.0,2.063636363636314,41.272727272726286,20.0,134,,100.77423752281797,89.10398910040688,178.20797820081376,41.87475716430639,13.344901806860676,51.52438211496535,18.844341787539012
-32.67564930555556,118.13479652777778,6402.0,6425.0,2.2273913043477798,51.22999999999894,23.0,136,,103.93206573563566,105.68054060397196,211.36108120794393,38.79760883849323,13.098763307690303,64.29905853672433,16.198985484205597
-32.675666666666665,118.13402916666666,6425.0,6448.0,1.238695652173884,28.489999999999334,23.0,138,,109.47043206387124,111.31208023986787,222.62416047973574,40.2576989994698,14.444526403890364,66.70056979278597,18.710069152792503
-32.666436363636365,118.10058181818181,6556.0,6577.0,2.2958780350083847,48.21343873517608,21.0,140,,96.88714828221362,89.95039999861844,179.90079999723687,39.38030709913323,7.373470537903559,33.6971447031503,8.410785957502629
-32.667436111111115,118.0998388888889,6577.0,6600.0,2.9443478260869287,67.71999999999936,23.0,142,,98.69383480095863,100.3541856136534,200.7083712273068,37.35928450100105,10.614640578576322,41.88124036253342,11.119228621539754
-32.668396666666666,118.09872733333331,6600.0,6624.0,2.5446153846153847,61.07076923076923,24.0,144,,105.25365886275334,111.6776005767685,223.355201153537,37.963170250843746,6.924144978665385,36.02283364822313,6.938259635212634
-32.66891515151515,118.09790151515149,6624.0,6645.0,2.912478825522205,61.1620553359663,21.0,146,,104.14564026988542,96.68921179413194,193.37842358826387,41.42286857162935,21.61273211700399,107.27834732648833,21.115385758146438
-32.669333333333334,118.09748333333333,6645.0,6665.0,3.0246753246753233,60.493506493506466,20.0,148,,99.85307390394497,88.28950163740657,176.57900327481315,41.613384663410024,11.321128729116465,53.21931340244629,12.062161330442898
-32.66951136363636,118.09675606060605,6665.0,6686.0,3.2811970638057155,68.90513833992003,21.0,150,,102.12079866702821,94.80934108537369,189.61868217074738,40.865495061891025,9.191320109614452,46.30831087794931,10.38108052740325
-32.66965733333334,118.09614533333334,6686.0,6710.0,2.383846153846129,57.21230769230709,24.0,152,,104.14943311522387,110.50598067004411,221.01196134008822,37.67048446374927,8.011131653752098,34.390472295093886,10.822608966273952
-32.81301363636363,117.54147272727272,8181.0,8202.0,4.2653867871258955,89.57312252964381,21.0,154,,101.73782028680047,94.45378248856201,188.90756497712403,40.75900445362392,6.763777553295726,25.209913803121903,8.684462741501187
-32.81254318181818,117.54102121212122,8202.0,8223.0,3.800112930547649,79.80237154150063,21.0,156,,99.02017558449852,91.93071072558534,183.86142145117068,39.993453734597814,9.394781333215748,31.265185716097175,12.14206174312244
-32.81209649122807,117.54077368421052,8223.0,8241.0,4.271929824561339,76.89473684210411,18.0,158,,105.58667597152832,84.02320702755492,168.04641405510984,46.22293278283364,9.467556000657787,40.40548163168644,12.40193772359034
