lat,lon,t_start,t_end,climb_rate_ms,alt_gain_m,duration_s,circle_id,seg_id,avg_speed_kmh,turn_radius_m,circle_diameter_m,bank_angle_deg,bank_std_deg,bank_range_deg,bank_masd_deg
-32.13340862068965,116.96424195402297,272.0,300.0,2.546305418719211,71.29655172413791,28.0,0,,111.43000848117231,137.9360628998364,275.8721257996728,35.2996905164645,12.699273797128312,48.9521412263004,8.773119939923975
-32.133795679012344,116.96230061728394,300.0,326.0,1.9523809523809617,50.761904761905,26.0,2,,108.79954460375174,125.05989404880282,250.11978809760564,36.66751841422285,5.179886214523169,19.22781686736035,7.10058814172595
-32.134007526881724,116.96052311827957,326.0,356.0,1.4161290322580748,42.48387096774225,30.0,4,,111.02507904852774,147.25158448118012,294.50316896236023,33.36202050015035,10.636752661157695,39.3834171639529,7.27664146655651
-32.134638271604935,116.9596975308642,356.0,382.0,2.192918192918192,57.015873015872984,26.0,6,,110.82831540652529,127.3918694496945,254.783738899389,37.17588078524436,7.392408564835118,30.686703337673663,6.88729132075402
-32.13532202380953,116.95834523809523,382.0,409.0,2.7484948002189524,74.20935960591171,27.0,8,,107.66133508748406,128.511252442845,257.02250488569,35.35270966820466,6.177561253727282,24.654594630261304,7.865046662718024
-32.13606822916667,116.95627604166667,409.0,440.0,1.966275659824078,60.95454545454642,31.0,10,,109.90027005143025,150.61841888899963,301.23683777799926,32.24097517461448,5.950274269490191,21.501866781918693,8.917103216270183
-32.137015000000005,116.95422111111112,440.0,469.0,1.4640711902113457,42.45806451612903,29.0,12,,112.15295322167553,143.78922492775814,287.5784498555163,34.52998237955838,4.353329727258372,21.208376070509598,5.691517840524092
-32.13796212121213,116.95198737373738,469.0,501.0,1.007687165775364,32.24598930481165,32.0,14,,108.19712698836436,153.0676230092418,306.1352460184836,31.029150889907413,6.012913312708444,27.90555888932971,7.19498346207535
-32.0930625,117.01490520833333,912.0,943.0,1.4923020527859518,46.26136363636451,31.0,16,,110.52113071414831,151.4693089853134,302.9386179706268,32.3867935811433,6.218782260473804,24.199363574157424,7.896267127434007
-32.093045402298856,117.0139327586207,943.0,971.0,1.924137931034483,53.875862068965525,28.0,18,,109.81573154962594,135.93779504181,271.87559008362,34.90633955866561,6.244301326903128,23.082136654984595,5.943935511591819
-32.09281264367816,117.01280919540231,971.0,999.0,2.243349753694596,62.81379310344869,28.0,20,,105.83757419078908,131.01334631248335,262.0266926249667,33.920704557888634,8.854704572310819,35.47583561003296,7.754144756756625
-32.09238086419753,117.01101543209876,999.0,1025.0,4.1227106227106445,107.19047619047676,26.0,22,,108.94172918273141,125.22332844962989,250.44665689925978,36.70336768021503,4.14516012387015,13.231622272299497,5.905399667430072
-32.092516025641025,117.00979166666669,1025.0,1050.0,4.418461538461544,110.46153846153861,25.0,24,,109.30275967582332,120.8060728888387,241.6121457776774,37.87779348863255,4.541052141518482,16.311722794779214,6.459682337953335
-32.09278511904762,117.00828928571427,1050.0,1077.0,4.373563218390821,118.08620689655217,27.0,26,,108.42196126606795,129.41918306409545,258.8383661281909,35.543287036674066,4.368914735468066,16.294001817916854,4.854952187296859
-32.09317345679012,117.00680123456789,1077.0,1103.0,3.6770451770452115,95.6031746031755,26.0,28,,106.39084725439575,122.29121117974141,244.58242235948282,36.05511410971006,4.878629496488678,19.865451976014683,6.811471885088228
-32.09365689655173,117.0054316091954,1103.0,1131.0,3.618226600985223,101.31034482758623,28.0,30,,107.66698175500282,133.27791830961695,266.5558366192339,34.37684737859521,5.910072680501597,21.861256898005216,8.025001578094244
-32.09430476190476,117.00402738095238,1131.0,1158.0,3.3560481663930406,90.6133004926121,27.0,32,,107.53665796056231,128.3624300850443,256.7248601700886,35.32138526389393,6.335523499913936,23.256788268329046,8.330960517256795
-32.095217741935485,117.00270483870968,1158.0,1188.0,2.465322580645165,73.95967741935495,30.0,34,,106.91270689598504,141.79738151525822,283.59476303051645,32.376318557656354,5.619202038066028,26.652821807308165,6.4702627270122495
-32.096001515151514,117.00179747474746,1221.0,1253.0,0.12098930481278768,3.8716577540092056,32.0,36,,114.18210661771548,161.53463716315764,323.0692743263153,32.408545226963184,7.75178578968048,29.200879851405134,7.049311238222149
-31.905372580645157,116.88420161290321,1993.0,2023.0,2.3568548387096793,70.70564516129038,30.0,38,,113.67997529880823,150.77274999474912,301.54549998949824,33.98676834789788,9.020987073841392,38.980266627282774,11.618039124386522
-31.691366111111112,116.77713666666666,2726.0,2755.0,3.3630700778642852,97.52903225806428,29.0,40,,116.84490421541567,149.80468843013634,299.6093768602727,35.63433737554839,5.101063972683634,21.094338200982264,5.877013826458547
-31.690641666666668,116.7755390625,2755.0,2786.0,3.061400293255194,94.90340909091101,31.0,42,,115.2853358195321,157.99865636453276,315.9973127290655,33.49015358374979,5.924813347128932,23.008009041725824,7.6236023897656775
-31.690097849462372,116.77414516129032,2786.0,2816.0,3.2290322580645223,96.87096774193567,30.0,44,,116.37587488048244,154.34829786560596,308.6965957312119,34.611902820736326,4.72113674378705,18.73654530635806,6.625059955726482
-31.689937878787884,116.77275858585858,2816.0,2848.0,3.1781417112299337,101.70053475935788,32.0,46,,117.66843948786492,166.46678924802907,332.93357849605815,33.19318519927912,6.529803025570234,27.133864278414073,8.945389363231007
-31.689609375,116.77127812500001,2848.0,2879.0,3.2151759530792594,99.67045454545705,31.0,48,,115.2624180850191,157.96724758878315,315.9344951775663,33.48491179843766,6.036953822122962,24.25173178898686,6.604965400114569
-31.688956565656568,116.77050353535354,2879.0,2911.0,2.2847593582887256,73.11229946523922,32.0,50,,114.64013567435586,162.1826157271046,324.3652314542092,32.51242082133896,7.774038586498921,27.598354607004623,8.928875914225086
-31.598580864197533,116.75025925925927,3401.0,3427.0,3.0561660561660853,79.46031746031822,26.0,52,,109.73881944130491,126.13954573388034,252.27909146776068,36.90372141685626,4.697567736081786,21.189516955965573,5.682269356892102
-31.598293888888882,116.74857666666668,3427.0,3456.0,2.8380422691879663,82.30322580645102,29.0,54,,113.40419764655935,145.393422239385,290.78684447877,34.82741739984746,9.669974686112546,46.353044502409304,7.8056019693885474
-31.59786666666667,116.74592888888886,3456.0,3485.0,2.949276974416016,85.52903225806446,29.0,56,,114.034116810002,146.2010299365228,292.4020598730456,34.97634865996526,7.323161371358547,33.91778982541214,8.073066934014337
-31.504897311827957,116.96901290322582,4177.0,4207.0,2.5157258064516324,75.47177419354897,30.0,58,,112.92977962489057,149.77777207983118,299.55554415966236,33.811152735552206,5.654971841698444,20.530341256437872,6.6191193351650375
-31.5052421875,116.96776197916665,4207.0,4238.0,2.535923753665725,78.61363636363747,31.0,60,,113.20080696669359,155.14180769804534,310.2836153960907,33.01077724089124,5.280416944793479,19.312666857766846,6.915649446616
-31.47196785714286,117.20361011904764,5280.0,5307.0,2.5301039956212446,68.31280788177361,27.0,62,,108.14806166025413,129.092239492774,258.184478985548,35.47476457511696,6.851628187110548,30.601700172562474,6.774571445910177
-31.47222901234568,117.20206234567901,5307.0,5333.0,3.76434676434678,97.87301587301627,26.0,64,,109.06401639596682,125.36389177630961,250.72778355261923,36.73417346017426,6.771368446793637,26.483192497836455,10.63208015695764
-31.472966666666665,117.2004085858586,5333.0,5365.0,2.2637032085561235,72.43850267379595,32.0,66,,106.64889544329014,150.87732342302525,301.7546468460505,30.66562862002785,7.799338026151353,34.58180145485281,7.822030092200943
-31.473413978494623,117.19845,5365.0,5395.0,2.1774193548387215,65.32258064516165,30.0,68,,116.039850309,153.9026314360079,307.8052628720158,34.5344915211599,8.965306098015144,40.52648557673293,8.139114267133516
-31.474222988505744,117.19624712643679,5395.0,5423.0,2.631527093596051,73.68275862068943,28.0,70,,112.15032913261508,138.8277275065231,277.6554550130462,35.4739880105738,6.920186662180837,32.87395542245603,6.473214943578381
-31.474378888888893,117.1949511111111,5423.0,5452.0,3.128587319243596,90.72903225806428,29.0,72,,113.01179864792974,144.89033474810995,289.7806694962199,34.734369612658305,4.1518445435849225,17.472631769465394,5.3178095322214896
-31.47498494623656,117.19349731182795,5452.0,5482.0,2.2423387096774294,67.27016129032289,30.0,74,,115.84267631734963,153.64112130750527,307.28224261501055,34.48900064178015,4.876404857405368,20.98021685489132,5.578077850375262
-31.47546011904762,117.18952976190477,5516.0,5543.0,2.3839627805145147,64.3669950738919,27.0,76,,117.21813301065671,139.91883966486967,279.83767932973933,37.68231466875458,6.625785934782222,26.190709072120153,8.510909065754744
-31.675937222222213,117.17164388888888,6093.0,6122.0,3.605116796440494,104.54838709677433,29.0,78,,111.94892686100583,143.52764650808388,287.05529301616775,34.481280248414336,5.540632171996335,24.113253241427586,7.6741441233805165
-31.676827956989246,117.17023548387097,6122.0,6152.0,3.6834677419354973,110.50403225806492,30.0,80,,110.44746280575686,146.48549714578715,292.9709942915743,33.22489248304606,5.793617393360469,23.409851135052925,8.036892203036457
-31.677853333333335,117.16896833333332,6152.0,6181.0,4.003781979977734,116.10967741935427,29.0,82,,110.82656089195204,142.0886818786233,284.1773637572466,34.21234700840302,5.569937239406877,24.22947929814746,7.808161490057584
-31.678419540229886,117.16774080459773,6181.0,6209.0,3.9733990147783147,111.2551724137928,28.0,84,,110.83971222543765,137.20535182325676,274.4107036465135,35.15629318463318,3.8157554509899883,17.347204721374602,4.889898765945085
-31.679019540229884,117.16656149425287,6209.0,6237.0,3.9128078817733796,109.55862068965463,28.0,86,,110.04960041996468,136.2272947165301,272.4545894330602,34.96356168501387,5.408173873588769,18.755139609289866,7.658476899665043
-31.679721666666673,117.16547888888888,6237.0,6266.0,3.70611790878752,107.47741935483808,29.0,88,,109.09648833528777,139.87058788425614,279.7411757685123,33.794414055981726,5.081797083165602,17.720990000351676,7.913748120300392
-31.680642777777777,117.16448666666666,6266.0,6295.0,3.6642936596218165,106.26451612903269,29.0,90,,110.37853438038935,141.51427538290355,283.0285507658071,34.104511946343564,5.1142108988783965,18.30184018910618,7.416141726464347
-31.681622727272725,117.16333131313131,6295.0,6327.0,3.059491978609593,97.90374331550697,32.0,92,,111.03819266128764,157.08690874697018,314.17381749394036,31.68906735347122,6.261390375061016,24.347565964615068,9.20891986487378
-32.11016481481482,117.08837716049382,7615.0,7641.0,3.2069597069596867,83.38095238095185,26.0,94,,106.81578738879969,122.77965962296962,245.55931924593924,36.16385478814206,12.139943819145492,43.38168532008922,7.061062239809003
-32.110527272727275,117.08745833333333,7641.0,7662.0,3.714850367024264,78.01185770750955,21.0,96,,112.19109840331143,104.15864597714486,208.31729195428971,43.54594683369859,5.738479590616991,18.124030446258573,8.381765024141798
-32.110602564102564,117.08627948717948,7662.0,7687.0,3.7753846153846435,94.38461538461608,25.0,98,,107.72913756252926,119.06683859793964,238.13367719587927,37.475858075924336,4.855613893641279,21.974627497015753,5.743008894234779
-32.11082797619047,117.08486666666668,7687.0,7714.0,3.3555008210180683,90.59852216748784,27.0,100,,104.52634500216246,124.76913367817238,249.53826735634476,34.557666823002684,6.72062725723872,27.72255833736822,8.205757982824403
-32.1111632183908,117.08349137931036,7714.0,7742.0,2.8610837438423427,80.11034482758559,28.0,102,,103.89403500698278,128.60749400429566,257.2149880085913,33.4306951550355,5.929469839745904,25.906021498391453,8.090296474360152
-32.11131041666667,117.08216666666667,7742.0,7773.0,2.6279325513196947,81.46590909091054,31.0,104,,108.10622333636327,148.15967625342705,296.3193525068541,31.81697594384561,8.71826959337699,33.88596724343836,9.41990799057543
-32.111583333333336,117.08004285714287,7773.0,7800.0,2.94526546250683,79.52216748768441,27.0,106,,107.54072839786019,128.3672888116681,256.7345776233362,35.322408321129906,6.863076312549859,28.997091852135526,9.167541434324399
-32.1120505376344,117.0783435483871,7800.0,7830.0,2.2733870967741963,68.2016129032259,30.0,108,,106.82137590633981,141.6762500280956,283.3525000561912,32.35417821663091,8.946725404505187,45.264990384061846,9.622441676868604
-32.11281309523809,117.07649166666668,7830.0,7857.0,3.11165845648603,84.01477832512282,27.0,110,,108.64481446959032,129.68519448102882,259.37038896205763,35.598952782988206,5.59778532193528,25.228844014907505,5.521387619489181
-32.11301451612903,117.07521505376343,7857.0,7887.0,2.8274193548386894,84.82258064516068,30.0,112,,111.38789582037677,147.73278517015027,295.46557034030053,33.44793408233593,6.464507820681611,25.805734767624756,8.608030382399098
-32.1132234375,117.07407968749999,7887.0,7918.0,2.685667155425268,83.2556818181833,31.0,114,,111.28506490727176,152.51628148364895,305.0325629672979,32.56557104513202,5.11028978544429,26.0827846758551,6.424847786264913
-32.11356555555555,117.07261055555558,7918.0,7947.0,3.2391546162402722,93.9354838709679,29.0,116,,112.36506661103363,144.0611715771907,288.1223431543814,34.58055459771372,5.117708278198655,23.32276896151102,6.846775818613255
-32.113897916666666,117.0709578125,7947.0,7978.0,3.0661656891495896,95.05113636363728,31.0,118,,111.5533133292172,152.88391618703943,305.76783237407886,32.628178696970025,7.176012076769168,30.12598018927237,9.289044329554997
