lat,lon,t_start,t_end,climb_rate_ms,alt_gain_m,duration_s,circle_id,seg_id,avg_speed_kmh,turn_radius_m,circle_diameter_m,bank_angle_deg,bank_std_deg,bank_range_deg,bank_masd_deg
-32.125364814814816,116.97290555555554,308.0,340.0,0.5124999999999904,16.399999999999693,32.0,0,,120.78220524771105,170.8718666907829,341.7437333815658,33.882295967776855,8.602308910489919,23.30003227032169,5.542533718881667
-32.123425,116.97315833333334,340.0,368.0,0.2797619047619138,7.833333333333587,28.0,2,,124.35067273289518,153.9301885507776,307.8603771015552,38.313316115287236,5.390657708741288,16.946733879046295,4.945678668556838
-32.12103888888889,116.97137777777779,368.0,400.0,1.7041666666666497,54.53333333333279,32.0,4,,122.12686831454488,172.77417579193587,345.54835158387175,34.17649410383463,7.048050362456936,19.773628804345726,5.7371724158995745
-32.11926875,116.97032291666667,400.0,428.0,1.696428571428571,47.499999999999986,28.0,6,,119.87165018927323,148.3857329438195,296.771465887639,37.29543441395166,5.121078792634386,12.46216965484767,5.30396593092567
-32.116448148148145,116.96876666666668,461.0,493.0,1.058333333333323,33.86666666666633,32.0,8,,121.47032128143819,171.845351741347,343.690703482694,34.033103390895434,6.925494819206209,19.506765915845584,5.807797118219052
-32.110145833333334,116.96184791666667,607.0,636.0,0.7914067914067485,22.950796950795706,29.0,10,,116.24310827441063,149.03313699581298,298.06627399162596,35.49436023555155,4.6432323028404285,13.507302889322201,5.259050031607337
-32.10877407407407,116.9613425925926,636.0,668.0,-0.03333333333334203,-1.0666666666669449,32.0,12,,117.45659919399147,166.16709653766463,332.33419307532927,33.14590298754826,7.306314842877617,21.555471326317896,6.711133214633085
-32.10695714285714,116.9724238095238,806.0,831.0,1.9030939871570496,47.57734967892624,25.0,14,,121.56513937962825,134.35897805502123,268.71795611004245,40.86380669109264,4.7508777290350706,12.689719660374621,4.188076157865224
-32.10567708333333,116.97177083333334,831.0,859.0,2.154761904761901,60.33333333333323,28.0,16,,115.21841391313889,142.62562307376493,285.25124614752986,36.20797226294569,7.947547926303879,23.189512938180172,7.041836106532915
-32.10438958333334,116.97131250000001,859.0,888.0,1.5650406504065177,45.38617886178901,29.0,18,,114.13917671414966,146.3357252945533,292.6714505891066,35.0011353476873,7.706185094343396,22.30686750637213,7.013304958925343
-32.10283703703704,116.97084074074074,888.0,920.0,1.854166666666665,59.33333333333328,32.0,20,,117.30189241188634,165.94823121231468,331.89646242462936,33.11134059765656,11.68887698296006,30.426529572703775,7.83869765424888
-32.09840416666667,116.98501041666667,1152.0,1181.0,1.4073479579097796,40.81309077938361,29.0,22,,119.9720399775343,153.81393129501356,307.6278625900271,36.35386133729919,4.874257024944448,13.18825967153646,3.2432570510550485
-32.097633333333334,116.98400370370369,1181.0,1213.0,1.1666666666666448,37.33333333333263,32.0,24,,120.76232073025761,170.84373585306102,341.68747170612204,33.877930129724625,4.122867807455304,12.667082155724522,3.3348432800746406
-32.12586481481482,116.96212777777777,1624.0,1656.0,1.7749999999999775,56.79999999999928,32.0,26,,117.80518442337286,166.66024375850793,333.32048751701586,33.22367923315978,5.793118514204518,19.79309273502602,4.162870965997566
-32.10408611111111,116.96265833333332,2758.0,2779.0,4.815957446808466,101.13510638297778,21.0,28,,116.12908597374764,107.81468873854948,215.62937747709896,44.533658510207225,4.653536124147103,11.45065882250205,6.363235534533672
-32.10235416666667,116.96213333333333,2779.0,2807.0,3.693452380952403,103.41666666666728,28.0,30,,118.96838189013913,147.26760260691083,294.53520521382165,37.086747554075174,3.9069302410914317,11.231678721769136,3.6622821067303875
-32.100385714285714,116.96164761904762,2807.0,2832.0,3.481903093987136,87.04757734967839,25.0,32,,117.66945169717711,130.05329783693574,260.1065956738715,39.942749392971514,5.152500111663704,13.519949403980966,4.970054928647056
-32.09862857142857,116.96116904761905,2832.0,2856.0,2.9285714285714697,70.28571428571527,24.0,34,,116.43096398447769,123.53708964722709,247.07417929445418,40.79777018560787,5.02369445096752,11.94491314936699,4.67436421744714
-32.0972125,116.96060624999998,2856.0,2884.0,2.3273809523809517,65.16666666666664,28.0,36,,118.2963554216055,146.43572000636635,292.8714400127327,36.93073628618063,1.491340320572948,4.621450511752485,1.3398768318790033
-32.095729166666665,116.95983541666666,2884.0,2913.0,1.3581237738541272,39.38558944176969,29.0,38,,115.73859294094163,148.38630722736013,296.77261445472027,35.37663333478763,4.409417260046287,13.351641525547354,5.792242980472664
-31.908549999999998,117.08250370370371,3662.0,3694.0,2.0708333333333164,66.26666666666613,32.0,40,,124.68184005432518,176.38872140834596,352.7774428166919,34.729887129912896,4.640671111001398,13.916945918573479,4.523897461264923
-31.905733333333337,117.08128148148148,3694.0,3726.0,2.437499999999991,77.99999999999972,32.0,42,,125.81833121980262,177.99652751293266,355.9930550258653,34.973692590321804,7.897952696176996,22.263052849265687,4.630489552964562
-31.903723809523807,117.08037857142858,3726.0,3754.0,2.6537717601547364,74.30560928433262,28.0,44,,119.40505885396712,147.80815269723652,295.61630539447304,37.18777938032171,3.7590021376770046,11.529615708410255,3.678355094687743
-31.90244722222222,117.07985833333332,3754.0,3774.0,3.071428571428527,61.42857142857054,20.0,46,,128.28673092917364,113.43037422487734,226.86074844975468,48.77276060925053,3.3777514866420666,7.565411292718231,4.808136369882623
-31.90113095238095,117.07944047619048,3774.0,3798.0,1.9196428571428832,46.071428571429195,24.0,48,,126.1563039607507,133.85599585038088,267.71199170076176,43.08227628789976,3.6439835686403983,8.300243003916805,4.873968637008252
-31.899638095238092,117.07877619047619,3798.0,3822.0,2.714285714285713,65.14285714285711,24.0,50,,124.54090696657832,132.14200640585872,264.28401281171745,42.71407484915522,4.701761646614734,11.429799853861496,4.721247536154337
-31.897952083333333,117.07834791666667,3822.0,3850.0,1.2559523809524056,35.16666666666735,28.0,52,,125.28925221014956,155.09202959858592,310.18405919717185,38.52307306994988,6.201188389181765,16.293523849389807,6.371111191595116
-31.6380625,117.23162500000001,4629.0,4657.0,1.5476190476190603,43.33333333333369,28.0,54,,112.39187855924327,139.12673472512557,278.25346945025115,35.53226768534387,4.855244475628816,12.245311126727714,3.908472960034944
-31.63647962962963,117.23175185185184,4657.0,4689.0,1.0541666666666551,33.733333333332965,32.0,56,,113.13825281726852,160.057886121323,320.115772242646,32.17091578916419,4.682779567414716,12.082847700686916,4.689932399284836
-31.63461851851852,117.23203703703705,4689.0,4721.0,1.0249999999999808,32.799999999999386,32.0,58,,120.4238078510946,170.36483809289155,340.7296761857831,33.803537797742315,5.151966170436318,14.938748240550563,2.777376059346181
-31.63242407407407,117.23113888888889,4721.0,4753.0,0.9791666666666674,31.333333333333357,32.0,60,,118.21615127939823,167.24164292813794,334.48328585627587,33.31519673292189,3.199994656031316,9.988182038143869,3.4057380652900044
-31.631429166666663,117.23111666666668,4753.0,4781.0,1.5208333333333375,42.58333333333345,28.0,62,,119.24057373280405,147.60454120758408,295.20908241516815,37.14975493292613,6.022626845154163,15.666435619040247,6.458958955099185
-31.629939583333332,117.23084166666666,4781.0,4809.0,1.500000000000009,42.000000000000256,28.0,64,,121.21557751700807,150.0493426566606,300.0986853133212,37.603799152349474,3.6718450813765484,9.53879633024005,4.278650374090462
-31.627905555555554,117.2309574074074,4809.0,4841.0,1.0874999999999813,34.7999999999994,32.0,66,,119.68088923178475,169.31382324330784,338.6276464866157,33.63981805154828,4.686581770262322,11.882881669040039,3.694032228970739
-31.625809259259256,117.23112592592594,4841.0,4873.0,1.3291666666666633,42.533333333333225,32.0,68,,121.14688569265175,171.3877839837719,342.7755679675438,33.96228587511378,7.116198483277609,20.636254053022608,8.208953796489956
-31.65574047619047,117.25560238095238,5174.0,5198.0,1.8750000000000295,45.00000000000071,24.0,70,,119.52615757733807,126.82119204809437,253.64238409618875,41.54266889234581,3.6784296339025278,10.575826616347612,4.027655200051558
-31.654090476190476,117.25590238095239,5198.0,5222.0,2.0089285714285783,48.21428571428588,24.0,72,,117.58824557364818,124.76500355033194,249.53000710066388,41.078269361232714,4.801150926720637,12.184651457430682,4.177177277697107
-31.65265952380952,117.25580952380952,5222.0,5246.0,2.49999999999998,59.99999999999952,24.0,74,,117.7913521601629,124.98050633178754,249.96101266357508,41.12725251482565,2.188164733350525,5.429963188913057,1.747304069439312
-31.651257142857144,117.25589523809523,5246.0,5270.0,3.098214285714325,74.3571428571438,24.0,76,,114.4653013562638,121.4514568223521,242.9029136447042,40.31584981729588,4.272552406456525,11.243919503387175,3.6080519171806826
-31.650185714285715,117.25593333333333,5270.0,5294.0,2.616071428571435,62.78571428571444,24.0,78,,117.90899407802313,125.10532828340264,250.21065656680528,41.15559077706007,4.588106744147537,11.144501331772297,2.827431020229575
-31.64935476190476,117.25588571428571,5294.0,5318.0,2.3125000000000187,55.50000000000045,24.0,80,,120.09645592805785,127.4262973917891,254.8525947835782,41.67807873656846,2.4953911301975324,6.593369066860568,2.244050466546784
-31.647754166666665,117.25585416666667,5318.0,5346.0,1.6666666666666938,46.666666666667425,28.0,82,,122.28007336721313,151.3670520291346,302.7341040582692,37.84624803441765,6.209758027473093,19.654255900070336,5.900377168935967
-31.60942222222222,117.54488888888889,6116.0,6148.0,2.237499999999979,71.59999999999933,32.0,84,,126.2530148389916,178.61147903893266,357.2229580778653,35.06656129022386,6.561362477701097,19.030058009516534,5.3720640018548504
-31.607768749999998,117.54605208333334,6148.0,6176.0,2.1309523809523996,59.66666666666719,28.0,86,,124.53011306553705,154.15231267467766,308.3046253493553,38.35351227123774,6.003360958196789,13.08244402633089,4.288434511848197
-31.60611666666666,117.54733333333331,6176.0,6200.0,1.6607142857142847,39.85714285714283,24.0,88,,126.01983002701516,133.71119250933282,267.42238501866564,43.05133924459261,8.134947519683305,21.446632218448393,5.134906841042391
-31.60478333333333,117.54815476190477,6200.0,6224.0,2.2500000000000355,54.00000000000085,24.0,90,,124.46615063121308,132.06268747051993,264.12537494103987,42.69692878219191,5.312399249256084,13.166372803153124,4.9361999465187285
-31.60323333333333,117.54799047619049,6224.0,6248.0,1.0089285714285745,24.214285714285786,24.0,92,,127.17906783516293,134.94118202523768,269.88236405047536,43.313133441713134,6.021505463430828,18.307547575244577,7.560016422001863
-31.602420833333333,117.54799375,6248.0,6276.0,2.065476190476193,57.8333333333334,28.0,94,,121.24709761947588,150.0883605019957,300.1767210039914,37.61100097022082,4.4356705192853445,12.575617134476317,3.5473903196095002
-31.600828571428572,117.54790476190476,6276.0,6300.0,1.6428571428571555,39.42857142857173,24.0,96,,121.94832222449716,129.3911885586131,258.7823771172262,42.11387794841327,5.227190279443812,14.952844249068981,4.828305162054745
-31.615121428571427,117.69375000000001,6608.0,6632.0,2.8928571428571392,69.42857142857135,24.0,98,,118.96107046060231,126.22161599538742,252.44323199077485,41.40793468052175,3.925942817553358,9.430432983918301,3.269230538535787
-31.613854761904758,117.6933857142857,6632.0,6656.0,3.035714285714294,72.85714285714306,24.0,100,,124.82212016344872,132.4403828748227,264.8807657496454,42.778488967612105,4.088050414791797,12.21496093991884,5.149874360050619
-31.6124,117.6926119047619,6656.0,6680.0,3.08035714285716,73.92857142857184,24.0,102,,120.78580212913978,128.1577164278145,256.315432855629,41.840997656355974,4.147249828364729,10.542248158757282,2.610213796182421
-31.61097619047619,117.69255,6680.0,6704.0,3.580357142857144,85.92857142857146,24.0,104,,120.00411264056729,127.3283181206859,254.6566362413718,41.65619159235692,3.5113534831063595,8.009379595359277,3.0216306224117204
-31.609738095238093,117.69236666666667,6704.0,6728.0,3.83035714285716,91.92857142857184,24.0,106,,122.74297787609513,130.23434439199792,260.46868878399584,42.29906719746085,3.590005746172193,9.795576823891118,3.43731849719713
-31.60814285714286,117.69230476190475,6728.0,6752.0,3.901785714285714,93.64285714285714,24.0,108,,124.0001888181325,131.56828663156105,263.1365732631221,42.589842320467646,4.0551000607543415,10.20832744961271,3.2621413036445914
-31.60665238095238,117.69245714285714,6752.0,6776.0,3.0892857142856953,74.14285714285668,24.0,110,,124.60236344203382,132.20721375155034,264.4144275031007,42.72816337629922,4.515997369688167,11.073273049698372,3.5007383008414976
-31.605533333333334,117.6926119047619,6776.0,6800.0,3.4464285714285956,82.71428571428629,24.0,112,,124.72338044010066,132.33561677448688,264.67123354897376,42.75588709714691,1.9427049246491035,4.452735844772192,1.716106751821728
-31.604811904761902,117.69281428571428,6800.0,6824.0,3.419642857142907,82.07142857142976,24.0,114,,124.52408843169788,132.12416138611346,264.2483227722269,42.71021818606436,3.140882999444912,7.698818448590195,2.9198678344825297
-31.603599999999997,117.69207051282054,6824.0,6845.0,2.7585816062176676,57.93021373057102,21.0,116,,128.15504883849826,118.9796387781765,237.959277556353,47.353903903784584,8.673341953948299,32.86055247016034,9.870117039579982
-31.60344513888889,117.69236388888889,6845.0,6874.0,2.106992191006196,61.10277353917969,29.0,118,,128.206139029635,164.37071724375065,328.7414344875013,38.186361930049095,6.271875296650444,25.703948437012386,5.128177761252716
-31.602626190476194,117.69292142857144,6874.0,6898.0,2.8124999999999907,67.49999999999977,24.0,120,,127.8709414574245,135.67528273842316,271.3505654768463,43.46831460827071,3.135994942158445,7.612177005445709,2.1515617618738845
-31.601614814814816,117.69343888888888,6898.0,6930.0,1.4874999999999663,47.59999999999892,32.0,122,,125.62333340845585,177.72066204121765,355.4413240824353,34.931963392781164,6.023951925253851,16.7474897188778,4.3962554614314096
-31.64466666666667,117.63574629629628,8100.0,8132.0,0.9999999999999823,31.999999999999435,32.0,124,,121.39685012778189,171.74141132108866,343.4828226421773,34.0170269513316,7.3601859754087835,16.737189801236415,5.136554477953781
-31.64299375,117.63702083333332,8132.0,8160.0,1.8988095238095373,53.16666666666704,28.0,126,,122.18618867500379,151.25083481811188,302.50166963622377,37.824928703178564,9.216952098699675,23.146239407165012,6.65950929665546
-31.641623809523814,117.63758571428572,8160.0,8184.0,2.0089285714285667,48.2142857142856,24.0,128,,113.95408567265531,120.90904013546948,241.81808027093896,40.18937516003387,4.735132423384547,13.410253397491154,4.70533875048587
-31.640602777777776,117.63791944444444,8184.0,8204.0,0.9571428571428695,19.14285714285739,20.0,130,,114.75162638460212,101.46271426079882,202.92542852159764,45.589494607365765,6.558632220843778,16.167234404839505,7.806841942427525
-31.63957962962963,117.63757592592593,8204.0,8236.0,0.9958333333333066,31.86666666666581,32.0,132,,110.04224536828967,155.6779315492847,311.3558630985694,31.45878538539472,6.475859265632034,18.355351328488023,7.064071833436848
-31.640402083333335,117.63837708333332,8288.0,8316.0,2.014880952380978,56.41666666666738,28.0,134,,120.75689963123656,149.4815582459358,298.9631164918716,37.498840993840055,3.06119066446389,8.778564363613896,2.4982596084259563
-31.638952083333333,117.63930833333333,8316.0,8344.0,1.4166666666666665,39.666666666666664,28.0,136,,123.58295726888043,152.97985524310843,305.95971048621686,38.14083717449719,5.648503284430517,18.591784805981185,7.01992850757469
-31.636795833333334,117.64008749999999,8344.0,8372.0,1.961309523809551,54.91666666666743,28.0,138,,126.76453540668416,156.91824103449954,313.8364820689991,38.85031941786496,5.307530190951814,13.249535548635308,5.220992078169442
-31.634445833333334,117.64075416666667,8372.0,8400.0,1.6130952380952572,45.166666666667204,28.0,140,,128.65395517380912,159.25710044404877,318.51420088809755,39.2650747106885,5.806687166159681,15.59971158892224,5.47809754126045
-31.632141666666666,117.64123958333333,8400.0,8428.0,1.5744047619047834,44.08333333333393,28.0,142,,129.6938418094728,160.5443467643238,321.0886935286476,39.49127257565926,4.529276310803334,14.537157128683255,5.4807992090709865
-31.630609259259263,117.6422,8428.0,8460.0,1.4874999999999663,47.59999999999892,32.0,144,,124.47947458482302,176.1024328325026,352.2048656650052,34.68632309415474,5.108687346741626,15.800659164155523,4.4674301177159865
-31.62835714285714,117.64287857142855,8460.0,8484.0,1.928571428571466,46.28571428571518,24.0,146,,126.93388599679086,134.68103601501588,269.36207203003175,43.25795035260889,7.808114080122208,21.45213487459135,7.726381199024876
-31.62652142857143,117.64291428571428,8484.0,8508.0,2.089285714285727,50.142857142857444,24.0,148,,126.52514440934235,134.24734772108482,268.49469544216964,43.165732011199424,3.8960629553700574,8.735172626558324,3.446503711052628
-31.624826190476192,117.64294761904762,8508.0,8532.0,2.2232142857143113,53.35714285714347,24.0,150,,127.44916839743294,135.22776762268552,270.45553524537104,43.373809196062744,4.222609179113545,11.033302619795627,4.127310492336315
-31.623224999999998,117.64324166666667,8532.0,8560.0,2.3333333333333557,65.33333333333395,28.0,152,,123.1455922671393,152.4384534500668,304.8769069001336,38.04221032257894,5.7236227912664095,13.902395410236775,5.658151701527903
-31.621797916666665,117.64314583333334,8560.0,8588.0,2.0625000000000386,57.75000000000108,28.0,154,,122.56378391258589,151.71824930682752,303.43649861365503,37.91059816332134,3.7869077743653454,10.671853792229669,4.479099611007967
-31.620483333333336,117.64429629629629,8588.0,8620.0,2.1749999999999785,69.59999999999931,32.0,156,,123.33497904946223,174.48330286095347,348.96660572190694,34.439078463737836,5.876425932874117,14.545828211597424,5.03651943725175
-31.619010416666665,117.64490416666666,8620.0,8648.0,1.6279761904762007,45.58333333333362,28.0,158,,121.10926404473668,149.91774020954415,299.8354804190883,37.579498010058956,4.733024032682082,13.730194379762978,5.713296320695659
-31.616635416666668,117.64687083333334,8684.0,8712.0,2.184523809523826,61.16666666666713,28.0,160,,125.00350511386794,154.73831133199522,309.47662266399044,38.459342264962416,2.359368946208306,6.737401526313576,3.1263670701711868
-31.9133,117.2956619047619,9896.0,9920.0,1.892857142857147,45.42857142857153,24.0,162,,120.55541187482925,127.91326477572302,255.82652955144604,41.78663962397811,5.618374034056353,15.467580382049462,5.816503686496757
-31.91137857142857,117.29407142857143,9920.0,9944.0,2.6339285714285885,63.21428571428612,24.0,164,,115.08180119889208,122.10558347148321,244.21116694296643,40.46774403568551,6.111131125301288,14.884182483194941,4.805121704462735
-31.909794444444447,117.29326944444445,9944.0,9964.0,2.421428571428536,48.42857142857072,20.0,166,,115.01119937677362,101.69222717633907,203.38445435267815,45.65420888987179,3.279143664572945,8.146529822595738,3.5147633587973175
-31.90829722222222,117.29245555555558,9964.0,9984.0,2.921428571428554,58.428571428571075,20.0,168,,116.91367993010772,103.37438931077978,206.74877862155955,46.12398529169593,4.980496752552127,10.473451999677287,5.106348728885122
-31.906805555555554,117.29156388888889,9984.0,10004.0,2.785714285714262,55.71428571428524,20.0,170,,117.16799976746465,103.59925741767802,207.19851483535604,46.18618415044339,4.061771592254131,9.565286372832666,4.735285639510764
-31.905304761904766,117.29081428571429,10004.0,10028.0,2.741071428571461,65.78571428571506,24.0,172,,118.78207702354977,126.03169806013463,252.06339612026926,41.36514019336453,3.7830547659118317,10.077152402450153,3.2940969560049767
-31.90368571428571,117.29035714285715,10028.0,10052.0,2.5089285714285863,60.21428571428607,24.0,174,,122.69197276949345,130.180226293074,260.360452586148,42.287213377113765,3.296565036761382,7.665328463913646,4.090323361320462
-31.902290476190476,117.28962380952382,10052.0,10076.0,2.2053571428571463,52.928571428571516,24.0,176,,124.406114667858,131.99898733497832,263.99797466995665,42.6831521116714,4.345239672321591,11.721409854234487,4.045607063879396
-31.900780952380956,117.28911428571428,10076.0,10100.0,2.1964285714285636,52.71428571428552,24.0,178,,122.49926868315666,129.97576090711064,259.9515218142213,42.242387770846356,3.3672663754119445,7.402491159073563,3.605069297800836
-31.899416666666667,117.28806875,10100.0,10128.0,0.8482142857142998,23.750000000000394,28.0,180,,118.99291049992055,147.29796588075217,294.59593176150435,37.09242977387491,10.175307097783106,30.103944438450224,11.32814216612735
-31.99555,117.13365625,10701.0,10729.0,1.3898809523809628,38.916666666666956,28.0,182,,105.70693749061033,130.85163482795153,261.70326965590306,33.88794310706659,3.4243523102145588,10.627152116808322,3.2479564882571723
