lat,lon,t_start,t_end,climb_rate_ms,alt_gain_m,duration_s,circle_id,seg_id,avg_speed_kmh,turn_radius_m,circle_diameter_m,bank_angle_deg,bank_std_deg,bank_range_deg,bank_masd_deg
-32.12416989247312,116.9695193548387,661.0,691.0,1.9366935483871037,58.10080645161311,30.0,0,,103.0083452969573,136.6190611143962,273.2381222287924,31.42013533162819,11.25379367396301,44.419912162331485,8.714068373978208
-32.12351724137931,116.97000632183908,691.0,719.0,1.4743842364531994,41.282758620689584,28.0,2,,97.00786179683293,120.0832945179886,240.1665890359772,31.64936396189723,6.978807886060999,25.322873782006354,10.151437603343279
-32.12278833333333,116.97071666666668,719.0,748.0,1.4738598442713955,42.74193548387047,29.0,4,,95.80866965917717,122.83452157004993,245.66904314009986,30.446181843342487,6.3747206230333955,26.332276776062326,7.059184494452771
-32.12133541666667,116.97115000000001,790.0,821.0,0.4963343108504844,15.386363636365017,31.0,6,,93.86314541319203,128.63952515737475,257.2790503147495,28.311059801269405,9.045720600723246,30.88240345694865,9.861622113240253
-32.11901666666667,116.97172708333333,855.0,886.0,0.5361070381231943,16.619318181819022,31.0,8,,91.23460065107778,125.03710219823793,250.07420439647586,27.63691242115102,7.809233492625659,31.648923355869506,9.765106819679955
-32.118085416666666,116.97200624999999,886.0,917.0,0.16825513196483713,5.215909090909951,31.0,10,,93.85488806860248,128.62820845919268,257.25641691838536,28.308955226389806,7.933040839055873,31.37294364752946,9.69874320051454
-32.138716091954024,116.97410919540228,1683.0,1710.0,2.1281314765662334,57.4595498672883,27.0,12,,97.06110878368675,115.85816433677945,231.7163286735589,32.60186690909277,10.982845514767938,61.63478089371047,8.970502391805914
-32.13826858974359,116.97419038461538,1710.0,1734.0,1.6538427626744963,39.69222630418791,24.0,14,,100.94585768101126,107.10688156389276,214.2137631277855,36.80813393658438,9.399625442212702,45.66768507015013,10.090034987603218
-32.138083928571426,116.97414166666667,1734.0,1760.0,1.0149218123061263,26.387967119959285,26.0,16,,97.15509881773694,111.67515828028726,223.35031656057453,33.61654381640845,8.685662128927948,47.14952613849441,8.992918994417915
-32.13760049019608,116.97370931372548,1760.0,1792.0,-0.05236780298935791,-1.6757696956594532,32.0,18,,97.62415926126725,138.10993343663216,276.2198668732643,28.491773918453863,9.82999628628497,54.59357890103415,10.679188891556368
-32.06199102564103,117.00174935897437,2116.0,2141.0,1.4943589743589971,37.358974358974926,25.0,20,,103.30998414180661,114.18260171467945,228.3652034293589,36.32364976744559,7.942028021003164,32.52834342544057,9.501592026288439
-31.97661851851852,117.04880987654322,2458.0,2484.0,0.7808302808302753,20.30158730158716,26.0,22,,91.18264905691201,104.81011176726348,209.62022353452696,31.96194889479237,9.879571200539363,31.538815391298233,11.346066529699346
-31.975476767676767,117.04954848484849,2484.0,2516.0,0.9104278074866072,29.13368983957143,32.0,24,,95.21091127172907,134.69588591270698,269.39177182541397,27.894626091447893,6.802661568391062,25.040684419406723,9.50724981087253
-31.974972777777776,117.04999611111111,2516.0,2545.0,0.9884315906562794,28.6645161290321,29.0,26,,95.85638540399417,122.89569704307135,245.7913940861427,30.458645916953756,6.662911109835684,30.95431253851241,7.259096140379308
-31.96164230769231,117.05582564102565,2645.0,2670.0,2.8225641025640966,70.56410256410241,25.0,28,,98.15749972324768,108.48785612844594,216.97571225689188,34.9358741399309,7.252514277079647,23.97669935990728,7.467179887989732
-31.960976923076924,117.05580448717949,2670.0,2695.0,1.8878632478632744,47.19658119658186,25.0,30,,100.58937395481829,111.17566727380891,222.35133454761782,35.59688328772674,9.50177211375993,38.17470896016201,8.67303799602221
-31.9605152173913,117.05667826086956,2695.0,2717.0,1.9545454545454581,43.00000000000008,22.0,32,,100.04738433310797,97.30744075573143,194.61488151146287,38.975626089518464,8.036200948345678,33.04483335383841,8.267365199814048
-31.960147777777774,117.05710500000002,2717.0,2746.0,1.2335928809788697,35.77419354838722,29.0,34,,93.53648586382297,119.92139679319608,239.84279358639216,29.84896184707595,9.848236595864488,39.19425446017535,9.470024055251013
-31.761412365591394,117.14816129032259,3431.0,3461.0,1.5536290322580504,46.60887096774151,30.0,36,,95.71913686828701,126.95144817564633,253.90289635129267,29.581707458131294,7.956418327631839,31.049983429759216,9.993305101507834
-31.76035747126437,117.14893735632185,3461.0,3489.0,1.3064039408866945,36.57931034482745,28.0,38,,98.15380828651011,121.50182933849584,243.00365867699168,31.950708271847617,6.908055104600665,30.238534058142434,7.630260798935826
-31.757598148148148,117.1497135802469,3522.0,3548.0,2.9945054945055083,77.85714285714322,26.0,40,,98.99520012964362,113.79026708836382,227.58053417672764,34.11395526375493,6.6122186586702725,26.052707386098767,10.046775557728632
-31.70577888888889,117.18874777777775,3859.0,3888.0,1.2705228031145777,36.84516129032275,29.0,42,,103.92475572911061,133.24000525924055,266.4800105184811,32.52045202814196,7.751581250855544,26.468459205223784,8.369363313492112
-31.70503072916667,117.18794739583333,3888.0,3919.0,1.9739736070381522,61.193181818182715,31.0,44,,104.85059321519958,143.69783224605922,287.39566449211844,31.03751085740658,6.571904330187512,24.36240477956347,7.404999446431363
-31.70470178571428,117.18797321428572,3919.0,3946.0,1.3776683087027666,37.1970443349747,27.0,46,,102.59843780366938,122.46786397470272,244.93572794940545,34.06105912731848,7.907112740321804,30.307126921405,9.996114977009496
-31.649048214285717,117.24218630952382,4227.0,4254.0,1.163382594417095,31.411330049261565,27.0,48,,98.53990095063239,117.62334246059176,235.24668492118352,32.996345565986225,7.550468241344977,26.33136597547449,7.979441260391142
-31.648355555555558,117.24237000000002,4254.0,4283.0,2.349054505005563,68.12258064516132,29.0,50,,101.88654501412071,130.62685303694838,261.25370607389675,32.00818077809243,7.617627752735094,27.40311454364359,8.607253824613787
-31.648209876543213,117.24224197530866,4283.0,4309.0,2.352869352869375,61.17460317460375,26.0,52,,100.94040489552715,116.02618731037026,232.05237462074052,34.6334914717421,5.837115161206012,23.387277501193527,7.4927893089053414
-31.707542528735633,117.30162931034484,4575.0,4603.0,2.4748768472906417,69.29655172413797,28.0,54,,97.5323615774506,120.73255799482352,241.46511598964705,31.78753318995836,6.5609975927366095,24.81995700577719,7.090074531973111
-31.70782361111111,117.30186180555556,4603.0,4626.0,4.14173913043478,95.25999999999993,23.0,56,,96.66981976362777,98.29612007034194,196.59224014068388,36.78825238317139,5.909832479331132,21.402857671092008,4.042015802357303
-31.707419333333334,117.30180799999998,4626.0,4650.0,3.347692307692354,80.3446153846165,24.0,58,,94.13499980605178,99.88033691391833,199.76067382783665,34.90840476293197,6.8086908288804615,31.15015721553144,9.161006360272841
-31.706868589743593,117.30203846153846,4650.0,4675.0,2.9452991452991855,73.63247863247963,25.0,60,,98.73196214827665,109.12277650736205,218.2455530147241,35.092992785043954,4.561714093960715,17.57839728885397,5.707607486217351
-31.70612976190476,117.3022982142857,4675.0,4702.0,1.8935413245758388,51.12561576354765,27.0,62,,98.4825184579226,117.55484715537901,235.10969431075802,32.98110362000297,6.582097348579696,25.775646102286583,6.082736310947056
-31.705595512820516,117.30262179487178,4702.0,4727.0,1.1541880341880442,28.854700854701104,25.0,64,,97.6053708430494,107.8776197360338,215.7552394720676,34.78429438163264,6.276937772901219,26.35170953517274,8.701244034540172
-31.70539114583333,117.30320312500001,4727.0,4758.0,0.7593475073314567,23.53977272727516,31.0,66,,95.81625416439653,131.31626245644622,262.63252491289245,28.806513590380035,8.870413020942655,42.316656174473664,7.992377490333012
-31.838579797979794,117.41366515151516,5245.0,5277.0,1.682486631016029,53.839572192512925,32.0,68,,95.93891791118735,135.72580462624924,271.4516092524985,28.075470889981716,12.844588160923093,43.71839840486018,9.481754192471913
-31.83872083333333,117.41360892857143,5277.0,5304.0,1.3158182813355321,35.527093596059366,27.0,70,,96.38856752355166,115.0553773419013,230.1107546838026,32.42130262955386,9.542509981464937,39.7087503974359,9.70814201962012
-31.83775133333333,117.413242,5304.0,5328.0,1.9792307692307725,47.50153846153854,24.0,72,,98.73155961288751,104.75743834375456,209.51487668750912,36.200482983612865,5.604043612367676,18.061538023720818,7.371853391902524
-31.837174305555553,117.4129423611111,5328.0,5351.0,1.591739130434762,36.60999999999952,23.0,74,,95.43144142051537,97.03690818182565,194.0738163636513,36.43461536387008,6.003650373452803,23.261086664225886,6.491838277612043
-31.836709999999997,117.41266399999999,5351.0,5375.0,1.7753846153846098,42.609230769230635,24.0,76,,93.48371843665278,99.18930591869494,198.37861183738988,34.72195078138706,7.5053193834912655,28.976501922958754,8.205771662374136
-31.836225,117.41237243589745,5375.0,5400.0,1.4177777777777874,35.444444444444684,25.0,78,,94.22065292108083,104.13668509538778,208.27337019077555,33.842809594288774,6.687567959278759,23.889823896406952,8.968355155299308
-31.89886923076923,117.49133205128204,5694.0,5719.0,3.298803418803436,82.47008547008589,25.0,80,,94.017779720649,103.91246097962669,207.82492195925337,33.7857068928266,5.791539007453221,29.319714208123642,6.773959395387473
-31.89830512820513,117.49170897435897,5719.0,5744.0,2.847179487179493,71.17948717948732,25.0,82,,92.75752658057382,102.51957544636247,205.03915089272493,33.42927386829283,6.987710199212222,34.42910852846262,8.652328731798272
-31.89765185185185,117.49211111111111,5744.0,5770.0,3.0525030525030457,79.36507936507918,26.0,84,,99.37516354061427,114.22701693039184,228.45403386078368,34.215944809354916,6.033913389194494,23.352038660846087,8.394888351797492
-31.89681728395062,117.49249197530864,5770.0,5796.0,2.910256410256434,75.66666666666728,26.0,86,,103.08073617533151,118.48639616562352,236.97279233124704,35.19771798705709,5.88725007707562,18.306754176231042,8.80094422311877
-31.89609139784946,117.49320913978495,5796.0,5826.0,1.945161290322575,58.35483870967725,30.0,88,,100.57777283471243,133.39541426515197,266.79082853030394,30.814838523666502,7.5942125787069985,31.40945825094029,9.796980055905571
-31.894944666666664,117.49373466666665,5826.0,5850.0,2.676923076923036,64.24615384615286,24.0,90,,102.92075221435506,109.20230974433828,218.40461948867656,37.34207488107588,9.617098875963125,30.955251120169184,8.998238386168707
-32.070152777777786,117.64457722222224,6505.0,6534.0,0.004894327030034667,0.14193548387100535,29.0,92,,93.8612403961801,120.33775856663159,240.67551713326318,29.93476311931644,6.783418723126151,26.58474078368316,10.161573206078542
-32.063632812499996,117.63525,6609.0,6640.0,1.032624633431111,32.01136363636444,31.0,94,,91.58015567713664,125.51068567205266,251.02137134410532,27.726018348611447,8.453948821420253,32.10423191356999,11.708487770196017
-32.06266822916667,117.63516770833334,6640.0,6671.0,1.2564149560117603,38.94886363636457,31.0,96,,92.19461370962341,126.35280095787945,252.7056019157589,27.884105198844313,7.893634700465416,34.71145182885196,9.240286341973775
-32.061360256410254,117.63546923076923,6704.0,6729.0,1.9415384615385036,48.53846153846259,25.0,98,,96.42582992906533,106.57394079825812,213.14788159651624,34.458592409850894,7.1923209138876825,24.66814957873043,8.829152340011824
-32.06052738095237,117.6351994047619,6729.0,6756.0,1.8396278051450645,49.66995073891674,27.0,100,,96.62980124884294,115.34332889055565,230.6866577811113,32.48615263621811,7.613702284747038,28.33779675440203,10.673667280309237
-32.05967239583333,117.63530052083334,6756.0,6787.0,0.8997434017595601,27.892045454546363,31.0,102,,92.34875956868689,126.56405799627946,253.12811599255892,27.92369142047663,7.096118394678391,28.525539870149828,9.12098465242965
-32.057742222222224,117.63470888888887,6825.0,6854.0,1.2451612903225924,36.10967741935518,29.0,104,,94.32112162491526,120.92736377576018,241.85472755152037,30.056012626159237,9.539763559791774,38.306140410796004,12.002256542394447
-32.05689797979798,117.63485303030303,6854.0,6886.0,0.9304812834224424,29.775401069518157,32.0,106,,95.00853232544162,134.40957827111254,268.8191565422251,27.844245219424018,5.726013082478703,23.68551143898162,7.084578812739468
-32.065415555555546,117.55444277777777,7385.0,7414.0,1.7038932146829757,49.412903225806296,29.0,108,,102.0733323992801,130.86632968528298,261.73265937056595,32.05536755055905,6.844197766263903,26.420911959304817,8.446874266417376
-32.06431344086022,117.55442741935485,7414.0,7444.0,1.2794354838709687,38.38306451612906,30.0,110,,97.54590928245804,129.37428033913997,258.74856067827994,30.04896993225849,6.350896707638157,31.213408573781038,7.026824306203522
-32.056619999999995,117.55157466666668,7533.0,7557.0,2.6238461538461317,62.97230769230716,24.0,112,,103.06980468334011,109.36045932579843,218.72091865159686,37.382068678168345,5.95453261047404,25.23492539643303,7.0097913851361175
-32.056271153846154,117.55193333333334,7557.0,7582.0,2.372307692307713,59.307692307692825,25.0,114,,101.79904097806106,112.51264287272798,225.02528574545596,35.92167787560943,6.695573222084295,26.839250104421094,8.643968605539785
-32.0558037037037,117.55221296296297,7582.0,7608.0,2.164835164835186,56.28571428571484,26.0,116,,104.85706676281312,120.52820356357873,241.05640712715746,35.66011520206135,8.779419859071739,30.417334479122353,11.656870560694948
-32.05538035714286,117.55258392857142,7608.0,7635.0,1.737821565407797,46.92118226601052,27.0,118,,104.50674715619792,124.7457404727283,249.4914809454566,34.55264816364126,6.2963740253612475,26.412791078457445,6.77896479224568
-32.054722,117.55287666666668,7635.0,7659.0,1.2984615384615348,31.163076923076837,24.0,120,,104.03427384666251,110.3837928911482,220.7675857822964,37.63982659086061,4.612653647953404,17.794399165980902,5.278450765707882
-32.054094047619046,117.55292916666667,7659.0,7686.0,0.9247400109468847,24.967980295565887,27.0,122,,101.15706837624526,120.74735595573209,241.49471191146418,33.685932590665615,5.477745596552091,21.70849786847854,4.361262172062212
-32.065642857142855,117.48078809523808,7907.0,7934.0,1.641488779419827,44.32019704433533,27.0,124,,95.3614470365766,113.82934257200357,227.65868514400714,32.14413990936733,5.827604699627766,22.58141037503869,6.191445888271769
-32.0649037037037,117.48111728395062,7934.0,7960.0,1.3803418803419167,35.88888888888984,26.0,126,,98.92000128409771,113.70382959737233,227.40765919474467,34.09374121681087,7.080999293549422,28.013033727928388,7.8342394180413715
-32.0642625,117.4813892857143,7960.0,7987.0,1.2233169129720738,33.02955665024599,27.0,128,,96.61989566517805,115.33150497102208,230.66300994204417,32.48349159118121,6.994838808593588,27.537705467648454,7.804656508259148
-32.06346868686869,117.48111414141414,7987.0,8019.0,0.905748663101577,28.983957219250463,32.0,130,,95.18678682133776,134.66175679689232,269.32351359378464,27.888622932087817,8.750876681829022,37.02801553353044,8.984309463478317
-32.06310104166667,117.47986354166667,8019.0,8050.0,0.8154325513196733,25.27840909090987,31.0,132,,95.98426039246549,131.5465151430266,263.0930302860532,28.848914559393407,11.100891083274854,42.014577979002986,14.325668705090868
-32.06288103448276,117.47921609195403,8050.0,8078.0,1.267980295566468,35.5034482758611,28.0,134,,98.5983354312929,122.05209694629022,244.10419389258044,32.06707468497137,6.609020324470385,24.505592589661184,7.801538540696778
-32.06166363636364,117.4788984848485,8078.0,8110.0,1.5915775401069303,50.93048128342177,32.0,136,,101.26931749903156,143.26677745345287,286.53355490690575,29.381082960432717,12.561425040620424,40.89209680770726,8.32282978837812
-32.060094827586205,117.47727011494254,8110.0,8138.0,1.7448275862068514,48.85517241379184,28.0,138,,99.4574859626662,123.1156151435087,246.2312302870174,32.29114246019454,12.457578207484906,40.99227964806992,6.0393084217746935
-32.059241666666665,117.47632797619049,8138.0,8165.0,1.0205254515599806,27.55418719211948,27.0,140,,94.29982867971499,112.56212900321638,225.12425800643277,31.855886467951137,7.705601452321301,34.67366936319102,8.219757634359606
-32.0627435483871,117.43346827956991,8339.0,8369.0,1.0778225806452013,32.33467741935604,30.0,142,,106.04692737970812,140.64910576823172,281.29821153646344,32.16600138776164,9.003957527473203,36.17854737807311,8.788956424621082
-32.080704022988506,117.31616781609195,8754.0,8782.0,1.8862068965517078,52.81379310344782,28.0,144,,97.48018781055445,120.66797356114716,241.33594712229433,31.77380747547601,9.311128511490493,36.6636034986672,9.783500975391696
-32.079988,117.31593,8782.0,8806.0,0.9092307692307519,21.821538461538044,24.0,146,,97.73292733694578,103.69785659010633,207.39571318021265,35.92330677674863,8.559702770634154,29.22203413263642,10.400693394728103
-32.079101785714286,117.31580833333332,8806.0,8833.0,1.1204159824849598,30.251231527093914,27.0,148,,98.73816884180884,117.86000732262029,235.72001464524058,33.04896900144395,8.1125968841112,35.631859658604526,10.25285573695315
-32.07785172413793,117.3157172413793,8833.0,8861.0,1.501970443349751,42.055172413793024,28.0,150,,97.7879358100049,121.04892612489634,242.09785224979268,31.854710018594076,10.161474032408888,36.25188347497087,8.047514187723474
-32.07714047619048,117.31611964285715,8861.0,8888.0,1.2419266557198014,33.53201970443464,27.0,152,,96.3524927064473,115.0123162009266,230.0246324018532,32.411596739576936,6.005117129989031,20.59674266390079,7.159099711665462
-32.07590574712644,117.31619770114942,8888.0,8916.0,1.6453201970443412,46.06896551724155,28.0,154,,96.62191698827587,119.60554433099131,239.21108866198261,31.54743123876904,8.278483760283244,33.69345897381551,8.360409575479464
-32.07497666666667,117.31639333333332,8916.0,8940.0,1.2376923076923179,29.70461538461563,24.0,156,,98.61365265153209,104.63233517225684,209.2646703445137,36.16785884183256,9.112034496964961,34.479065348958386,8.516269579359461
-32.0743734375,117.31623697916667,8940.0,8971.0,0.8878299120235127,27.522727272728893,31.0,158,,95.1688702777743,130.42902225793148,260.85804451586296,28.64280563404265,7.08129802465775,28.671242830762417,6.777007224210156
